pathology:1abblock
group:conduction
title:1° AV Block
name:Атриовентрикулярная блокада 1 степени
leads:12

lead:I
count:654
points:1024,1024,1024,1025,1025,1026,1026,1027,1028,1029,1030,1032,1033,1034,1036,1038,1039,1041,1043,1045,1047,1049,1051,1053,1055,1057,1059,1061,1064,1066,1068,1070,1071,1073,1075,1077,1078,1080,1082,1083,1084,1085,1086,1087,1088,1089,1090,1090,1090,1091,1091,1090,1090,1090,1090,1089,1088,1087,1086,1085,1084,1083,1082,1080,1078,1077,1075,1073,1071,1070,1068,1066,1064,1061,1059,1057,1055,1053,1051,1049,1047,1045,1043,1041,1039,1038,1036,1034,1033,1032,1030,1029,1028,1027,1026,1026,1025,1025,1024,1024,1024,1024,1024,1024,1024,1024,1024,1024,1024,1024,1024,1024,1024,1024,1024,1024,1024,1024,1024,1024,1024,1024,1024,1024,1024,1024,1024,1024,1024,1024,1024,1024,1024,1024,1024,1024,1024,1024,1024,1024,1024,1024,1024,1024,1024,1024,1024,1024,1024,1024,1024,1024,1024,1024,1024,1024,1024,1024,1024,1024,1024,1024,1024,1024,1024,1024,1024,1024,1024,1024,1024,1024,1024,1024,1024,1024,1024,1024,1023,1023,1023,1023,1023,1023,1023,1023,1023,1023,1023,1023,1023,1023,1023,1022,1022,1022,1022,1022,1022,1022,1022,1022,1022,1021,1021,1021,1021,1021,1021,1021,1021,1020,1020,1020,1020,1020,1020,1020,1019,1019,1019,1019,1019,1018,1018,1018,1018,1018,1017,1017,1017,1017,1016,1016,1016,1016,1015,1015,1015,1014,1014,1014,1013,1013,1013,1012,1012,1011,1011,1010,1009,1009,1008,1006,1004,1003,1003,1001,1000,998,995,992,989,983,983,1001,1019,1037,1055,1073,1091,1108,1126,1144,1162,1180,1198,1216,1234,1252,1270,1288,1306,1324,1341,1359,1377,1395,1413,1431,1449,1427,1406,1384,1362,1341,1320,1299,1278,1258,1237,1217,1198,1179,1160,1142,1124,1107,1090,1074,1058,1043,1028,1015,1002,989,977,967,956,947,938,930,923,917,911,907,903,900,898,896,896,922,943,962,977,990,1000,1008,1014,1018,1021,1023,1024,1024,1024,1024,1024,1024,1024,1024,1024,1024,1024,1024,1024,1024,1024,1024,1024,1024,1024,1024,1024,1024,1024,1024,1024,1024,1024,1024,1024,1024,1024,1024,1024,1024,1024,1024,1024,1024,1024,1024,1024,1024,1024,1024,1024,1024,1024,1024,1024,1024,1024,1024,1024,1024,1024,1024,1024,1024,1024,1024,1024,1024,1024,1024,1024,1024,1024,1024,1024,1024,1024,1024,1024,1024,1024,1024,1024,1024,1024,1024,1024,1024,1024,1024,1024,1024,1024,1024,1024,1025,1025,1025,1026,1026,1027,1028,1028,1029,1030,1031,1032,1033,1034,1035,1036,1037,1038,1039,1041,1042,1043,1045,1046,1048,1049,1051,1053,1054,1056,1058,1059,1061,1063,1065,1066,1068,1070,1072,1074,1076,1078,1080,1082,1084,1085,1087,1089,1091,1093,1095,1097,1099,1101,1103,1104,1106,1108,1110,1112,1113,1115,1117,1118,1120,1122,1123,1125,1126,1127,1129,1130,1132,1133,1134,1135,1136,1137,1138,1139,1140,1141,1142,1143,1143,1144,1144,1145,1145,1146,1146,1146,1147,1147,1147,1147,1147,1147,1146,1146,1146,1145,1144,1143,1142,1141,1140,1139,1138,1136,1135,1133,1132,1130,1128,1126,1124,1122,1120,1118,1115,1113,1111,1108,1106,1103,1101,1098,1096,1093,1091,1088,1085,1083,1080,1078,1075,1072,1070,1067,1065,1063,1060,1058,1055,1053,1051,1049,1047,1045,1043,1041,1039,1038,1036,1035,1033,1032,1031,1029,1028,1028,1027,1026,1025,1025,1024,1024,1024,1024,1024,1024,1024,1024,1024,1024,1024,1024,1024,1024,1024,1024,1024,1024,1024,1024,1024,1024,1024,1024,1024,1024,1024,1024,1024,1024,1024,1024,1024,1024,1024,1024,1024,1024,1024,1024,1024,1024,1024,1024,1024,1024,1024,1024,1024,1024,1024,1024,1024,1024,1024,1024,1024

lead:II
count:620
points:1024,1024,1024,1025,1026,1027,1028,1029,1030,1032,1034,1036,1038,1040,1043,1045,1048,1051,1053,1056,1059,1062,1066,1069,1072,1075,1078,1082,1085,1088,1091,1094,1097,1100,1103,1105,1108,1110,1113,1115,1117,1118,1120,1122,1123,1124,1125,1125,1126,1126,1126,1126,1126,1125,1125,1124,1123,1122,1120,1118,1117,1115,1113,1110,1108,1105,1103,1100,1097,1094,1091,1088,1085,1082,1078,1075,1072,1069,1066,1062,1059,1056,1053,1051,1048,1045,1043,1040,1038,1036,1034,1032,1030,1029,1028,1027,1026,1025,1024,1024,1024,1024,1024,1024,1024,1024,1024,1024,1024,1024,1024,1024,1024,1024,1024,1024,1024,1024,1024,1024,1024,1024,1024,1024,1024,1024,1024,1024,1024,1024,1024,1024,1024,1024,1024,1024,1024,1024,1024,1024,1024,1024,1024,1024,1024,1024,1024,1024,1024,1024,1024,1024,1024,1024,1024,1024,1024,1024,1024,1024,1024,1024,1024,1024,1024,1024,1024,1024,1024,1024,1024,1024,1024,1023,1023,1023,1023,1023,1023,1023,1023,1023,1023,1023,1023,1022,1022,1022,1022,1022,1022,1022,1021,1021,1021,1021,1021,1021,1021,1020,1020,1020,1020,1020,1019,1019,1019,1019,1019,1018,1018,1018,1018,1017,1017,1017,1016,1016,1016,1016,1015,1015,1015,1014,1014,1014,1013,1013,1012,1012,1012,1011,1011,1010,1010,1009,1009,1008,1008,1007,1007,1006,1005,1005,1004,1003,1002,1001,1001,999,998,997,995,988,988,987,985,982,977,972,965,957,949,941,932,959,987,1014,1041,1069,1096,1123,1151,1178,1206,1233,1260,1288,1315,1342,1370,1397,1425,1452,1479,1507,1534,1561,1589,1644,1644,1615,1586,1557,1529,1501,1473,1445,1417,1390,1363,1337,1311,1286,1261,1237,1213,1190,1168,1147,1126,1106,1087,1069,1051,1035,1019,1005,991,979,967,957,947,939,932,925,920,916,914,912,911,934,953,969,983,994,1003,1010,1015,1019,1021,1023,1024,1024,1024,1024,1024,1024,1024,1024,1024,1024,1024,1024,1024,1024,1024,1024,1024,1024,1024,1024,1024,1024,1024,1024,1024,1024,1024,1024,1024,1024,1024,1024,1024,1024,1024,1024,1024,1024,1024,1024,1024,1024,1024,1024,1024,1024,1024,1024,1024,1024,1024,1024,1024,1024,1024,1024,1024,1024,1024,1024,1024,1024,1024,1024,1024,1024,1024,1024,1024,1024,1024,1024,1024,1024,1024,1024,1024,1024,1024,1024,1024,1024,1024,1024,1024,1024,1024,1024,1025,1025,1025,1026,1027,1027,1028,1029,1030,1031,1032,1033,1034,1036,1037,1039,1040,1042,1043,1045,1047,1049,1051,1053,1055,1057,1059,1061,1063,1065,1068,1070,1073,1075,1077,1080,1082,1085,1087,1090,1093,1095,1098,1101,1103,1106,1108,1111,1114,1116,1119,1122,1124,1127,1129,1132,1135,1137,1140,1142,1144,1147,1149,1151,1154,1156,1158,1160,1162,1164,1166,1168,1170,1172,1174,1175,1177,1178,1180,1181,1183,1184,1185,1186,1187,1188,1189,1190,1190,1191,1191,1192,1192,1193,1193,1193,1193,1193,1193,1192,1192,1191,1190,1189,1188,1187,1185,1184,1182,1180,1178,1176,1174,1172,1169,1167,1164,1162,1159,1156,1153,1150,1147,1143,1140,1137,1133,1130,1126,1123,1119,1116,1112,1108,1105,1101,1098,1094,1091,1087,1084,1080,1077,1074,1070,1067,1064,1061,1058,1055,1053,1050,1047,1045,1043,1041,1038,1037,1035,1033,1031,1030,1029,1028,1027,1026,1025,1025,1024,1024,1024,1024,1024,1024,1024,1024,1024,1024,1024,1024,1024,1024,1024,1024,1024,1024,1024,1024,1024,1024

lead:III
count:620
points:1024,1024,1024,1024,1025,1025,1025,1026,1026,1027,1027,1028,1029,1030,1030,1031,1032,1033,1034,1035,1036,1037,1039,1040,1041,1042,1043,1044,1045,1046,1047,1049,1050,1051,1052,1052,1053,1054,1055,1056,1056,1057,1058,1058,1059,1059,1059,1060,1060,1060,1060,1060,1060,1060,1059,1059,1059,1058,1058,1057,1056,1056,1055,1054,1053,1052,1052,1051,1050,1049,1047,1046,1045,1044,1043,1042,1041,1040,1039,1037,1036,1035,1034,1033,1032,1031,1030,1030,1029,1028,1027,1027,1026,1026,1025,1025,1025,1024,1024,1024,1024,1024,1024,1024,1024,1024,1024,1024,1024,1024,1024,1024,1024,1024,1024,1024,1024,1024,1024,1024,1024,1024,1024,1024,1024,1024,1024,1024,1024,1024,1024,1024,1024,1024,1024,1024,1024,1024,1024,1024,1024,1024,1024,1024,1024,1024,1024,1024,1024,1024,1024,1024,1024,1024,1024,1024,1024,1024,1024,1024,1024,1024,1024,1024,1024,1024,1024,1024,1024,1024,1024,1024,1024,1024,1024,1024,1024,1024,1024,1024,1024,1023,1023,1023,1023,1023,1023,1023,1023,1023,1023,1023,1023,1023,1023,1023,1023,1023,1023,1022,1022,1022,1022,1022,1022,1022,1022,1022,1022,1022,1021,1021,1021,1021,1021,1021,1021,1021,1021,1020,1020,1020,1020,1020,1020,1020,1019,1019,1019,1019,1019,1019,1018,1018,1018,1018,1018,1017,1017,1017,1017,1016,1016,1016,1015,1015,1015,1014,1014,1013,1013,1012,1012,1009,1009,1008,1007,1005,1003,1000,996,991,986,980,973,982,992,1002,1011,1021,1031,1040,1050,1060,1069,1079,1089,1098,1108,1118,1127,1137,1146,1156,1166,1175,1185,1195,1204,1224,1224,1216,1209,1202,1195,1188,1181,1174,1167,1160,1153,1147,1140,1134,1127,1121,1115,1110,1104,1099,1093,1088,1084,1079,1075,1070,1067,1063,1059,1056,1053,1051,1048,1046,1044,1043,1042,1041,1040,1040,1039,1036,1034,1031,1030,1028,1027,1026,1025,1025,1024,1024,1024,1024,1024,1024,1024,1024,1024,1024,1024,1024,1024,1024,1024,1024,1024,1024,1024,1024,1024,1024,1024,1024,1024,1024,1024,1024,1024,1024,1024,1024,1024,1024,1024,1024,1024,1024,1024,1024,1024,1024,1024,1024,1024,1024,1024,1024,1024,1024,1024,1024,1024,1024,1024,1024,1024,1024,1024,1024,1024,1024,1024,1024,1024,1024,1024,1024,1024,1024,1024,1024,1024,1024,1024,1024,1024,1024,1024,1024,1024,1024,1024,1024,1024,1024,1024,1024,1024,1024,1024,1024,1024,1025,1025,1025,1025,1025,1026,1026,1026,1027,1027,1027,1028,1028,1028,1029,1029,1030,1030,1031,1031,1032,1032,1033,1033,1034,1035,1035,1036,1037,1037,1038,1039,1039,1040,1041,1041,1042,1043,1043,1044,1045,1046,1046,1047,1048,1048,1049,1050,1051,1051,1052,1053,1053,1054,1055,1056,1056,1057,1057,1058,1059,1059,1060,1061,1061,1062,1062,1063,1063,1064,1064,1065,1065,1066,1066,1066,1067,1067,1068,1068,1068,1068,1069,1069,1069,1069,1070,1070,1070,1070,1070,1070,1070,1070,1070,1070,1070,1070,1070,1069,1069,1069,1068,1068,1068,1067,1067,1066,1066,1065,1064,1064,1063,1062,1062,1061,1060,1059,1058,1057,1057,1056,1055,1054,1053,1052,1051,1050,1049,1048,1047,1046,1045,1044,1043,1042,1041,1040,1039,1038,1038,1037,1036,1035,1034,1033,1033,1032,1031,1030,1030,1029,1029,1028,1027,1027,1026,1026,1026,1025,1025,1025,1025,1024,1024,1024,1024,1024,1024,1024,1024,1024,1024,1024,1024,1024,1024,1024,1024,1024,1024,1024,1024,1024,1024,1024,1024

lead:aVR
count:620
points:1024,1024,1024,1023,1022,1022,1021,1019,1018,1016,1015,1013,1011,1009,1006,1004,1001,999,996,993,990,987,984,981,978,975,972,969,966,963,960,957,954,952,949,947,944,942,940,938,936,934,932,931,930,929,928,927,927,926,926,927,927,927,928,929,930,931,932,934,936,938,940,942,944,947,949,952,954,957,960,963,966,969,972,975,978,981,984,987,990,993,996,999,1001,1004,1006,1009,1011,1013,1015,1016,1018,1019,1021,1022,1022,1023,1024,1024,1024,1024,1024,1024,1024,1024,1024,1024,1024,1024,1024,1024,1024,1024,1024,1024,1024,1024,1024,1024,1024,1024,1024,1024,1024,1024,1024,1024,1024,1024,1024,1024,1024,1024,1024,1024,1024,1024,1024,1024,1024,1024,1024,1024,1024,1024,1024,1024,1024,1024,1024,1024,1024,1024,1024,1024,1024,1024,1024,1024,1024,1024,1024,1024,1024,1024,1024,1024,1024,1024,1024,1024,1024,1024,1025,1025,1025,1025,1025,1025,1025,1025,1025,1025,1025,1025,1026,1026,1026,1026,1026,1026,1026,1026,1027,1027,1027,1027,1027,1027,1027,1028,1028,1028,1028,1028,1029,1029,1029,1029,1029,1030,1030,1030,1030,1031,1031,1031,1031,1032,1032,1032,1032,1033,1033,1033,1034,1034,1034,1035,1035,1036,1036,1036,1037,1037,1038,1038,1039,1039,1040,1040,1041,1042,1042,1043,1044,1044,1045,1046,1047,1049,1050,1057,1057,1057,1058,1061,1064,1068,1072,1078,1085,1092,1101,1077,1052,1028,1004,980,956,931,907,883,859,834,810,786,762,738,713,689,665,641,617,592,568,544,520,471,471,498,525,553,579,606,633,659,685,711,736,761,785,809,833,856,878,899,920,941,960,979,997,1014,1031,1046,1061,1075,1088,1099,1110,1120,1129,1137,1144,1150,1154,1158,1161,1162,1163,1135,1111,1091,1075,1061,1050,1041,1035,1030,1027,1025,1024,1024,1024,1024,1024,1024,1024,1024,1024,1024,1024,1024,1024,1024,1024,1024,1024,1024,1024,1024,1024,1024,1024,1024,1024,1024,1024,1024,1024,1024,1024,1024,1024,1024,1024,1024,1024,1024,1024,1024,1024,1024,1024,1024,1024,1024,1024,1024,1024,1024,1024,1024,1024,1024,1024,1024,1024,1024,1024,1024,1024,1024,1024,1024,1024,1024,1024,1024,1024,1024,1024,1024,1024,1024,1024,1024,1024,1024,1024,1024,1024,1024,1024,1024,1024,1024,1024,1024,1023,1023,1023,1022,1021,1021,1020,1019,1018,1017,1016,1015,1014,1012,1011,1009,1008,1006,1005,1003,1001,999,997,995,993,991,989,987,985,983,980,978,976,973,971,968,966,963,961,958,956,953,950,948,945,942,940,937,934,932,929,927,924,921,919,916,914,911,909,906,904,902,899,897,895,892,890,888,886,884,882,880,878,877,875,873,872,870,869,867,866,865,864,862,861,860,860,859,858,858,857,857,856,856,856,856,856,856,856,856,857,857,858,859,860,862,863,865,866,868,870,872,874,877,879,881,884,887,890,893,896,899,902,905,908,912,915,919,922,926,929,933,936,940,943,947,950,954,958,961,964,968,971,974,978,981,984,987,990,993,995,998,1001,1003,1005,1007,1010,1011,1013,1015,1017,1018,1019,1020,1021,1022,1023,1023,1024,1024,1024,1024,1024,1024,1024,1024,1024,1024,1024,1024,1024,1024,1024,1024,1024,1024,1024,1024,1024,1024

lead:aVL
count:620
points:1024,1024,1024,1024,1024,1024,1025,1025,1025,1025,1026,1026,1026,1027,1027,1028,1028,1029,1029,1030,1030,1031,1031,1032,1032,1033,1033,1034,1035,1035,1036,1036,1037,1037,1038,1038,1039,1039,1039,1040,1040,1040,1041,1041,1041,1041,1041,1042,1042,1042,1042,1042,1042,1042,1041,1041,1041,1041,1041,1040,1040,1040,1039,1039,1039,1038,1038,1037,1037,1036,1036,1035,1035,1034,1033,1033,1032,1032,1031,1031,1030,1030,1029,1029,1028,1028,1027,1027,1026,1026,1026,1025,1025,1025,1025,1024,1024,1024,1024,1024,1024,1024,1024,1024,1024,1024,1024,1024,1024,1024,1024,1024,1024,1024,1024,1024,1024,1024,1024,1024,1024,1024,1024,1024,1024,1024,1024,1024,1024,1024,1024,1024,1024,1024,1024,1024,1024,1024,1024,1024,1024,1024,1024,1024,1024,1024,1024,1024,1024,1024,1024,1024,1024,1024,1024,1024,1024,1024,1024,1024,1024,1024,1024,1024,1024,1024,1024,1024,1024,1024,1024,1024,1024,1024,1024,1024,1024,1024,1024,1024,1024,1024,1024,1024,1024,1024,1024,1024,1024,1024,1024,1024,1024,1024,1024,1024,1024,1024,1024,1024,1024,1024,1024,1024,1024,1024,1024,1024,1024,1024,1024,1023,1023,1023,1023,1023,1023,1023,1023,1023,1023,1023,1023,1023,1023,1023,1023,1023,1023,1023,1023,1023,1023,1023,1023,1023,1023,1023,1023,1023,1023,1023,1022,1022,1022,1022,1022,1022,1022,1022,1022,1022,1022,1021,1021,1021,1021,1022,1022,1023,1024,1025,1027,1028,1030,1034,1037,1041,1045,1049,1052,1056,1060,1064,1067,1071,1075,1079,1082,1086,1090,1094,1097,1101,1105,1109,1112,1116,1120,1127,1127,1120,1113,1106,1098,1091,1084,1077,1070,1063,1056,1049,1043,1036,1030,1024,1018,1012,1007,1001,996,991,986,981,977,973,969,965,962,958,955,953,950,948,946,945,944,943,942,941,941,958,972,984,994,1002,1009,1014,1017,1020,1022,1023,1024,1024,1024,1024,1024,1024,1024,1024,1024,1024,1024,1024,1024,1024,1024,1024,1024,1024,1024,1024,1024,1024,1024,1024,1024,1024,1024,1024,1024,1024,1024,1024,1024,1024,1024,1024,1024,1024,1024,1024,1024,1024,1024,1024,1024,1024,1024,1024,1024,1024,1024,1024,1024,1024,1024,1024,1024,1024,1024,1024,1024,1024,1024,1024,1024,1024,1024,1024,1024,1024,1024,1024,1024,1024,1024,1024,1024,1024,1024,1024,1024,1024,1024,1024,1024,1024,1024,1024,1024,1024,1024,1025,1025,1025,1025,1025,1026,1026,1026,1026,1027,1027,1027,1028,1028,1029,1029,1030,1030,1030,1031,1032,1032,1033,1033,1034,1034,1035,1035,1036,1037,1037,1038,1039,1039,1040,1041,1041,1042,1043,1043,1044,1045,1045,1046,1047,1048,1048,1049,1050,1050,1051,1052,1052,1053,1054,1054,1055,1056,1056,1057,1057,1058,1059,1059,1060,1060,1061,1061,1062,1062,1063,1063,1064,1064,1065,1065,1065,1066,1066,1066,1067,1067,1067,1067,1067,1068,1068,1068,1068,1068,1068,1068,1068,1068,1068,1068,1068,1068,1068,1068,1067,1067,1067,1066,1066,1066,1065,1065,1064,1063,1063,1062,1062,1061,1060,1059,1059,1058,1057,1056,1055,1054,1054,1053,1052,1051,1050,1049,1048,1047,1046,1045,1044,1043,1042,1041,1041,1040,1039,1038,1037,1036,1035,1035,1034,1033,1032,1032,1031,1030,1030,1029,1028,1028,1027,1027,1026,1026,1026,1025,1025,1025,1024,1024,1024,1024,1024,1024,1024,1024,1024,1024,1024,1024,1024,1024,1024,1024,1024,1024,1024,1024,1024,1024,1024,1024,1024

lead:aVF
count:620
points:1024,1024,1024,1025,1025,1026,1027,1028,1029,1030,1032,1033,1035,1037,1038,1040,1043,1045,1047,1049,1052,1054,1056,1059,1061,1064,1066,1069,1071,1074,1076,1079,1081,1083,1085,1087,1089,1091,1093,1095,1096,1098,1099,1100,1101,1102,1103,1103,1103,1104,1104,1104,1103,1103,1103,1102,1101,1100,1099,1098,1096,1095,1093,1091,1089,1087,1085,1083,1081,1079,1076,1074,1071,1069,1066,1064,1061,1059,1056,1054,1052,1049,1047,1045,1043,1040,1038,1037,1035,1033,1032,1030,1029,1028,1027,1026,1025,1025,1024,1024,1024,1024,1024,1024,1024,1024,1024,1024,1024,1024,1024,1024,1024,1024,1024,1024,1024,1024,1024,1024,1024,1024,1024,1024,1024,1024,1024,1024,1024,1024,1024,1024,1024,1024,1024,1024,1024,1024,1024,1024,1024,1024,1024,1024,1024,1024,1024,1024,1024,1024,1024,1024,1024,1024,1024,1024,1024,1024,1024,1024,1024,1024,1024,1024,1024,1024,1024,1024,1024,1024,1024,1024,1024,1024,1023,1023,1023,1023,1023,1023,1023,1023,1023,1023,1023,1023,1023,1022,1022,1022,1022,1022,1022,1022,1022,1022,1021,1021,1021,1021,1021,1021,1021,1020,1020,1020,1020,1020,1019,1019,1019,1019,1019,1018,1018,1018,1018,1018,1017,1017,1017,1017,1016,1016,1016,1015,1015,1015,1014,1014,1014,1013,1013,1013,1012,1012,1012,1011,1011,1010,1010,1009,1009,1008,1007,1007,1006,1005,1005,1004,1003,1002,1000,994,994,994,992,990,986,981,975,968,960,951,941,957,972,988,1003,1019,1034,1050,1066,1081,1097,1112,1128,1143,1159,1174,1190,1205,1221,1236,1252,1267,1283,1299,1314,1330,1345,1361,1376,1392,1407,1423,1438,1469,1469,1445,1420,1396,1372,1348,1324,1300,1277,1255,1233,1212,1191,1171,1151,1133,1115,1098,1082,1067,1052,1039,1027,1016,1006,997,989,983,977,973,970,968,968,979,989,997,1004,1009,1014,1017,1020,1021,1023,1023,1024,1024,1024,1024,1024,1024,1024,1024,1024,1024,1024,1024,1024,1024,1024,1024,1024,1024,1024,1024,1024,1024,1024,1024,1024,1024,1024,1024,1024,1024,1024,1024,1024,1024,1024,1024,1024,1024,1024,1024,1024,1024,1024,1024,1024,1024,1024,1024,1024,1024,1024,1024,1024,1024,1024,1024,1024,1024,1024,1024,1024,1024,1024,1024,1024,1024,1024,1024,1024,1024,1024,1024,1024,1024,1024,1024,1024,1024,1024,1024,1024,1024,1024,1024,1024,1024,1024,1024,1024,1025,1025,1025,1026,1026,1027,1028,1028,1029,1030,1031,1032,1033,1034,1035,1036,1037,1038,1040,1041,1042,1044,1045,1047,1048,1050,1051,1053,1054,1056,1058,1060,1061,1063,1065,1067,1069,1071,1073,1074,1076,1078,1080,1082,1084,1086,1088,1090,1092,1094,1096,1098,1100,1102,1103,1105,1107,1109,1111,1113,1114,1116,1118,1119,1121,1123,1124,1126,1127,1129,1130,1131,1133,1134,1135,1136,1137,1138,1140,1140,1141,1142,1143,1144,1144,1145,1146,1146,1147,1147,1147,1148,1148,1148,1148,1148,1148,1148,1148,1147,1147,1146,1145,1145,1144,1143,1142,1140,1139,1138,1136,1134,1133,1131,1129,1127,1125,1123,1121,1119,1116,1114,1112,1109,1107,1104,1102,1099,1097,1094,1091,1089,1086,1083,1081,1078,1076,1073,1070,1068,1065,1063,1061,1058,1056,1054,1051,1049,1047,1045,1043,1041,1039,1038,1036,1035,1033,1032,1031,1030,1028,1028,1027,1026,1025,1025,1025,1024,1024,1024,1024,1024,1024,1024,1024,1024,1024,1024,1024,1024,1024,1024,1024,1024,1024,1024,1024,1024,1024

lead:V1
count:620
points:1024,1024,1024,1024,1025,1025,1025,1026,1026,1027,1027,1028,1029,1030,1031,1032,1032,1033,1034,1036,1037,1038,1039,1040,1041,1042,1043,1045,1046,1047,1048,1049,1050,1051,1052,1053,1054,1055,1056,1056,1057,1058,1058,1059,1059,1060,1060,1060,1060,1061,1061,1060,1060,1060,1060,1060,1059,1059,1058,1058,1057,1056,1056,1055,1054,1053,1052,1051,1050,1049,1048,1047,1046,1045,1043,1042,1041,1040,1039,1038,1037,1036,1034,1033,1032,1032,1031,1030,1029,1028,1027,1027,1026,1026,1025,1025,1025,1024,1024,1024,1024,1024,1024,1024,1024,1024,1024,1024,1024,1024,1024,1024,1024,1024,1024,1024,1024,1024,1024,1024,1024,1024,1024,1024,1024,1024,1024,1024,1024,1024,1024,1024,1024,1024,1024,1024,1024,1024,1024,1024,1024,1024,1024,1024,1024,1024,1024,1024,1024,1024,1024,1024,1024,1024,1024,1024,1024,1024,1024,1024,1024,1024,1024,1024,1024,1024,1024,1024,1024,1024,1024,1024,1024,1024,1024,1024,1024,1024,1024,1024,1024,1024,1024,1024,1024,1024,1024,1024,1024,1024,1024,1024,1024,1024,1024,1024,1024,1024,1024,1024,1024,1024,1024,1024,1024,1024,1024,1024,1024,1024,1024,1024,1024,1024,1024,1024,1024,1024,1024,1024,1024,1024,1024,1024,1024,1024,1025,1025,1025,1025,1025,1025,1025,1025,1025,1025,1025,1025,1025,1025,1025,1025,1025,1025,1025,1025,1025,1025,1026,1026,1026,1026,1026,1026,1026,1028,1030,1032,1034,1036,1038,1040,1042,1043,1045,1042,1038,1035,1031,1028,1024,1020,1017,1013,1010,1006,1003,999,995,992,988,985,981,978,974,970,967,963,960,953,953,939,926,912,899,885,872,859,846,833,821,808,796,784,772,761,750,739,728,718,709,699,690,682,673,666,658,651,645,639,634,629,624,620,617,614,612,610,609,608,607,691,762,822,872,913,946,972,991,1005,1014,1020,1023,1024,1024,1024,1024,1025,1025,1025,1025,1025,1026,1026,1026,1026,1026,1027,1027,1027,1027,1027,1027,1028,1028,1028,1028,1028,1029,1029,1029,1029,1029,1030,1030,1030,1030,1030,1031,1031,1031,1031,1031,1032,1032,1032,1032,1032,1033,1033,1033,1033,1033,1033,1034,1034,1034,1034,1034,1035,1035,1035,1035,1035,1036,1036,1036,1036,1036,1037,1037,1037,1037,1037,1038,1038,1038,1038,1038,1039,1039,1039,1039,1039,1040,1040,1040,1040,1040,1040,1040,1041,1041,1041,1041,1042,1042,1043,1043,1044,1045,1045,1046,1047,1048,1048,1049,1050,1051,1052,1053,1054,1055,1057,1058,1059,1060,1061,1063,1064,1065,1067,1068,1070,1071,1072,1074,1075,1077,1078,1080,1081,1083,1084,1086,1088,1089,1091,1092,1094,1095,1097,1098,1100,1101,1103,1104,1106,1107,1109,1110,1111,1113,1114,1115,1117,1118,1119,1120,1122,1123,1124,1125,1126,1127,1128,1129,1130,1131,1131,1132,1133,1134,1134,1135,1135,1136,1136,1137,1137,1137,1138,1138,1138,1138,1138,1138,1138,1138,1138,1138,1137,1136,1136,1135,1134,1133,1132,1131,1130,1129,1127,1126,1124,1122,1121,1119,1117,1115,1113,1111,1109,1107,1105,1102,1100,1098,1096,1093,1091,1088,1086,1084,1081,1079,1076,1074,1072,1069,1067,1064,1062,1060,1058,1055,1053,1051,1049,1047,1045,1043,1042,1040,1038,1037,1035,1034,1032,1031,1030,1029,1028,1027,1027,1026,1025,1025,1024,1024,1024,1024,1024,1024,1024,1024,1024,1024,1024,1024,1024,1024,1024,1024,1024,1024,1024,1024,1024,1024,1024

lead:V2
count:620
points:1024,1024,1024,1024,1025,1025,1026,1027,1027,1028,1029,1030,1032,1033,1034,1036,1037,1039,1040,1042,1043,1045,1047,1049,1050,1052,1054,1056,1057,1059,1061,1063,1064,1066,1067,1069,1070,1071,1073,1074,1075,1076,1077,1078,1078,1079,1079,1080,1080,1080,1080,1080,1080,1080,1079,1079,1078,1078,1077,1076,1075,1074,1073,1071,1070,1069,1067,1066,1064,1063,1061,1059,1057,1056,1054,1052,1050,1049,1047,1045,1043,1042,1040,1039,1037,1036,1034,1033,1032,1030,1029,1028,1027,1027,1026,1025,1025,1024,1024,1024,1024,1024,1024,1024,1024,1024,1024,1024,1024,1024,1024,1024,1024,1024,1024,1024,1024,1024,1024,1024,1024,1024,1024,1024,1024,1024,1024,1024,1024,1024,1024,1024,1024,1024,1024,1024,1024,1024,1024,1024,1024,1024,1024,1024,1024,1024,1024,1024,1024,1024,1024,1024,1024,1024,1024,1024,1024,1024,1024,1024,1024,1024,1024,1024,1024,1024,1024,1024,1024,1024,1024,1024,1024,1024,1024,1024,1024,1024,1024,1024,1024,1024,1024,1024,1024,1024,1024,1024,1024,1024,1024,1024,1024,1024,1024,1024,1024,1024,1024,1024,1024,1024,1024,1024,1024,1024,1024,1024,1024,1024,1024,1024,1024,1024,1024,1024,1024,1024,1024,1024,1024,1024,1024,1024,1024,1024,1024,1024,1024,1024,1024,1024,1024,1024,1024,1024,1024,1024,1024,1024,1024,1024,1024,1024,1024,1024,1024,1024,1024,1024,1024,1024,1024,1024,1024,1024,1024,1024,1024,1024,1024,1024,1024,1024,1024,1029,1034,1039,1044,1050,1055,1060,1065,1070,1075,1080,1085,1091,1096,1101,1106,1111,1116,1121,1126,1132,1137,1142,1147,1157,1157,1134,1111,1087,1064,1041,1018,996,974,952,930,908,887,867,847,827,808,789,771,754,737,721,705,691,677,663,651,639,628,618,608,600,592,585,580,575,571,567,565,564,563,655,734,800,856,902,938,966,988,1003,1013,1019,1023,1024,1024,1024,1025,1025,1025,1026,1026,1026,1026,1027,1027,1027,1028,1028,1028,1029,1029,1029,1030,1030,1030,1031,1031,1031,1031,1032,1032,1032,1033,1033,1033,1034,1034,1034,1035,1035,1035,1036,1036,1036,1036,1037,1037,1037,1038,1038,1038,1039,1039,1039,1040,1040,1040,1041,1041,1041,1041,1042,1042,1042,1043,1043,1043,1044,1044,1044,1045,1045,1045,1046,1046,1046,1046,1047,1047,1047,1048,1048,1048,1049,1049,1049,1050,1050,1050,1050,1050,1051,1051,1051,1052,1053,1053,1054,1055,1056,1057,1058,1059,1060,1061,1062,1064,1065,1067,1068,1070,1071,1073,1075,1077,1078,1080,1082,1084,1086,1088,1090,1092,1094,1097,1099,1101,1103,1105,1108,1110,1112,1115,1117,1119,1122,1124,1126,1129,1131,1133,1135,1138,1140,1142,1145,1147,1149,1151,1153,1155,1158,1160,1162,1164,1166,1167,1169,1171,1173,1175,1176,1178,1180,1181,1183,1184,1185,1187,1188,1189,1190,1191,1192,1193,1194,1194,1195,1196,1196,1197,1197,1197,1198,1198,1198,1198,1198,1198,1197,1197,1196,1195,1194,1193,1192,1190,1189,1187,1185,1183,1181,1179,1176,1174,1171,1169,1166,1163,1160,1157,1153,1150,1147,1143,1140,1137,1133,1129,1126,1122,1118,1115,1111,1107,1104,1100,1096,1093,1089,1086,1082,1079,1075,1072,1069,1065,1062,1059,1056,1054,1051,1048,1046,1043,1041,1039,1037,1035,1033,1032,1030,1029,1028,1027,1026,1025,1025,1024,1024,1024,1024,1024,1024,1024,1024,1024,1024,1024,1024,1024,1024,1024,1024,1024,1024,1024,1024,1024,1024

lead:V3
count:620
points:1024,1024,1024,1025,1025,1026,1026,1027,1028,1029,1030,1032,1033,1035,1036,1038,1040,1042,1043,1045,1047,1049,1051,1054,1056,1058,1060,1062,1064,1066,1068,1070,1072,1074,1076,1078,1079,1081,1082,1084,1085,1086,1087,1088,1089,1090,1091,1091,1091,1092,1092,1092,1091,1091,1091,1090,1089,1088,1087,1086,1085,1084,1082,1081,1079,1078,1076,1074,1072,1070,1068,1066,1064,1062,1060,1058,1056,1054,1051,1049,1047,1045,1043,1042,1040,1038,1036,1035,1033,1032,1030,1029,1028,1027,1026,1026,1025,1025,1024,1024,1024,1024,1024,1024,1024,1024,1024,1024,1024,1024,1024,1024,1024,1024,1024,1024,1024,1024,1024,1024,1024,1024,1024,1024,1024,1024,1024,1024,1024,1024,1024,1024,1024,1024,1024,1024,1024,1024,1024,1024,1024,1024,1024,1024,1024,1024,1024,1024,1024,1024,1024,1024,1024,1024,1024,1024,1024,1024,1024,1024,1024,1024,1024,1024,1024,1024,1024,1024,1024,1024,1024,1024,1024,1024,1024,1024,1024,1024,1024,1024,1024,1024,1024,1024,1024,1024,1024,1024,1024,1024,1024,1024,1024,1024,1024,1024,1024,1024,1024,1024,1024,1024,1024,1024,1024,1024,1024,1024,1024,1024,1024,1024,1024,1024,1024,1024,1024,1024,1024,1024,1024,1024,1024,1024,1024,1024,1023,1023,1023,1023,1023,1023,1023,1023,1023,1023,1023,1023,1023,1023,1023,1023,1023,1023,1023,1023,1023,1023,1022,1022,1022,1022,1022,1022,1022,1020,1018,1016,1014,1012,1010,1008,1006,1005,1003,1016,1029,1042,1055,1068,1081,1094,1107,1120,1133,1146,1159,1172,1185,1198,1211,1224,1237,1250,1263,1276,1290,1303,1316,1342,1342,1312,1283,1253,1224,1195,1166,1137,1109,1081,1053,1026,1000,973,948,923,899,875,852,830,809,788,769,750,732,715,699,684,670,657,645,635,625,616,609,603,597,593,590,589,588,675,749,813,865,908,943,970,990,1004,1014,1020,1023,1024,1024,1024,1025,1025,1026,1026,1026,1027,1027,1027,1028,1028,1029,1029,1029,1030,1030,1031,1031,1031,1032,1032,1032,1033,1033,1034,1034,1034,1035,1035,1036,1036,1036,1037,1037,1037,1038,1038,1039,1039,1039,1040,1040,1040,1041,1041,1042,1042,1042,1043,1043,1044,1044,1044,1045,1045,1045,1046,1046,1047,1047,1047,1048,1048,1049,1049,1049,1050,1050,1050,1051,1051,1052,1052,1052,1053,1053,1054,1054,1054,1055,1055,1055,1056,1056,1056,1056,1057,1057,1058,1058,1059,1060,1061,1062,1063,1064,1065,1066,1068,1069,1071,1072,1074,1076,1077,1079,1081,1083,1085,1087,1090,1092,1094,1096,1099,1101,1104,1106,1109,1111,1114,1116,1119,1122,1124,1127,1130,1133,1135,1138,1141,1144,1146,1149,1152,1155,1157,1160,1163,1166,1168,1171,1173,1176,1179,1181,1184,1186,1188,1191,1193,1195,1198,1200,1202,1204,1206,1208,1210,1211,1213,1215,1216,1218,1219,1221,1222,1223,1224,1226,1227,1227,1228,1229,1230,1230,1231,1231,1231,1232,1232,1232,1232,1231,1231,1230,1229,1228,1227,1226,1224,1222,1221,1219,1216,1214,1211,1209,1206,1203,1200,1196,1193,1190,1186,1182,1179,1175,1171,1167,1162,1158,1154,1150,1145,1141,1137,1132,1128,1123,1119,1115,1110,1106,1102,1097,1093,1089,1085,1081,1077,1073,1070,1066,1063,1059,1056,1053,1050,1047,1044,1042,1039,1037,1035,1033,1031,1030,1029,1027,1026,1025,1025,1024,1024,1024,1024,1024,1024,1024,1024,1024,1024,1024,1024,1024,1024,1024,1024,1024,1024,1024,1024,1024,1024

lead:V4
count:620
points:1024,1024,1024,1025,1025,1026,1026,1027,1028,1029,1031,1032,1033,1035,1036,1038,1040,1042,1044,1046,1048,1050,1052,1054,1056,1058,1061,1063,1065,1067,1069,1071,1073,1075,1077,1079,1080,1082,1083,1085,1086,1087,1088,1089,1090,1091,1092,1092,1092,1093,1093,1093,1092,1092,1092,1091,1090,1089,1088,1087,1086,1085,1083,1082,1080,1079,1077,1075,1073,1071,1069,1067,1065,1063,1061,1058,1056,1054,1052,1050,1048,1046,1044,1042,1040,1038,1036,1035,1033,1032,1031,1029,1028,1027,1026,1026,1025,1025,1024,1024,1024,1024,1024,1024,1024,1024,1024,1024,1024,1024,1024,1024,1024,1024,1024,1024,1024,1024,1024,1024,1024,1024,1024,1024,1024,1024,1024,1024,1024,1024,1024,1024,1024,1024,1024,1024,1024,1024,1024,1024,1024,1024,1024,1024,1024,1024,1024,1024,1024,1024,1024,1024,1024,1024,1024,1024,1024,1024,1024,1024,1024,1024,1024,1024,1024,1024,1024,1024,1024,1024,1024,1024,1024,1024,1024,1024,1024,1024,1024,1024,1024,1024,1024,1024,1024,1024,1024,1024,1024,1024,1024,1024,1024,1024,1024,1024,1024,1024,1024,1024,1024,1024,1024,1024,1024,1024,1024,1024,1024,1024,1024,1024,1024,1024,1024,1024,1023,1023,1023,1023,1023,1023,1023,1023,1023,1023,1023,1023,1023,1023,1023,1023,1023,1023,1023,1022,1022,1022,1022,1022,1022,1022,1022,1022,1022,1022,1021,1021,1021,1021,1021,1021,1021,1020,1020,1017,1013,1009,1006,1002,999,995,991,988,984,1003,1022,1041,1061,1080,1099,1118,1137,1156,1175,1194,1214,1233,1252,1271,1290,1309,1328,1347,1366,1386,1405,1424,1443,1481,1481,1450,1418,1387,1356,1325,1295,1264,1234,1204,1175,1146,1118,1090,1063,1037,1011,986,962,938,916,894,873,853,834,816,799,783,769,755,742,731,721,711,704,697,691,687,684,682,681,750,808,858,899,933,960,981,997,1008,1016,1021,1023,1024,1024,1024,1025,1025,1026,1026,1026,1027,1027,1028,1028,1028,1029,1029,1030,1030,1030,1031,1031,1032,1032,1032,1033,1033,1034,1034,1034,1035,1035,1036,1036,1036,1037,1037,1038,1038,1038,1039,1039,1039,1040,1040,1041,1041,1041,1042,1042,1043,1043,1043,1044,1044,1045,1045,1045,1046,1046,1047,1047,1047,1048,1048,1049,1049,1049,1050,1050,1051,1051,1051,1052,1052,1053,1053,1053,1054,1054,1055,1055,1055,1056,1056,1057,1057,1057,1057,1057,1058,1058,1059,1059,1060,1061,1062,1063,1064,1065,1066,1068,1069,1070,1072,1073,1075,1077,1079,1081,1083,1085,1087,1089,1091,1093,1095,1098,1100,1102,1105,1107,1110,1113,1115,1118,1120,1123,1126,1129,1131,1134,1137,1140,1142,1145,1148,1151,1154,1156,1159,1162,1165,1167,1170,1173,1175,1178,1180,1183,1185,1188,1190,1193,1195,1197,1199,1202,1204,1206,1208,1210,1212,1213,1215,1217,1218,1220,1221,1223,1224,1225,1227,1228,1229,1229,1230,1231,1232,1232,1233,1233,1233,1234,1234,1234,1234,1233,1233,1232,1231,1230,1229,1228,1226,1224,1223,1220,1218,1216,1213,1211,1208,1205,1201,1198,1195,1191,1188,1184,1180,1176,1172,1168,1164,1160,1155,1151,1147,1142,1138,1133,1129,1124,1120,1116,1111,1107,1102,1098,1094,1090,1086,1082,1078,1074,1070,1067,1063,1060,1056,1053,1050,1047,1045,1042,1040,1037,1035,1033,1032,1030,1029,1027,1026,1026,1025,1024,1024,1024,1024,1024,1024,1024,1024,1024,1024,1024,1024,1024,1024,1024,1024,1024,1024,1024,1024,1024,1024

lead:V5
count:620
points:1024,1024,1024,1025,1025,1025,1026,1027,1028,1029,1030,1031,1032,1033,1035,1036,1038,1039,1041,1043,1045,1046,1048,1050,1052,1054,1056,1057,1059,1061,1063,1065,1066,1068,1070,1071,1073,1074,1075,1077,1078,1079,1080,1081,1081,1082,1082,1083,1083,1083,1083,1083,1083,1083,1082,1082,1081,1081,1080,1079,1078,1077,1075,1074,1073,1071,1070,1068,1066,1065,1063,1061,1059,1057,1056,1054,1052,1050,1048,1046,1045,1043,1041,1039,1038,1036,1035,1033,1032,1031,1030,1029,1028,1027,1026,1025,1025,1025,1024,1024,1024,1024,1024,1024,1024,1024,1024,1024,1024,1024,1024,1024,1024,1024,1024,1024,1024,1024,1024,1024,1024,1024,1024,1024,1024,1024,1024,1024,1024,1024,1024,1024,1024,1024,1024,1024,1024,1024,1024,1024,1024,1024,1024,1024,1024,1024,1024,1024,1024,1024,1024,1024,1024,1024,1024,1024,1024,1024,1024,1024,1024,1024,1024,1024,1024,1024,1024,1024,1024,1024,1024,1024,1024,1024,1024,1024,1024,1024,1024,1024,1024,1024,1024,1024,1024,1024,1024,1024,1024,1024,1024,1024,1024,1024,1024,1024,1024,1024,1024,1024,1024,1024,1024,1024,1024,1024,1024,1024,1024,1024,1024,1024,1023,1023,1023,1023,1023,1023,1023,1023,1023,1023,1023,1023,1023,1023,1023,1023,1023,1023,1022,1022,1022,1022,1022,1022,1022,1022,1022,1022,1021,1021,1021,1021,1021,1021,1021,1020,1020,1020,1020,1020,1020,1019,1019,1015,1010,1005,1000,996,991,986,981,977,972,994,1016,1038,1061,1083,1105,1127,1149,1171,1194,1216,1238,1260,1282,1304,1327,1349,1371,1393,1415,1437,1460,1482,1504,1548,1548,1520,1492,1463,1435,1407,1379,1352,1325,1298,1271,1245,1220,1195,1170,1146,1123,1100,1078,1057,1037,1017,998,980,963,947,931,917,904,891,880,869,860,852,845,839,834,830,827,825,825,864,899,927,951,971,987,999,1008,1015,1019,1022,1023,1024,1024,1024,1025,1025,1025,1026,1026,1026,1027,1027,1027,1028,1028,1029,1029,1029,1030,1030,1030,1031,1031,1031,1032,1032,1032,1033,1033,1033,1034,1034,1034,1035,1035,1036,1036,1036,1037,1037,1037,1038,1038,1038,1039,1039,1039,1040,1040,1040,1041,1041,1041,1042,1042,1043,1043,1043,1044,1044,1044,1045,1045,1045,1046,1046,1046,1047,1047,1047,1048,1048,1048,1049,1049,1050,1050,1050,1051,1051,1051,1052,1052,1052,1053,1053,1053,1053,1053,1054,1054,1055,1055,1056,1056,1057,1058,1059,1060,1061,1062,1063,1064,1066,1067,1069,1070,1072,1073,1075,1077,1078,1080,1082,1084,1086,1088,1090,1092,1094,1096,1098,1100,1103,1105,1107,1110,1112,1114,1117,1119,1121,1124,1126,1128,1131,1133,1135,1138,1140,1143,1145,1147,1149,1152,1154,1156,1158,1161,1163,1165,1167,1169,1171,1173,1175,1177,1178,1180,1182,1183,1185,1187,1188,1190,1191,1192,1193,1195,1196,1197,1198,1199,1200,1200,1201,1202,1202,1203,1203,1203,1204,1204,1204,1204,1204,1204,1203,1203,1202,1201,1200,1199,1197,1196,1194,1193,1191,1189,1186,1184,1182,1179,1176,1173,1171,1168,1164,1161,1158,1155,1151,1148,1144,1140,1137,1133,1129,1125,1122,1118,1114,1110,1106,1103,1099,1095,1091,1088,1084,1080,1077,1073,1070,1067,1064,1060,1057,1055,1052,1049,1046,1044,1042,1039,1037,1035,1034,1032,1030,1029,1028,1027,1026,1025,1025,1024,1024,1024,1024,1024,1024,1024,1024,1024,1024,1024,1024,1024,1024,1024,1024,1024,1024,1024,1024,1024,1024

lead:V6
count:620
points:1024,1024,1024,1024,1025,1025,1025,1026,1027,1027,1028,1029,1030,1030,1031,1032,1034,1035,1036,1037,1038,1039,1041,1042,1043,1044,1046,1047,1048,1050,1051,1052,1053,1054,1055,1057,1058,1058,1059,1060,1061,1062,1062,1063,1064,1064,1064,1065,1065,1065,1065,1065,1065,1065,1064,1064,1064,1063,1062,1062,1061,1060,1059,1058,1058,1057,1055,1054,1053,1052,1051,1050,1048,1047,1046,1044,1043,1042,1041,1039,1038,1037,1036,1035,1034,1032,1031,1030,1030,1029,1028,1027,1027,1026,1025,1025,1025,1024,1024,1024,1024,1024,1024,1024,1024,1024,1024,1024,1024,1024,1024,1024,1024,1024,1024,1024,1024,1024,1024,1024,1024,1024,1024,1024,1024,1024,1024,1024,1024,1024,1024,1024,1024,1024,1024,1024,1024,1024,1024,1024,1024,1024,1024,1024,1024,1024,1024,1024,1024,1024,1024,1024,1024,1024,1024,1024,1024,1024,1024,1024,1024,1024,1024,1024,1024,1024,1024,1024,1024,1024,1024,1024,1024,1024,1024,1024,1024,1024,1024,1024,1024,1024,1024,1024,1024,1024,1024,1024,1024,1024,1024,1024,1024,1024,1024,1024,1024,1024,1024,1024,1024,1024,1024,1024,1024,1024,1024,1024,1024,1024,1024,1023,1023,1023,1023,1023,1023,1023,1023,1023,1023,1023,1023,1023,1023,1023,1023,1023,1023,1022,1022,1022,1022,1022,1022,1022,1022,1022,1021,1021,1021,1021,1021,1021,1021,1021,1020,1020,1020,1020,1020,1019,1019,1019,1019,1014,1009,1004,998,993,988,983,978,973,968,990,1011,1033,1055,1077,1099,1121,1143,1164,1186,1208,1230,1252,1274,1296,1317,1339,1361,1383,1405,1427,1449,1470,1492,1536,1536,1515,1494,1473,1452,1431,1410,1390,1370,1350,1330,1311,1292,1273,1255,1237,1220,1203,1187,1171,1156,1141,1127,1114,1101,1089,1078,1067,1057,1048,1039,1032,1025,1019,1013,1009,1005,1002,1000,999,998,1004,1008,1012,1015,1017,1019,1021,1022,1023,1023,1024,1024,1024,1024,1024,1024,1025,1025,1025,1025,1026,1026,1026,1026,1027,1027,1027,1027,1028,1028,1028,1028,1029,1029,1029,1029,1030,1030,1030,1030,1031,1031,1031,1031,1032,1032,1032,1032,1033,1033,1033,1033,1034,1034,1034,1034,1035,1035,1035,1035,1036,1036,1036,1036,1037,1037,1037,1037,1038,1038,1038,1038,1039,1039,1039,1039,1040,1040,1040,1040,1041,1041,1041,1041,1042,1042,1042,1042,1043,1043,1043,1043,1044,1044,1044,1044,1045,1045,1045,1045,1045,1045,1046,1046,1047,1047,1048,1048,1049,1049,1050,1051,1052,1052,1053,1054,1055,1056,1057,1058,1059,1061,1062,1063,1064,1066,1067,1068,1070,1071,1072,1074,1075,1077,1078,1080,1081,1083,1085,1086,1088,1089,1091,1092,1094,1096,1097,1099,1100,1102,1104,1105,1107,1108,1110,1112,1113,1115,1116,1117,1119,1120,1122,1123,1124,1126,1127,1128,1130,1131,1132,1133,1134,1135,1136,1137,1138,1139,1140,1141,1141,1142,1143,1143,1144,1144,1145,1145,1146,1146,1146,1146,1147,1147,1147,1147,1147,1147,1146,1146,1146,1145,1144,1143,1142,1141,1140,1139,1138,1136,1135,1133,1132,1130,1128,1126,1124,1122,1120,1118,1115,1113,1111,1108,1106,1103,1101,1098,1096,1093,1091,1088,1085,1083,1080,1078,1075,1072,1070,1067,1065,1063,1060,1058,1055,1053,1051,1049,1047,1045,1043,1041,1039,1038,1036,1035,1033,1032,1031,1029,1028,1028,1027,1026,1025,1025,1024,1024,1024,1024,1024,1024,1024,1024,1024,1024,1024,1024,1024,1024,1024,1024,1024,1024,1024,1024,1024,1024,1024

