pathology:3abblock
group:conduction
title:3° AV Block
name:Атриовентрикулярная блокада 3 степени
leads:12

lead:I
count:1338
points:1024,1024,1024,1024,1025,1025,1025,1026,1026,1027,1028,1028,1029,1030,1031,1032,1033,1034,1035,1036,1037,1038,1040,1041,1042,1043,1044,1046,1047,1048,1049,1051,1052,1053,1054,1055,1056,1057,1058,1059,1060,1061,1061,1062,1063,1063,1064,1064,1064,1065,1065,1065,1065,1065,1065,1065,1064,1064,1064,1063,1063,1062,1062,1061,1060,1059,1059,1058,1057,1056,1055,1054,1053,1051,1050,1049,1048,1047,1046,1044,1043,1042,1041,1040,1039,1037,1036,1035,1034,1033,1032,1031,1030,1030,1029,1028,1027,1027,1026,1026,1025,1025,1025,1024,1024,1024,1024,1024,1024,1024,1024,1024,1024,1024,1024,1024,1024,1024,1024,1024,1024,1024,1024,1024,1024,1024,1024,1024,1024,1024,1024,1024,1024,1024,1024,1024,1024,1024,1024,1024,1024,1024,1024,1024,1024,1024,1024,1024,1024,1024,1024,1024,1024,1024,1024,1024,1024,1024,1024,1024,1024,1024,1024,1024,1024,1024,1024,1024,1024,1024,1024,1024,1024,1024,1024,1024,1024,1024,1024,1024,1024,1024,1024,1024,1024,1024,1024,1024,1024,1024,1024,1024,1024,1024,1024,1024,1024,1024,1024,1024,1024,1024,1024,1024,1024,1024,1024,1024,1024,1024,1024,1024,1024,1024,1024,1024,1024,1024,1024,1023,1023,1023,1022,1022,1021,1021,1020,1019,1018,1017,1016,1015,1014,1014,1013,1013,1012,1011,1009,1008,1006,1004,1002,999,997,994,991,988,985,982,979,976,973,970,966,963,960,957,954,951,949,946,944,942,940,938,936,935,934,933,932,932,932,931,929,926,922,916,909,901,892,882,871,860,847,834,821,807,792,763,763,749,736,722,709,695,681,668,654,641,627,614,600,586,573,559,546,532,519,505,492,503,515,526,538,550,561,573,584,596,608,619,631,643,654,666,677,689,701,712,724,736,747,759,770,794,794,809,823,838,853,867,881,894,907,919,931,942,952,962,970,978,985,990,995,999,1001,1003,1004,1004,1004,1004,1004,1004,1004,1004,1004,1004,1004,1004,1004,1004,1004,1004,1004,1004,1004,1004,1004,1004,1004,1004,1004,1004,1004,1004,1004,1004,1004,1004,1004,1004,1004,1004,1004,1004,1004,1004,1004,1004,1004,1004,1004,1004,1004,1004,1004,1004,1004,1004,1004,1004,1004,1004,1004,1004,1004,1004,1004,1004,1004,1004,1004,1004,1004,1004,1004,1004,1004,1004,1004,1004,1004,1004,1004,1004,1004,1004,1004,1004,1004,1004,1004,1004,1004,1004,1004,1004,1004,1004,1004,1004,1004,1004,1004,1004,1004,1004,1004,1004,1004,1004,1004,1004,1004,1004,1004,1004,1004,1004,1004,1004,1004,1004,1004,1004,1004,1004,1004,1004,1004,1004,1004,1004,1004,1004,1004,1004,1004,1004,1004,1004,1004,1004,1004,1004,1004,1004,1004,1004,1004,1004,1004,1004,1004,1004,1004,1004,1004,1004,1004,1004,1004,1004,1004,1004,1005,1005,1005,1005,1005,1005,1006,1006,1006,1006,1006,1007,1007,1007,1007,1008,1008,1008,1008,1009,1009,1009,1009,1010,1010,1010,1011,1011,1011,1012,1012,1012,1013,1013,1013,1014,1014,1015,1015,1015,1016,1016,1017,1017,1017,1018,1018,1019,1019,1020,1020,1020,1021,1021,1022,1022,1023,1023,1024,1024,1024,1025,1025,1026,1026,1027,1027,1028,1028,1029,1029,1029,1029,1030,1030,1030,1031,1031,1032,1033,1034,1035,1036,1037,1038,1040,1041,1043,1044,1046,1048,1050,1052,1054,1056,1058,1060,1062,1065,1067,1069,1072,1074,1077,1080,1082,1085,1088,1090,1093,1096,1099,1102,1105,1107,1110,1113,1116,1119,1122,1125,1128,1131,1133,1136,1139,1142,1145,1147,1150,1153,1155,1158,1161,1163,1165,1168,1170,1172,1175,1177,1179,1181,1183,1184,1186,1188,1190,1191,1192,1194,1195,1196,1197,1198,1199,1200,1201,1201,1202,1202,1203,1203,1203,1203,1203,1203,1203,1202,1202,1202,1201,1200,1199,1199,1198,1197,1195,1194,1193,1192,1190,1189,1187,1185,1183,1182,1180,1178,1176,1174,1171,1169,1167,1165,1162,1160,1157,1155,1152,1149,1147,1144,1141,1139,1136,1133,1130,1128,1125,1122,1119,1116,1113,1110,1108,1105,1102,1099,1096,1094,1091,1088,1086,1083,1080,1078,1075,1073,1070,1068,1065,1063,1061,1059,1057,1055,1053,1051,1049,1047,1045,1044,1042,1041,1039,1038,1037,1036,1035,1034,1033,1032,1031,1031,1030,1030,1030,1029,1029,1029,1029,1029,1029,1029,1029,1029,1029,1028,1028,1028,1028,1028,1028,1028,1028,1028,1028,1028,1027,1027,1027,1027,1027,1027,1027,1027,1027,1027,1027,1026,1026,1026,1026,1026,1026,1026,1026,1026,1026,1026,1026,1025,1025,1025,1025,1025,1025,1025,1025,1025,1025,1025,1024,1024,1024,1024,1024,1024,1024,1024,1024,1024,1024,1024,1024,1024,1024,1024,1024,1024,1024,1024,1024,1024,1024,1024,1024,1024,1024,1024,1024,1024,1024,1024,1024,1024,1024,1024,1024,1024,1024,1024,1024,1024,1024,1024,1024,1024,1024,1024,1024,1024,1024,1024,1024,1024,1024,1024,1024,1024,1024,1024,1024,1024,1024,1024,1024,1024,1024,1024,1024,1024,1024,1024,1024,1024,1024,1024,1024,1024,1024,1024,1024,1024,1024,1024,1024,1024,1024,1024,1024,1024,1024,1024,1024,1024,1024,1024,1024,1024,1024,1024,1024,1024,1024,1024,1024,1024,1024,1024,1024,1024,1024,1024,1024,1024,1024,1024,1024,1024,1024,1024,1024,1024,1024,1024,1024,1024,1024,1024,1024,1024,1024,1024,1024,1024,1024,1024,1024,1024,1024,1024,1024,1024,1024,1024,1024,1024,1024,1024,1024,1024,1024,1024,1024,1024,1024,1024,1024,1024,1024,1024,1024,1024,1024,1024,1024,1024,1024,1024,1024,1024,1024,1024,1024,1024,1024,1024,1024,1024,1024,1024,1024,1024,1024,1024,1024,1024,1024,1024,1024,1024,1024,1024,1024,1024,1024,1024,1024,1024,1024,1024,1024,1024,1024,1024,1024,1024,1024,1024,1024,1024,1025,1025,1026,1026,1027,1028,1029,1030,1032,1033,1034,1036,1038,1039,1041,1043,1045,1047,1049,1051,1053,1055,1057,1059,1061,1064,1066,1068,1070,1071,1073,1075,1077,1078,1080,1082,1083,1084,1085,1086,1087,1088,1089,1090,1090,1090,1090,1091,1090,1090,1090,1090,1089,1088,1087,1086,1085,1084,1083,1082,1080,1078,1077,1075,1073,1071,1070,1068,1066,1064,1061,1059,1057,1055,1053,1051,1049,1047,1045,1043,1041,1039,1038,1036,1034,1033,1032,1030,1029,1028,1027,1026,1026,1025,1025,1024,1024,1024,1024,1024,1024,1024,1024,1024,1024,1024,1024,1024,1024,1024,1024,1024,1024,1024,1024,1024,1024,1024,1024,1024,1024,1024,1024,1024,1024,1024,1024,1024,1024,1024,1024,1024,1024,1024,1024,1024,1024,1024,1024,1024,1024,1024,1024,1024,1024,1024,1024,1024,1024,1024,1024,1024,1024,1024,1024,1024,1024,1024,1024,1024,1024,1024,1024,1024,1024,1024,1024,1024,1024,1024,1024,1024,1024,1024,1024,1024,1024,1024,1024,1024,1024,1024,1024,1024,1024,1024,1024,1024,1024,1024,1024,1024,1024,1024,1024,1024,1024,1024,1024,1024,1024,1024,1024,1024,1024,1024,1024,1024,1024,1024,1024,1024,1024,1024,1024,1024,1024,1024,1024,1024,1024,1024,1024,1024,1024,1024,1024,1024,1024,1024,1024,1024,1024,1024,1024,1024,1024,1024,1024,1024,1024,1024,1024,1024,1024,1024,1024,1024,1024,1024,1024,1024,1024,1024,1024,1024,1024,1024,1024,1024,1024,1024,1024,1024,1024,1024,1024,1024,1024,1024,1024,1024,1024,1024,1024,1024,1024,1024,1024,1024,1024,1024,1024,1024,1024,1024,1024,1024,1024,1024,1024,1024,1024,1024,1024,1024,1024,1024,1024

lead:II
count:1338
points:1024,1024,1024,1025,1025,1026,1027,1028,1029,1030,1032,1033,1035,1037,1039,1041,1043,1045,1047,1050,1052,1055,1057,1060,1062,1065,1068,1070,1073,1075,1078,1080,1083,1085,1088,1090,1092,1094,1096,1098,1100,1102,1103,1105,1106,1107,1108,1109,1110,1110,1111,1111,1111,1111,1111,1110,1110,1109,1108,1107,1106,1105,1104,1102,1101,1099,1097,1095,1094,1091,1089,1087,1085,1082,1080,1078,1075,1073,1070,1068,1065,1062,1060,1057,1055,1053,1050,1048,1046,1044,1042,1040,1038,1036,1034,1033,1031,1030,1029,1028,1027,1026,1025,1025,1024,1024,1024,1024,1024,1024,1024,1024,1024,1024,1024,1024,1024,1024,1024,1024,1024,1024,1024,1024,1024,1024,1024,1024,1024,1024,1024,1024,1024,1024,1024,1024,1024,1024,1024,1024,1024,1024,1024,1024,1024,1024,1024,1024,1024,1024,1024,1024,1024,1024,1024,1024,1024,1024,1024,1024,1024,1024,1024,1024,1024,1024,1024,1024,1024,1024,1024,1024,1024,1024,1024,1024,1024,1024,1024,1024,1024,1024,1024,1024,1024,1024,1024,1024,1024,1024,1024,1024,1024,1024,1024,1024,1024,1024,1024,1024,1024,1024,1024,1024,1024,1024,1024,1024,1024,1024,1024,1024,1024,1024,1024,1025,1025,1025,1026,1026,1027,1028,1029,1030,1032,1033,1035,1037,1039,1041,1044,1047,1050,1053,1057,1061,1064,1068,1072,1076,1079,1083,1087,1090,1094,1098,1102,1105,1109,1113,1116,1120,1124,1128,1131,1135,1139,1142,1146,1150,1154,1157,1161,1165,1168,1172,1176,1180,1183,1187,1191,1194,1198,1250,1301,1352,1401,1449,1495,1539,1580,1618,1653,1685,1712,1736,1756,1772,1783,1792,1792,1776,1761,1745,1730,1714,1698,1683,1667,1651,1636,1620,1605,1589,1573,1558,1542,1527,1511,1495,1480,1465,1450,1435,1420,1405,1390,1375,1360,1345,1330,1315,1300,1285,1270,1255,1240,1225,1210,1195,1180,1165,1150,1135,1120,1091,1091,1083,1075,1069,1063,1057,1053,1049,1045,1042,1039,1037,1035,1033,1032,1031,1030,1030,1029,1029,1029,1029,1029,1029,1029,1029,1029,1029,1029,1029,1029,1029,1029,1028,1028,1028,1028,1028,1028,1028,1028,1028,1028,1028,1028,1028,1028,1028,1028,1028,1028,1028,1027,1027,1027,1027,1027,1027,1027,1027,1027,1027,1027,1027,1027,1027,1027,1027,1027,1027,1027,1026,1026,1026,1026,1026,1026,1026,1026,1026,1026,1026,1026,1026,1026,1026,1026,1026,1026,1026,1026,1026,1026,1025,1025,1025,1025,1025,1025,1025,1025,1025,1025,1025,1025,1025,1025,1025,1025,1025,1025,1025,1025,1025,1025,1025,1025,1025,1025,1025,1025,1025,1025,1025,1024,1024,1024,1024,1024,1024,1024,1024,1024,1024,1024,1024,1024,1024,1024,1024,1024,1024,1024,1024,1024,1024,1024,1024,1024,1024,1024,1024,1024,1024,1024,1024,1024,1024,1024,1024,1024,1024,1024,1024,1024,1024,1024,1024,1024,1024,1024,1024,1024,1024,1024,1024,1024,1024,1024,1024,1024,1024,1024,1024,1024,1024,1024,1024,1024,1024,1024,1024,1024,1024,1024,1024,1024,1024,1024,1024,1024,1024,1024,1024,1024,1024,1024,1024,1024,1024,1024,1024,1024,1024,1024,1024,1024,1024,1024,1024,1024,1024,1024,1024,1024,1024,1024,1024,1024,1024,1024,1024,1024,1024,1024,1024,1024,1024,1024,1024,1024,1024,1024,1024,1024,1024,1024,1024,1024,1024,1024,1024,1024,1024,1024,1024,1024,1025,1025,1025,1025,1026,1026,1026,1026,1027,1027,1028,1028,1028,1029,1029,1030,1030,1031,1032,1032,1033,1033,1034,1035,1035,1036,1037,1037,1038,1039,1039,1040,1041,1042,1042,1043,1044,1045,1046,1046,1047,1048,1049,1049,1050,1051,1052,1052,1053,1054,1055,1055,1056,1057,1057,1058,1059,1059,1060,1061,1061,1062,1062,1063,1064,1064,1065,1065,1066,1066,1066,1067,1067,1068,1068,1068,1069,1069,1069,1069,1069,1070,1070,1070,1070,1070,1070,1070,1070,1070,1070,1070,1070,1070,1069,1069,1069,1069,1069,1068,1068,1068,1067,1067,1067,1066,1066,1065,1065,1064,1064,1063,1063,1062,1062,1061,1060,1060,1059,1059,1058,1057,1057,1056,1055,1054,1054,1053,1052,1052,1051,1050,1049,1049,1048,1047,1046,1046,1045,1044,1043,1043,1042,1041,1040,1040,1039,1038,1038,1037,1036,1036,1035,1034,1034,1033,1032,1032,1031,1031,1030,1030,1029,1029,1028,1028,1027,1027,1027,1026,1026,1026,1025,1025,1025,1025,1025,1024,1024,1024,1024,1024,1024,1024,1024,1024,1024,1024,1024,1025,1025,1025,1025,1025,1025,1025,1025,1025,1025,1025,1026,1026,1026,1026,1026,1026,1026,1026,1026,1026,1026,1026,1027,1027,1027,1027,1027,1027,1027,1027,1027,1027,1027,1028,1028,1028,1028,1028,1028,1028,1028,1028,1028,1028,1029,1029,1029,1029,1029,1029,1029,1024,1024,1024,1024,1024,1024,1024,1024,1024,1024,1024,1024,1024,1024,1024,1024,1024,1024,1024,1024,1024,1024,1024,1024,1024,1024,1024,1024,1024,1024,1024,1024,1024,1024,1024,1024,1024,1024,1024,1024,1024,1024,1024,1024,1024,1024,1024,1024,1024,1024,1024,1024,1024,1024,1024,1024,1024,1024,1024,1024,1024,1024,1024,1024,1024,1024,1024,1024,1024,1024,1024,1024,1024,1024,1024,1024,1024,1024,1024,1024,1024,1024,1024,1024,1024,1024,1024,1024,1024,1024,1024,1024,1024,1024,1024,1024,1024,1024,1024,1024,1024,1024,1024,1024,1024,1024,1024,1024,1024,1024,1024,1024,1024,1024,1024,1024,1024,1024,1024,1024,1024,1024,1024,1024,1024,1024,1024,1024,1024,1024,1024,1024,1024,1024,1024,1024,1024,1024,1024,1024,1024,1024,1024,1024,1024,1024,1024,1024,1024,1024,1024,1024,1024,1024,1024,1024,1024,1024,1024,1024,1024,1024,1024,1024,1024,1024,1024,1024,1024,1024,1024,1024,1024,1024,1024,1024,1024,1024,1024,1024,1024,1024,1024,1024,1024,1024,1024,1024,1024,1024,1024,1024,1024,1024,1024,1024,1024,1024,1024,1024,1024,1024,1024,1024,1024,1025,1025,1026,1027,1028,1029,1030,1032,1033,1035,1037,1039,1041,1043,1045,1048,1050,1052,1055,1057,1060,1062,1065,1068,1070,1073,1075,1078,1080,1082,1085,1087,1089,1091,1093,1095,1097,1098,1100,1101,1102,1103,1104,1105,1105,1106,1106,1106,1106,1106,1105,1105,1104,1103,1102,1101,1100,1098,1097,1095,1093,1091,1089,1087,1085,1082,1080,1078,1075,1073,1070,1068,1065,1062,1060,1057,1055,1052,1050,1048,1045,1043,1041,1039,1037,1035,1033,1032,1030,1029,1028,1027,1026,1025,1025,1024,1024,1024,1024,1024,1024,1024,1024,1024,1024,1024,1024,1024,1024,1024,1024,1024,1024,1024,1024,1024,1024,1024,1024,1024,1024,1024,1024,1024,1024,1024,1024,1024,1024,1024,1024,1024,1024,1024,1024,1024,1024,1024,1024,1024,1024,1024,1024,1024,1024,1024,1024,1024,1024,1024,1024,1024,1024,1024,1024,1024,1024,1024,1024,1024,1024,1024,1024,1024,1024,1024,1024,1024,1024,1024,1024,1024,1024,1024,1024,1024,1024,1024,1024,1024,1024,1024,1024,1024,1024,1024,1024,1024,1024,1024,1024,1024,1024,1024,1024,1024,1024,1024,1024,1024,1024,1024,1024,1024,1024,1024,1024,1024,1024,1024,1024,1024,1024,1024,1024,1024,1024,1024,1024,1024,1024,1024,1024,1024,1024,1024,1024,1024,1024,1024,1024,1024,1024,1024,1024,1024,1024,1024,1024,1024,1024,1024,1024,1024,1024,1024,1024,1024,1024,1024,1024,1024,1024,1024,1024,1024,1024,1024,1024,1024,1024,1024,1024,1024,1024,1024,1024,1024,1024,1024,1024,1024,1024,1024,1024,1024,1024,1024,1024,1024,1024,1024,1024,1024,1024,1024,1024,1024,1024,1024,1024,1024,1024,1024,1024,1024,1024,1024,1024

lead:III
count:1338
points:1024,1024,1024,1024,1025,1025,1025,1026,1027,1027,1028,1029,1030,1031,1032,1033,1034,1035,1036,1038,1039,1040,1042,1043,1044,1046,1047,1048,1050,1051,1053,1054,1055,1056,1058,1059,1060,1061,1062,1063,1064,1065,1066,1067,1067,1068,1069,1069,1069,1070,1070,1070,1070,1070,1070,1070,1069,1069,1069,1068,1068,1067,1066,1066,1065,1064,1063,1062,1061,1060,1059,1057,1056,1055,1054,1052,1051,1050,1048,1047,1046,1044,1043,1042,1040,1039,1038,1037,1036,1034,1033,1032,1031,1030,1029,1029,1028,1027,1026,1026,1025,1025,1025,1024,1024,1024,1024,1024,1024,1024,1024,1024,1024,1024,1024,1024,1024,1024,1024,1024,1024,1024,1024,1024,1024,1024,1024,1024,1024,1024,1024,1024,1024,1024,1024,1024,1024,1024,1024,1024,1024,1024,1024,1024,1024,1024,1024,1024,1024,1024,1024,1024,1024,1024,1024,1024,1024,1024,1024,1024,1024,1024,1024,1024,1024,1024,1024,1024,1024,1024,1024,1024,1024,1024,1024,1024,1024,1024,1024,1024,1024,1024,1024,1024,1024,1024,1024,1024,1024,1024,1024,1024,1024,1024,1024,1024,1024,1024,1024,1024,1024,1024,1024,1024,1024,1024,1024,1024,1024,1024,1024,1024,1024,1024,1024,1024,1024,1024,1024,1024,1024,1024,1024,1024,1024,1024,1024,1024,1024,1024,1024,1024,1024,1024,1024,1025,1026,1027,1028,1030,1031,1033,1035,1038,1040,1043,1046,1049,1052,1056,1060,1063,1067,1072,1076,1081,1085,1090,1095,1100,1105,1110,1116,1121,1127,1132,1138,1144,1149,1155,1161,1172,1172,1184,1195,1206,1217,1228,1239,1250,1261,1272,1283,1295,1306,1317,1328,1339,1350,1372,1372,1399,1425,1451,1478,1504,1530,1557,1583,1609,1636,1662,1689,1715,1741,1768,1794,1820,1847,1873,1900,1872,1845,1817,1790,1763,1735,1708,1681,1653,1626,1598,1571,1544,1516,1489,1462,1434,1407,1379,1352,1325,1297,1270,1243,1188,1188,1177,1167,1157,1147,1137,1127,1118,1110,1101,1094,1087,1080,1074,1069,1065,1061,1058,1056,1055,1055,1054,1053,1053,1052,1051,1050,1050,1049,1048,1048,1047,1046,1046,1045,1045,1044,1043,1043,1042,1042,1041,1041,1040,1040,1039,1039,1038,1038,1037,1037,1036,1036,1035,1035,1034,1034,1034,1033,1033,1032,1032,1032,1031,1031,1031,1030,1030,1029,1029,1029,1029,1028,1028,1028,1027,1027,1027,1027,1026,1026,1026,1025,1025,1025,1025,1025,1024,1024,1024,1024,1024,1023,1023,1023,1023,1023,1022,1022,1022,1022,1022,1022,1022,1021,1021,1021,1021,1021,1021,1021,1021,1021,1020,1020,1020,1020,1020,1020,1020,1020,1020,1020,1020,1020,1020,1020,1019,1019,1019,1019,1019,1019,1019,1019,1019,1019,1019,1019,1019,1019,1019,1019,1019,1019,1019,1019,1019,1019,1019,1019,1019,1019,1019,1019,1019,1019,1019,1019,1019,1019,1019,1019,1019,1019,1019,1019,1019,1019,1019,1019,1019,1019,1019,1019,1019,1019,1019,1019,1018,1018,1018,1018,1018,1018,1018,1018,1018,1018,1018,1018,1018,1018,1017,1017,1017,1017,1017,1017,1017,1017,1017,1017,1016,1016,1016,1016,1016,1016,1016,1015,1015,1015,1015,1015,1015,1015,1014,1014,1014,1014,1014,1014,1013,1013,1013,1013,1013,1013,1012,1012,1012,1012,1012,1012,1011,1011,1011,1011,1011,1010,1010,1010,1010,1010,1010,1009,1009,1009,1009,1009,1009,1009,1008,1008,1008,1008,1008,1007,1007,1007,1006,1006,1006,1005,1005,1004,1003,1003,1002,1001,1001,1000,999,998,998,997,996,995,994,993,992,991,990,989,988,987,986,985,984,983,982,981,980,979,978,976,975,974,973,972,971,970,969,968,967,965,964,963,962,961,960,959,958,957,957,956,955,954,953,952,951,951,950,949,949,948,947,947,946,946,945,945,944,944,944,943,943,943,943,942,942,942,942,942,942,942,942,942,943,943,943,943,944,944,945,945,946,946,947,948,948,949,950,951,951,952,953,954,955,956,957,958,959,960,961,963,964,965,966,967,969,970,971,972,974,975,976,978,979,980,982,983,984,986,987,988,990,991,992,994,995,996,997,999,1000,1001,1002,1004,1005,1006,1007,1008,1009,1010,1011,1012,1013,1014,1015,1016,1016,1017,1018,1019,1019,1020,1020,1021,1021,1022,1022,1023,1023,1023,1023,1024,1024,1024,1024,1024,1024,1024,1024,1024,1024,1025,1025,1025,1025,1025,1025,1025,1025,1025,1025,1025,1026,1026,1026,1026,1026,1026,1026,1026,1026,1026,1026,1026,1027,1027,1027,1027,1027,1027,1027,1027,1027,1027,1027,1028,1028,1028,1028,1028,1028,1028,1028,1028,1028,1028,1029,1029,1029,1029,1029,1029,1029,1024,1024,1024,1024,1024,1024,1024,1024,1024,1024,1024,1024,1024,1024,1024,1024,1024,1024,1024,1024,1024,1024,1024,1024,1024,1024,1024,1024,1024,1024,1024,1024,1024,1024,1024,1024,1024,1024,1024,1024,1024,1024,1024,1024,1024,1024,1024,1024,1024,1024,1024,1024,1024,1024,1024,1024,1024,1024,1024,1024,1024,1024,1024,1024,1024,1024,1024,1024,1024,1024,1024,1024,1024,1024,1024,1024,1024,1024,1024,1024,1024,1024,1024,1024,1024,1024,1024,1024,1024,1024,1024,1024,1024,1024,1024,1024,1024,1024,1024,1024,1024,1024,1024,1024,1024,1024,1024,1024,1024,1024,1024,1024,1024,1024,1024,1024,1024,1024,1024,1024,1024,1024,1024,1024,1024,1024,1024,1024,1024,1024,1024,1024,1024,1024,1024,1024,1024,1024,1024,1024,1024,1024,1024,1024,1024,1024,1024,1024,1024,1024,1024,1024,1024,1024,1024,1024,1024,1024,1024,1024,1024,1024,1024,1024,1024,1024,1024,1024,1024,1024,1024,1024,1024,1024,1024,1024,1024,1024,1024,1024,1024,1024,1024,1024,1024,1024,1024,1024,1024,1024,1024,1024,1024,1024,1024,1024,1024,1024,1024,1024,1024,1024,1024,1024,1024,1024,1025,1025,1025,1026,1026,1027,1027,1028,1029,1030,1030,1031,1032,1033,1034,1035,1036,1037,1039,1040,1041,1042,1043,1044,1045,1046,1047,1049,1050,1051,1052,1052,1053,1054,1055,1056,1056,1057,1058,1058,1059,1059,1059,1060,1060,1060,1060,1060,1060,1060,1059,1059,1059,1058,1058,1057,1056,1056,1055,1054,1053,1052,1052,1051,1050,1049,1047,1046,1045,1044,1043,1042,1041,1040,1039,1037,1036,1035,1034,1033,1032,1031,1030,1030,1029,1028,1027,1027,1026,1026,1025,1025,1025,1024,1024,1024,1024,1024,1024,1024,1024,1024,1024,1024,1024,1024,1024,1024,1024,1024,1024,1024,1024,1024,1024,1024,1024,1024,1024,1024,1024,1024,1024,1024,1024,1024,1024,1024,1024,1024,1024,1024,1024,1024,1024,1024,1024,1024,1024,1024,1024,1024,1024,1024,1024,1024,1024,1024,1024,1024,1024,1024,1024,1024,1024,1024,1024,1024,1024,1024,1024,1024,1024,1024,1024,1024,1024,1024,1024,1024,1024,1024,1024,1024,1024,1024,1024,1024,1024,1024,1024,1024,1024,1024,1024,1024,1024,1024,1024,1024,1024,1024,1024,1024,1024,1024,1024,1024,1024,1024,1024,1024,1024,1024,1024,1024,1024,1024,1024,1024,1024,1024,1024,1024,1024,1024,1024,1024,1024,1024,1024,1024,1024,1024,1024,1024,1024,1024,1024,1024,1024,1024,1024,1024,1024,1024,1024,1024,1024,1024,1024,1024,1024,1024,1024,1024,1024,1024,1024,1024,1024,1024,1024,1024,1024,1024,1024,1024,1024,1024,1024,1024,1024,1024,1024,1024,1024,1024,1024,1024,1024,1024,1024,1024,1024,1024,1024,1024,1024,1024,1024,1024,1024,1024,1024,1024,1024,1024,1024,1024,1024,1024,1024,1024,1024,1024,1024,1024

lead:aVR
count:1338
points:1024,1024,1024,1023,1023,1022,1022,1021,1020,1019,1017,1016,1015,1013,1012,1010,1008,1006,1004,1002,1000,998,996,994,992,989,987,985,983,980,978,976,974,972,970,968,966,964,963,961,959,958,957,955,954,953,953,952,951,951,950,950,950,950,950,951,951,952,952,953,954,955,956,957,959,960,962,963,965,967,969,970,972,974,976,979,981,983,985,987,989,991,993,996,998,1000,1002,1004,1006,1007,1009,1011,1012,1014,1015,1017,1018,1019,1020,1021,1022,1022,1023,1023,1024,1024,1024,1024,1024,1024,1024,1024,1024,1024,1024,1024,1024,1024,1024,1024,1024,1024,1024,1024,1024,1024,1024,1024,1024,1024,1024,1024,1024,1024,1024,1024,1024,1024,1024,1024,1024,1024,1024,1024,1024,1024,1024,1024,1024,1024,1024,1024,1024,1024,1024,1024,1024,1024,1024,1024,1024,1024,1024,1024,1024,1024,1024,1024,1024,1024,1024,1024,1024,1024,1024,1024,1024,1024,1024,1024,1024,1024,1024,1024,1024,1024,1024,1024,1024,1024,1024,1024,1024,1024,1024,1024,1024,1024,1024,1024,1024,1024,1024,1024,1024,1024,1024,1024,1024,1024,1024,1024,1024,1024,1024,1024,1024,1024,1025,1025,1025,1025,1026,1026,1027,1028,1029,1029,1030,1032,1033,1034,1036,1023,1011,998,986,973,961,949,937,925,913,902,891,879,869,858,848,838,828,819,810,801,793,785,777,770,763,757,751,745,740,736,731,728,725,722,720,718,717,716,716,717,719,723,728,735,743,753,764,776,789,803,818,834,851,868,885,921,921,926,932,938,944,949,955,961,967,972,978,984,990,995,1001,1007,1013,1019,1024,1030,1036,1038,1041,1043,1045,1047,1049,1051,1052,1053,1054,1055,1056,1057,1058,1058,1059,1059,1059,1059,1060,1060,1060,1060,1060,1060,1060,1060,1060,1059,1059,1058,1058,1057,1056,1055,1055,1054,1053,1052,1051,1050,1050,1049,1049,1048,1048,1048,1048,1048,1048,1048,1048,1048,1048,1048,1048,1048,1048,1048,1047,1047,1047,1047,1047,1047,1047,1047,1047,1047,1047,1047,1047,1047,1047,1047,1047,1047,1047,1047,1047,1047,1046,1046,1046,1046,1046,1046,1046,1046,1046,1046,1046,1046,1046,1045,1045,1045,1045,1045,1045,1045,1045,1045,1045,1045,1044,1044,1044,1044,1044,1044,1044,1044,1044,1044,1044,1043,1043,1043,1043,1043,1043,1043,1043,1043,1043,1042,1042,1042,1042,1042,1042,1042,1042,1042,1042,1041,1041,1041,1041,1041,1041,1041,1041,1041,1041,1041,1041,1040,1040,1040,1040,1040,1040,1040,1040,1040,1040,1040,1040,1040,1040,1040,1039,1039,1039,1039,1039,1039,1039,1039,1039,1039,1039,1039,1039,1039,1039,1039,1039,1039,1039,1039,1039,1039,1039,1039,1039,1039,1039,1039,1039,1039,1039,1039,1039,1039,1038,1038,1038,1038,1038,1038,1038,1038,1037,1037,1037,1037,1037,1036,1036,1036,1036,1035,1035,1035,1035,1034,1034,1034,1033,1033,1033,1032,1032,1032,1031,1031,1030,1030,1030,1029,1029,1028,1028,1028,1027,1027,1026,1026,1025,1025,1024,1024,1023,1023,1022,1022,1021,1021,1020,1020,1019,1018,1018,1017,1017,1016,1016,1015,1014,1014,1013,1013,1012,1012,1011,1010,1010,1009,1009,1008,1007,1007,1006,1006,1006,1006,1006,1005,1005,1005,1004,1004,1003,1002,1001,1001,1000,999,998,997,996,995,993,992,991,989,988,986,985,983,982,980,978,977,975,973,971,970,968,966,964,962,960,958,956,954,952,950,948,946,944,942,940,938,936,934,932,930,928,926,925,923,921,919,917,915,914,912,910,909,907,906,904,903,902,900,899,898,897,895,894,893,892,892,891,890,889,889,888,888,887,887,887,886,886,886,886,886,886,886,887,887,887,888,888,889,890,890,891,892,893,894,895,896,897,898,900,901,902,904,905,907,909,910,912,914,915,917,919,921,923,925,927,929,931,933,935,937,939,941,943,946,948,950,952,954,956,959,961,963,965,967,969,971,973,975,977,979,981,983,985,987,989,991,992,994,996,997,999,1000,1002,1003,1004,1006,1007,1008,1009,1010,1011,1012,1013,1014,1015,1015,1016,1016,1017,1017,1018,1018,1018,1018,1018,1018,1018,1018,1018,1018,1018,1018,1018,1019,1019,1019,1019,1019,1019,1019,1019,1019,1019,1019,1019,1019,1019,1019,1019,1019,1019,1019,1020,1020,1020,1020,1020,1020,1020,1020,1020,1020,1020,1020,1020,1020,1020,1020,1020,1020,1020,1020,1021,1021,1021,1021,1021,1021,1021,1021,1021,1021,1024,1024,1024,1024,1024,1024,1024,1024,1024,1024,1024,1024,1024,1024,1024,1024,1024,1024,1024,1024,1024,1024,1024,1024,1024,1024,1024,1024,1024,1024,1024,1024,1024,1024,1024,1024,1024,1024,1024,1024,1024,1024,1024,1024,1024,1024,1024,1024,1024,1024,1024,1024,1024,1024,1024,1024,1024,1024,1024,1024,1024,1024,1024,1024,1024,1024,1024,1024,1024,1024,1024,1024,1024,1024,1024,1024,1024,1024,1024,1024,1024,1024,1024,1024,1024,1024,1024,1024,1024,1024,1024,1024,1024,1024,1024,1024,1024,1024,1024,1024,1024,1024,1024,1024,1024,1024,1024,1024,1024,1024,1024,1024,1024,1024,1024,1024,1024,1024,1024,1024,1024,1024,1024,1024,1024,1024,1024,1024,1024,1024,1024,1024,1024,1024,1024,1024,1024,1024,1024,1024,1024,1024,1024,1024,1024,1024,1024,1024,1024,1024,1024,1024,1024,1024,1024,1024,1024,1024,1024,1024,1024,1024,1024,1024,1024,1024,1024,1024,1024,1024,1024,1024,1024,1024,1024,1024,1024,1024,1024,1024,1024,1024,1024,1024,1024,1024,1024,1024,1024,1024,1024,1024,1024,1024,1024,1024,1024,1024,1024,1024,1024,1024,1024,1024,1024,1023,1022,1022,1021,1019,1018,1016,1015,1013,1011,1009,1006,1004,1001,999,996,993,990,987,984,981,978,975,972,969,966,963,960,957,954,952,949,947,944,942,940,938,936,934,932,931,930,929,928,927,927,927,926,927,927,927,928,929,930,931,932,934,936,938,940,942,944,947,949,952,954,957,960,963,966,969,972,975,978,981,984,987,990,993,996,999,1001,1004,1006,1009,1011,1013,1015,1016,1018,1019,1021,1022,1022,1023,1024,1024,1024,1024,1024,1024,1024,1024,1024,1024,1024,1024,1024,1024,1024,1024,1024,1024,1024,1024,1024,1024,1024,1024,1024,1024,1024,1024,1024,1024,1024,1024,1024,1024,1024,1024,1024,1024,1024,1024,1024,1024,1024,1024,1024,1024,1024,1024,1024,1024,1024,1024,1024,1024,1024,1024,1024,1024,1024,1024,1024,1024,1024,1024,1024,1024,1024,1024,1024,1024,1024,1024,1024,1024,1024,1024,1024,1024,1024,1024,1024,1024,1024,1024,1024,1024,1024,1024,1024,1024,1024,1024,1024,1024,1024,1024,1024,1024,1024,1024,1024,1024,1024,1024,1024,1024,1024,1024,1024,1024,1024,1024,1024,1024,1024,1024,1024,1024,1024,1024,1024,1024,1024,1024,1024,1024,1024,1024,1024,1024,1024,1024,1024,1024,1024,1024,1024,1024,1024,1024,1024,1024,1024,1024,1024,1024,1024,1024,1024,1024,1024,1024,1024,1024,1024,1024,1024,1024,1024,1024,1024,1024,1024,1024,1024,1024,1024,1024,1024,1024,1024,1024,1024,1024,1024,1024,1024,1024,1024,1024,1024,1024,1024,1024,1024,1024,1024,1024,1024,1024,1024,1024,1024,1024,1024,1024,1024,1024,1024,1024,1024,1024,1024,1024

lead:aVL
count:1338
points:1024,1024,1024,1024,1023,1023,1022,1021,1021,1020,1019,1018,1017,1015,1014,1013,1011,1010,1008,1007,1005,1003,1001,1000,998,996,994,993,991,989,987,986,984,982,981,979,978,976,975,973,972,971,970,969,968,967,967,966,966,965,965,965,965,965,965,965,966,966,967,967,968,969,970,971,972,973,974,975,977,978,980,981,983,984,986,988,989,991,993,994,996,998,1000,1001,1003,1004,1006,1008,1009,1011,1012,1013,1015,1016,1017,1018,1019,1020,1021,1022,1022,1023,1023,1024,1024,1024,1024,1024,1024,1024,1024,1024,1024,1024,1024,1024,1024,1024,1024,1024,1024,1024,1024,1024,1024,1024,1024,1024,1024,1024,1024,1024,1024,1024,1024,1024,1024,1024,1024,1024,1024,1024,1024,1024,1024,1024,1024,1024,1024,1024,1024,1024,1024,1024,1024,1024,1024,1024,1024,1024,1024,1024,1024,1024,1024,1024,1024,1024,1024,1024,1024,1024,1024,1024,1024,1024,1024,1024,1024,1024,1024,1024,1024,1024,1024,1024,1024,1024,1024,1024,1024,1024,1024,1024,1024,1024,1024,1024,1024,1024,1024,1024,1024,1024,1024,1024,1024,1024,1024,1024,1024,1024,1024,1024,1024,1023,1023,1022,1020,1017,1014,1010,1005,998,991,982,971,959,945,929,911,892,870,843,817,791,765,739,713,688,663,638,613,589,566,543,520,498,476,455,435,415,396,378,361,344,328,313,299,286,273,262,251,242,233,225,219,213,208,205,202,201,200,203,212,227,247,273,305,342,383,429,480,534,591,652,715,780,847,983,983,987,991,996,1000,1004,1008,1012,1015,1019,1022,1025,1028,1030,1032,1034,1036,1037,1038,1038,1039,1039,1040,1041,1042,1042,1043,1044,1044,1045,1046,1046,1047,1047,1048,1048,1049,1049,1050,1050,1050,1051,1051,1051,1051,1051,1051,1051,1051,1051,1051,1051,1051,1051,1051,1051,1050,1050,1050,1050,1050,1050,1049,1049,1049,1049,1048,1048,1048,1048,1047,1047,1046,1046,1046,1045,1045,1045,1044,1044,1043,1043,1043,1042,1042,1042,1041,1041,1040,1040,1040,1039,1039,1039,1038,1038,1038,1037,1037,1036,1036,1036,1035,1035,1035,1034,1034,1034,1033,1033,1033,1032,1032,1032,1031,1031,1031,1030,1030,1030,1029,1029,1029,1028,1028,1028,1027,1027,1027,1026,1026,1026,1026,1025,1025,1025,1024,1024,1024,1024,1023,1023,1023,1023,1022,1022,1022,1022,1021,1021,1021,1021,1020,1020,1020,1020,1020,1019,1019,1019,1019,1018,1018,1018,1018,1018,1018,1017,1017,1017,1017,1017,1017,1016,1016,1016,1016,1016,1016,1016,1015,1015,1015,1015,1015,1015,1015,1015,1015,1014,1014,1014,1014,1014,1014,1014,1014,1014,1014,1014,1014,1014,1014,1014,1014,1014,1014,1014,1014,1014,1014,1014,1014,1014,1014,1014,1014,1014,1014,1014,1013,1013,1013,1013,1013,1013,1013,1013,1013,1013,1013,1013,1013,1013,1013,1013,1013,1013,1013,1013,1013,1013,1013,1013,1013,1013,1013,1013,1013,1013,1013,1013,1013,1013,1012,1012,1012,1012,1012,1012,1012,1012,1012,1012,1012,1012,1012,1012,1012,1012,1012,1012,1012,1011,1011,1011,1011,1011,1011,1011,1011,1011,1011,1011,1011,1011,1011,1011,1011,1010,1010,1010,1010,1010,1010,1010,1010,1010,1010,1010,1010,1010,1009,1009,1009,1009,1008,1008,1008,1007,1007,1006,1006,1005,1005,1004,1004,1003,1002,1002,1001,1000,999,999,998,997,996,995,995,994,993,992,991,990,989,988,987,986,985,984,983,982,981,980,979,978,977,976,975,974,973,972,972,971,970,969,968,967,966,965,964,964,963,962,961,960,960,959,958,958,957,956,956,955,955,954,954,953,953,953,952,952,952,951,951,951,951,951,951,951,951,951,951,951,951,951,951,952,952,952,953,953,954,954,955,955,956,956,957,958,959,959,960,961,962,963,964,965,966,967,968,969,970,971,972,973,974,975,977,978,979,980,981,983,984,985,986,988,989,990,991,993,994,995,996,997,999,1000,1001,1002,1003,1005,1006,1007,1008,1009,1010,1011,1012,1013,1014,1015,1016,1017,1017,1018,1019,1020,1021,1021,1022,1022,1023,1024,1024,1025,1025,1025,1026,1026,1026,1026,1027,1027,1027,1027,1027,1027,1027,1027,1027,1026,1026,1026,1026,1026,1026,1026,1026,1026,1026,1025,1025,1025,1025,1025,1025,1025,1025,1025,1025,1024,1024,1024,1024,1024,1024,1024,1024,1024,1023,1023,1023,1023,1023,1023,1023,1023,1023,1023,1022,1022,1022,1022,1022,1022,1022,1022,1022,1022,1021,1021,1021,1021,1024,1024,1024,1024,1024,1024,1024,1024,1024,1024,1024,1024,1024,1024,1024,1024,1024,1024,1024,1024,1024,1024,1024,1024,1024,1024,1024,1024,1024,1024,1024,1024,1024,1024,1024,1024,1024,1024,1024,1024,1024,1024,1024,1024,1024,1024,1024,1024,1024,1024,1024,1024,1024,1024,1024,1024,1024,1024,1024,1024,1024,1024,1024,1024,1024,1024,1024,1024,1024,1024,1024,1024,1024,1024,1024,1024,1024,1024,1024,1024,1024,1024,1024,1024,1024,1024,1024,1024,1024,1024,1024,1024,1024,1024,1024,1024,1024,1024,1024,1024,1024,1024,1024,1024,1024,1024,1024,1024,1024,1024,1024,1024,1024,1024,1024,1024,1024,1024,1024,1024,1024,1024,1024,1024,1024,1024,1024,1024,1024,1024,1024,1024,1024,1024,1024,1024,1024,1024,1024,1024,1024,1024,1024,1024,1024,1024,1024,1024,1024,1024,1024,1024,1024,1024,1024,1024,1024,1024,1024,1024,1024,1024,1024,1024,1024,1024,1024,1024,1024,1024,1024,1024,1024,1024,1024,1024,1024,1024,1024,1024,1024,1024,1024,1024,1024,1024,1024,1024,1024,1024,1024,1024,1024,1024,1024,1024,1024,1024,1024,1024,1024,1024,1024,1024,1024,1024,1024,1024,1025,1025,1025,1025,1026,1026,1026,1027,1027,1028,1028,1029,1029,1030,1030,1031,1031,1032,1032,1033,1033,1034,1035,1035,1036,1036,1037,1037,1038,1038,1039,1039,1039,1040,1040,1040,1041,1041,1041,1041,1041,1042,1042,1042,1042,1042,1042,1042,1041,1041,1041,1041,1041,1040,1040,1040,1039,1039,1039,1038,1038,1037,1037,1036,1036,1035,1035,1034,1033,1033,1032,1032,1031,1031,1030,1030,1029,1029,1028,1028,1027,1027,1026,1026,1026,1025,1025,1025,1025,1024,1024,1024,1024,1024,1024,1024,1024,1024,1024,1024,1024,1024,1024,1024,1024,1024,1024,1024,1024,1024,1024,1024,1024,1024,1024,1024,1024,1024,1024,1024,1024,1024,1024,1024,1024,1024,1024,1024,1024,1024,1024,1024,1024,1024,1024,1024,1024,1024,1024,1024,1024,1024,1024,1024,1024,1024,1024,1024,1024,1024,1024,1024,1024,1024,1024,1024,1024,1024,1024,1024,1024,1024,1024,1024,1024,1024,1024,1024,1024,1024,1024,1024,1024,1024,1024,1024,1024,1024,1024,1024,1024,1024,1024,1024,1024,1024,1024,1024,1024,1024,1024,1024,1024,1024,1024,1024,1024,1024,1024,1024,1024,1024,1024,1024,1024,1024,1024,1024,1024,1024,1024,1024,1024,1024,1024,1024,1024,1024,1024,1024,1024,1024,1024,1024,1024,1024,1024,1024,1024,1024,1024,1024,1024,1024,1024,1024,1024,1024,1024,1024,1024,1024,1024,1024,1024,1024,1024,1024,1024,1024,1024,1024,1024,1024,1024,1024,1024,1024,1024,1024,1024,1024,1024,1024,1024,1024,1024,1024,1024,1024,1024,1024,1024,1024,1024,1024,1024,1024,1024,1024,1024,1024,1024,1024,1024,1024,1024,1024,1024,1024,1024,1024,1024,1024,1024,1024

lead:aVF
count:1338
points:1024,1024,1024,1025,1025,1026,1026,1027,1028,1030,1031,1032,1034,1035,1037,1039,1041,1043,1045,1047,1049,1051,1053,1056,1058,1060,1062,1065,1067,1069,1072,1074,1076,1078,1080,1082,1084,1086,1088,1090,1091,1093,1094,1095,1096,1097,1098,1099,1100,1100,1101,1101,1101,1101,1101,1100,1100,1099,1099,1098,1097,1096,1095,1093,1092,1090,1089,1087,1085,1084,1082,1080,1078,1076,1073,1071,1069,1067,1065,1062,1060,1058,1056,1054,1051,1049,1047,1045,1043,1041,1039,1038,1036,1034,1033,1032,1030,1029,1028,1027,1026,1026,1025,1025,1024,1024,1024,1024,1024,1024,1024,1024,1025,1025,1025,1025,1025,1025,1025,1025,1025,1025,1026,1026,1026,1026,1026,1026,1026,1026,1026,1026,1027,1027,1027,1027,1027,1027,1027,1027,1027,1027,1028,1028,1028,1028,1028,1028,1028,1028,1028,1028,1029,1029,1029,1029,1029,1029,1029,1029,1029,1029,1030,1030,1030,1030,1030,1030,1030,1030,1030,1030,1030,1031,1031,1031,1031,1031,1031,1031,1031,1031,1031,1032,1032,1032,1032,1032,1032,1032,1032,1032,1032,1033,1033,1033,1033,1033,1033,1033,1033,1033,1033,1034,1034,1034,1034,1034,1034,1034,1034,1040,1047,1053,1059,1065,1072,1078,1084,1090,1097,1103,1109,1115,1122,1128,1134,1140,1147,1153,1159,1165,1172,1188,1205,1221,1238,1254,1271,1287,1304,1321,1337,1354,1370,1387,1403,1420,1436,1453,1469,1486,1503,1519,1536,1552,1569,1585,1602,1618,1635,1651,1668,1685,1701,1718,1734,1751,1767,1784,1800,1833,1833,1810,1787,1764,1740,1717,1694,1671,1647,1624,1601,1578,1554,1531,1508,1484,1461,1415,1415,1402,1388,1375,1362,1349,1336,1322,1309,1296,1283,1270,1257,1243,1230,1217,1204,1191,1178,1164,1151,1143,1134,1126,1118,1110,1102,1094,1087,1079,1072,1065,1059,1053,1047,1042,1037,1032,1028,1024,1021,1018,1016,1014,1013,1012,1012,1012,1012,1012,1012,1012,1012,1012,1012,1012,1012,1012,1012,1012,1012,1012,1012,1012,1012,1012,1012,1012,1012,1012,1012,1012,1012,1012,1012,1012,1012,1012,1012,1012,1012,1013,1013,1013,1013,1013,1013,1013,1013,1013,1013,1013,1013,1013,1014,1014,1014,1014,1014,1014,1014,1014,1015,1015,1015,1015,1015,1015,1015,1016,1016,1016,1016,1016,1016,1017,1017,1017,1017,1017,1017,1018,1018,1018,1018,1018,1019,1019,1019,1019,1019,1019,1020,1020,1020,1020,1020,1021,1021,1021,1021,1021,1022,1022,1022,1022,1022,1023,1023,1023,1023,1023,1024,1024,1024,1024,1024,1024,1025,1025,1025,1025,1025,1026,1026,1026,1026,1026,1026,1027,1027,1027,1027,1027,1027,1027,1028,1028,1028,1028,1028,1028,1028,1028,1028,1029,1029,1029,1029,1029,1029,1029,1029,1029,1029,1029,1029,1030,1030,1030,1030,1030,1030,1030,1030,1030,1030,1030,1030,1030,1030,1030,1030,1030,1030,1030,1030,1030,1030,1030,1030,1030,1030,1030,1030,1030,1030,1030,1030,1031,1031,1031,1031,1031,1031,1031,1031,1031,1031,1031,1031,1032,1032,1032,1032,1032,1032,1032,1032,1032,1033,1033,1033,1033,1033,1033,1033,1034,1034,1034,1034,1034,1034,1034,1035,1035,1035,1035,1035,1035,1036,1036,1036,1036,1036,1036,1037,1037,1037,1037,1037,1038,1038,1038,1038,1038,1038,1039,1039,1039,1039,1039,1040,1040,1040,1040,1040,1040,1040,1040,1041,1041,1041,1041,1041,1042,1042,1042,1042,1043,1043,1044,1044,1044,1045,1045,1046,1046,1047,1048,1048,1049,1050,1050,1051,1052,1052,1053,1054,1055,1055,1056,1057,1058,1059,1059,1060,1061,1062,1063,1064,1064,1065,1066,1067,1068,1069,1070,1070,1071,1072,1073,1074,1075,1075,1076,1077,1078,1079,1079,1080,1081,1081,1082,1083,1083,1084,1085,1085,1086,1086,1087,1087,1088,1088,1089,1089,1090,1090,1090,1091,1091,1091,1091,1091,1092,1092,1092,1092,1092,1092,1092,1092,1092,1092,1092,1091,1091,1091,1091,1090,1090,1090,1089,1089,1088,1088,1087,1087,1086,1085,1085,1084,1083,1082,1082,1081,1080,1079,1078,1078,1077,1076,1075,1074,1073,1072,1071,1070,1069,1068,1067,1066,1065,1064,1063,1062,1061,1059,1058,1057,1056,1055,1054,1053,1052,1051,1050,1049,1048,1047,1046,1045,1044,1043,1042,1041,1041,1040,1039,1038,1037,1036,1036,1035,1034,1034,1033,1032,1032,1031,1031,1030,1030,1029,1029,1029,1028,1028,1028,1028,1027,1027,1027,1027,1027,1027,1027,1027,1027,1027,1027,1027,1027,1027,1027,1027,1028,1028,1028,1028,1028,1028,1028,1028,1028,1028,1028,1028,1028,1028,1028,1028,1028,1028,1028,1028,1029,1029,1029,1029,1029,1029,1029,1029,1029,1029,1029,1029,1029,1029,1029,1029,1029,1029,1029,1030,1030,1030,1030,1030,1030,1030,1030,1024,1024,1024,1024,1024,1024,1024,1024,1024,1024,1024,1024,1024,1024,1024,1024,1024,1024,1024,1024,1024,1024,1024,1024,1024,1024,1024,1024,1024,1024,1024,1024,1024,1024,1024,1024,1024,1024,1024,1024,1024,1024,1024,1024,1024,1024,1024,1024,1024,1024,1024,1024,1024,1024,1024,1024,1024,1024,1024,1024,1024,1024,1024,1024,1024,1024,1024,1024,1024,1024,1024,1024,1024,1024,1024,1024,1024,1024,1024,1024,1024,1024,1024,1024,1024,1024,1024,1024,1024,1024,1024,1024,1024,1024,1024,1024,1024,1024,1024,1024,1024,1024,1024,1024,1024,1024,1024,1024,1024,1024,1024,1024,1024,1024,1024,1024,1024,1024,1024,1024,1024,1024,1024,1024,1024,1024,1024,1024,1024,1024,1024,1024,1024,1024,1024,1024,1024,1024,1024,1024,1024,1024,1024,1024,1024,1024,1024,1024,1024,1024,1024,1024,1024,1024,1024,1024,1024,1024,1024,1024,1024,1024,1024,1024,1024,1024,1024,1024,1024,1024,1024,1024,1024,1024,1024,1024,1024,1024,1024,1024,1024,1024,1024,1024,1024,1024,1024,1024,1024,1024,1024,1024,1024,1024,1024,1024,1024,1024,1024,1024,1024,1024,1024,1024,1024,1025,1025,1026,1027,1028,1029,1030,1032,1033,1035,1037,1038,1040,1043,1045,1047,1049,1052,1054,1056,1059,1061,1064,1066,1069,1071,1074,1076,1079,1081,1083,1085,1087,1089,1091,1093,1095,1096,1098,1099,1100,1101,1102,1103,1103,1103,1104,1104,1104,1103,1103,1103,1102,1101,1100,1099,1098,1096,1095,1093,1091,1089,1087,1085,1083,1081,1079,1076,1074,1071,1069,1066,1064,1061,1059,1056,1054,1052,1049,1047,1045,1043,1040,1038,1037,1035,1033,1032,1030,1029,1028,1027,1026,1025,1025,1024,1024,1024,1024,1024,1024,1024,1024,1024,1024,1024,1024,1024,1024,1024,1024,1024,1024,1024,1024,1024,1024,1024,1024,1024,1024,1024,1024,1024,1024,1024,1024,1024,1024,1024,1024,1024,1024,1024,1024,1024,1024,1024,1024,1024,1024,1024,1024,1024,1024,1024,1024,1024,1024,1024,1024,1024,1024,1024,1024,1024,1024,1024,1024,1024,1024,1024,1024,1024,1024,1024,1024,1024,1024,1024,1024,1024,1024,1024,1024,1024,1024,1024,1024,1024,1024,1024,1024,1024,1024,1024,1024,1024,1024,1024,1024,1024,1024,1024,1024,1024,1024,1024,1024,1024,1024,1024,1024,1024,1024,1024,1024,1024,1024,1024,1024,1024,1024,1024,1024,1024,1024,1024,1024,1024,1024,1024,1024,1024,1024,1024,1024,1024,1024,1024,1024,1024,1024,1024,1024,1024,1024,1024,1024,1024,1024,1024,1024,1024,1024,1024,1024,1024,1024,1024,1024,1024,1024,1024,1024,1024,1024,1024,1024,1024,1024,1024,1024,1024,1024,1024,1024,1024,1024,1024,1024,1024,1024,1024,1024,1024,1024,1024,1024,1024,1024,1024,1024,1024,1024,1024,1024,1024,1024,1024,1024,1024,1024,1024,1024,1024,1024,1024,1024

lead:V1
count:1338
points:1024,1024,1024,1024,1024,1024,1024,1024,1025,1025,1025,1025,1025,1025,1025,1025,1025,1025,1025,1025,1025,1025,1025,1025,1026,1026,1026,1026,1026,1026,1026,1026,1026,1026,1026,1026,1026,1026,1026,1026,1026,1026,1026,1026,1026,1026,1026,1026,1026,1026,1026,1026,1026,1026,1026,1026,1026,1026,1026,1026,1026,1026,1026,1026,1026,1026,1026,1026,1026,1026,1026,1026,1026,1026,1026,1026,1026,1026,1026,1026,1026,1026,1026,1026,1026,1027,1027,1027,1027,1027,1027,1027,1027,1027,1027,1027,1027,1027,1027,1027,1027,1028,1028,1028,1028,1028,1028,1028,1028,1028,1028,1028,1028,1028,1028,1028,1028,1028,1028,1028,1028,1028,1028,1028,1028,1028,1028,1028,1028,1028,1028,1028,1028,1028,1028,1028,1028,1028,1028,1028,1028,1028,1028,1028,1028,1028,1028,1028,1028,1028,1028,1028,1028,1028,1028,1028,1028,1028,1028,1028,1028,1028,1028,1028,1028,1027,1027,1027,1027,1027,1027,1027,1027,1027,1027,1027,1027,1027,1027,1027,1027,1027,1027,1027,1027,1027,1027,1026,1026,1026,1026,1026,1026,1026,1026,1026,1026,1026,1026,1025,1025,1025,1025,1025,1025,1025,1025,1024,1024,1024,1024,1024,1024,1024,1024,1024,1024,1024,1025,1025,1025,1026,1026,1026,1027,1027,1027,1027,1027,1027,1027,1027,1027,1027,1027,1027,1027,1027,1028,1028,1028,1028,1029,1029,1029,1030,1031,1032,1032,1034,1035,1036,1037,1039,1040,1041,1042,1043,1044,1045,1045,1046,1046,1047,1047,1047,1047,1047,1048,1048,1048,1048,1048,1048,1048,1047,1047,1047,1047,1047,1047,1046,1046,1045,1043,1041,1038,1033,1027,1003,1003,987,972,957,942,928,914,900,887,875,864,854,844,836,828,822,816,812,809,807,807,776,745,715,685,655,626,598,570,543,518,493,469,447,426,406,388,371,356,343,331,321,313,306,302,298,298,301,312,329,352,382,416,456,499,545,592,641,690,738,784,827,866,901,930,954,971,981,985,986,987,989,990,991,992,994,995,996,997,999,1000,1001,1002,1003,1004,1005,1006,1007,1008,1009,1010,1011,1012,1013,1014,1015,1016,1017,1018,1018,1019,1020,1021,1022,1022,1023,1024,1025,1025,1026,1027,1027,1028,1029,1029,1030,1031,1031,1032,1032,1033,1033,1034,1034,1035,1035,1036,1036,1037,1037,1038,1038,1039,1039,1039,1040,1040,1041,1041,1041,1042,1042,1042,1043,1043,1043,1043,1044,1044,1044,1044,1045,1045,1045,1045,1046,1046,1046,1046,1046,1047,1047,1047,1047,1047,1047,1047,1048,1048,1048,1048,1048,1048,1048,1048,1048,1048,1049,1049,1049,1049,1049,1049,1049,1049,1049,1049,1049,1049,1049,1049,1049,1049,1049,1049,1049,1049,1049,1049,1049,1049,1049,1049,1049,1049,1049,1049,1049,1049,1049,1049,1049,1049,1050,1050,1050,1050,1050,1050,1051,1051,1051,1052,1052,1052,1053,1053,1054,1054,1055,1056,1056,1057,1057,1058,1059,1059,1060,1061,1062,1062,1063,1064,1065,1066,1066,1067,1068,1069,1070,1071,1072,1073,1073,1074,1075,1076,1077,1078,1079,1079,1080,1081,1082,1083,1084,1084,1085,1086,1087,1087,1088,1089,1089,1090,1091,1091,1092,1092,1093,1093,1094,1094,1095,1095,1096,1096,1096,1096,1097,1097,1097,1097,1097,1097,1097,1097,1097,1097,1097,1097,1097,1096,1096,1095,1095,1094,1093,1092,1092,1091,1090,1089,1087,1086,1085,1084,1082,1081,1080,1078,1077,1075,1073,1072,1070,1068,1066,1064,1063,1061,1059,1057,1055,1053,1051,1049,1047,1044,1042,1040,1038,1036,1034,1032,1030,1028,1025,1023,1021,1019,1017,1015,1013,1011,1009,1007,1005,1003,1002,1000,998,996,995,993,991,990,988,987,985,984,983,982,980,979,978,977,976,975,975,974,973,973,972,972,971,971,971,971,970,970,971,972,972,973,973,974,974,975,975,976,976,977,977,978,979,979,980,980,981,981,982,982,983,983,984,984,985,985,986,987,987,988,988,989,989,990,990,991,991,992,992,993,994,994,995,995,996,996,997,997,998,998,999,999,1000,1001,1001,1002,1002,1003,1003,1004,1004,1005,1005,1006,1006,1007,1008,1008,1009,1009,1010,1010,1011,1011,1012,1012,1013,1013,1014,1015,1015,1016,1016,1017,1017,1018,1018,1019,1019,1020,1020,1021,1022,1022,1022,1022,1022,1022,1022,1022,1022,1022,1022,1022,1022,1022,1022,1022,1022,1022,1022,1022,1022,1022,1022,1022,1022,1022,1022,1022,1022,1022,1022,1022,1022,1022,1022,1022,1022,1022,1022,1022,1022,1022,1022,1022,1022,1022,1022,1022,1022,1022,1022,1022,1022,1022,1022,1022,1022,1022,1022,1024,1024,1024,1024,1024,1024,1024,1024,1024,1024,1024,1024,1024,1024,1024,1024,1024,1024,1024,1024,1024,1024,1024,1024,1024,1024,1024,1024,1024,1024,1024,1024,1024,1024,1024,1024,1024,1024,1024,1024,1024,1024,1024,1024,1024,1024,1024,1024,1024,1024,1024,1024,1024,1024,1024,1024,1024,1024,1024,1024,1024,1024,1024,1024,1024,1024,1024,1024,1024,1024,1024,1024,1024,1024,1024,1024,1024,1024,1024,1024,1024,1024,1024,1024,1024,1024,1024,1024,1024,1024,1024,1024,1024,1024,1024,1024,1024,1024,1024,1024,1024,1024,1024,1024,1024,1024,1024,1024,1024,1024,1024,1024,1024,1024,1024,1024,1024,1024,1024,1024,1024,1024,1024,1024,1024,1024,1024,1024,1024,1024,1024,1024,1024,1024,1024,1024,1024,1024,1024,1024,1024,1024,1024,1024,1024,1024,1024,1024,1024,1024,1024,1024,1024,1024,1024,1024,1024,1024,1024,1024,1024,1024,1024,1024,1024,1024,1024,1024,1024,1024,1024,1024,1024,1024,1024,1024,1024,1024,1024,1024,1024,1024,1024,1024,1024,1024,1024,1024,1024,1024,1024,1024,1024,1024,1024,1024,1024,1024,1024,1024,1024,1024,1024,1024,1024,1024,1025,1025,1025,1026,1026,1027,1027,1028,1029,1030,1031,1032,1032,1033,1034,1036,1037,1038,1039,1040,1041,1042,1043,1045,1046,1047,1048,1049,1050,1051,1052,1053,1054,1055,1056,1056,1057,1058,1058,1059,1059,1060,1060,1060,1060,1060,1061,1060,1060,1060,1060,1060,1059,1059,1058,1058,1057,1056,1056,1055,1054,1053,1052,1051,1050,1049,1048,1047,1046,1045,1043,1042,1041,1040,1039,1038,1037,1036,1034,1033,1032,1032,1031,1030,1029,1028,1027,1027,1026,1026,1025,1025,1025,1024,1024,1024,1024,1024,1024,1024,1024,1024,1024,1024,1024,1024,1024,1024,1024,1024,1024,1024,1024,1024,1024,1024,1024,1024,1024,1024,1024,1024,1024,1024,1024,1024,1024,1024,1024,1024,1024,1024,1024,1024,1024,1024,1024,1024,1024,1024,1024,1024,1024,1024,1024,1024,1024,1024,1024,1024,1024,1024,1024,1024,1024,1024,1024,1024,1024,1024,1024,1024,1024,1024,1024,1024,1024,1024,1024,1024,1024,1024,1024,1024,1024,1024,1024,1024,1024,1024,1024,1024,1024,1024,1024,1024,1024,1024,1024,1024,1024,1024,1024,1024,1024,1024,1024,1024,1024,1024,1024,1024,1024,1024,1024,1024,1024,1024,1024,1024,1024,1024,1024,1024,1024,1024,1024,1024,1024,1024,1024,1024,1024,1024,1024,1024,1024,1024,1024,1024,1024,1024,1024,1024,1024,1024,1024,1024,1024,1024,1024,1024,1024,1024,1024,1024,1024,1024,1024,1024,1024,1024,1024,1024,1024,1024,1024,1024,1024,1024,1024,1024,1024,1024,1024,1024,1024,1024,1024,1024,1024,1024,1024,1024,1024,1024,1024,1024,1024,1024,1024,1024,1024,1024,1024,1024,1024,1024,1024,1024,1024,1024,1024,1024,1024,1024,1024,1024

lead:V2
count:1338
points:1024,1024,1024,1024,1024,1024,1024,1024,1024,1024,1024,1024,1024,1024,1024,1024,1024,1024,1024,1024,1024,1024,1024,1024,1024,1024,1024,1024,1024,1024,1024,1024,1024,1024,1024,1024,1024,1024,1024,1024,1024,1024,1024,1024,1024,1024,1024,1024,1024,1024,1024,1024,1024,1024,1024,1024,1024,1024,1024,1024,1024,1024,1024,1024,1024,1024,1024,1024,1024,1024,1024,1024,1024,1024,1024,1024,1024,1024,1024,1024,1024,1024,1024,1024,1024,1024,1024,1024,1024,1024,1024,1024,1024,1024,1024,1024,1024,1024,1024,1024,1024,1024,1024,1024,1024,1024,1024,1024,1024,1024,1024,1024,1024,1024,1024,1024,1024,1024,1024,1024,1024,1024,1024,1024,1024,1024,1024,1024,1024,1024,1024,1024,1024,1024,1024,1024,1024,1024,1024,1024,1024,1024,1024,1024,1024,1024,1024,1024,1024,1024,1024,1024,1024,1024,1024,1024,1024,1024,1024,1024,1024,1024,1024,1024,1024,1024,1024,1024,1024,1024,1024,1024,1024,1024,1024,1024,1024,1024,1024,1024,1024,1024,1024,1024,1024,1024,1024,1024,1024,1024,1024,1024,1024,1024,1024,1024,1024,1024,1024,1024,1024,1024,1024,1024,1024,1024,1024,1024,1024,1024,1024,1025,1026,1027,1028,1029,1030,1031,1032,1033,1034,1035,1036,1036,1037,1037,1038,1038,1039,1039,1039,1039,1039,1039,1039,1038,1037,1036,1035,1034,1032,1030,1028,1025,1023,1020,1017,1013,1010,1006,1003,999,994,990,986,981,976,971,966,961,955,950,945,939,933,927,922,916,910,904,898,886,886,875,865,854,844,833,823,812,802,791,781,770,759,749,738,728,717,696,696,674,652,630,607,585,563,540,518,496,474,451,429,407,385,362,340,318,295,273,251,252,255,261,268,278,290,304,320,338,358,381,406,433,462,493,526,562,599,639,681,725,771,820,870,978,978,981,984,987,989,992,995,998,1000,1002,1005,1007,1009,1011,1012,1014,1015,1016,1017,1018,1018,1019,1019,1019,1019,1019,1019,1019,1019,1019,1019,1019,1020,1020,1020,1020,1020,1020,1021,1021,1021,1021,1022,1022,1022,1022,1023,1023,1023,1024,1024,1024,1025,1025,1026,1026,1026,1027,1027,1028,1028,1029,1029,1030,1030,1031,1031,1032,1033,1033,1034,1034,1035,1036,1036,1037,1037,1038,1039,1040,1040,1041,1042,1042,1043,1044,1045,1045,1046,1047,1048,1049,1050,1050,1051,1052,1053,1054,1055,1056,1056,1057,1058,1059,1060,1061,1062,1063,1064,1065,1066,1067,1068,1069,1070,1071,1072,1073,1074,1075,1076,1077,1078,1079,1080,1081,1083,1084,1085,1086,1087,1088,1089,1090,1091,1092,1094,1095,1096,1097,1098,1099,1100,1102,1103,1104,1105,1106,1107,1109,1110,1111,1112,1113,1115,1116,1117,1118,1119,1120,1122,1123,1124,1125,1126,1126,1127,1127,1127,1127,1128,1128,1129,1129,1130,1130,1131,1132,1133,1134,1135,1136,1137,1138,1139,1141,1142,1143,1145,1146,1148,1149,1151,1153,1154,1156,1158,1159,1161,1163,1165,1166,1168,1170,1172,1174,1176,1178,1179,1181,1183,1185,1187,1189,1191,1192,1194,1196,1198,1199,1201,1203,1204,1206,1207,1209,1210,1212,1213,1214,1216,1217,1218,1219,1220,1221,1222,1223,1224,1225,1225,1226,1227,1227,1228,1228,1228,1228,1229,1229,1229,1229,1229,1228,1228,1227,1227,1226,1225,1224,1223,1222,1221,1219,1218,1216,1215,1213,1211,1209,1207,1205,1202,1200,1198,1195,1193,1190,1187,1184,1181,1179,1176,1173,1170,1166,1163,1160,1157,1153,1150,1147,1143,1140,1137,1133,1130,1126,1123,1120,1116,1113,1109,1106,1103,1099,1096,1093,1090,1086,1083,1080,1077,1074,1071,1068,1066,1063,1060,1058,1055,1053,1050,1048,1046,1044,1042,1040,1038,1037,1035,1034,1032,1031,1030,1029,1028,1027,1026,1025,1025,1025,1024,1024,1024,1024,1024,1024,1024,1024,1024,1024,1024,1024,1024,1024,1024,1024,1024,1024,1024,1024,1024,1024,1024,1024,1024,1024,1024,1024,1024,1024,1024,1024,1024,1024,1024,1024,1024,1024,1024,1024,1024,1024,1024,1024,1024,1024,1024,1024,1024,1024,1024,1024,1024,1024,1024,1024,1024,1024,1024,1024,1024,1024,1024,1024,1024,1024,1024,1024,1024,1024,1024,1024,1024,1024,1024,1024,1024,1024,1024,1024,1024,1024,1024,1024,1024,1024,1024,1024,1024,1024,1024,1024,1024,1024,1024,1024,1024,1024,1024,1024,1024,1024,1024,1024,1024,1024,1024,1024,1024,1024,1024,1024,1024,1024,1024,1024,1024,1024,1024,1024,1024,1024,1024,1024,1024,1024,1024,1024,1024,1024,1024,1024,1024,1024,1024,1024,1024,1024,1024,1024,1024,1024,1024,1024,1024,1024,1024,1024,1024,1024,1024,1024,1024,1024,1024,1024,1024,1024,1024,1024,1024,1024,1024,1024,1024,1024,1024,1024,1024,1024,1024,1024,1024,1024,1024,1024,1024,1024,1024,1024,1024,1024,1024,1024,1024,1024,1024,1024,1024,1024,1024,1024,1024,1024,1024,1024,1024,1024,1024,1024,1024,1024,1024,1024,1024,1024,1024,1024,1024,1024,1024,1024,1024,1024,1024,1024,1024,1024,1024,1024,1024,1024,1024,1024,1024,1024,1024,1024,1024,1024,1024,1024,1024,1024,1024,1024,1024,1024,1024,1024,1024,1024,1024,1024,1024,1024,1024,1024,1024,1024,1024,1024,1024,1024,1024,1024,1024,1024,1024,1024,1024,1024,1024,1024,1024,1024,1024,1024,1024,1024,1024,1024,1024,1024,1024,1024,1024,1024,1024,1024,1024,1024,1024,1024,1024,1024,1024,1024,1024,1024,1024,1024,1024,1024,1024,1024,1024,1024,1024,1024,1024,1024,1024,1024,1024,1024,1024,1024,1024,1024,1024,1024,1024,1024,1024,1024,1024,1024,1024,1024,1024,1024,1024,1024,1024,1024,1024,1024,1024,1024,1024,1024,1024,1024,1024,1024,1024,1024,1024,1024,1024,1024,1024,1024,1024,1024,1024,1024,1024,1024,1024,1024,1024,1024,1024,1024,1024,1024,1024,1024,1024,1024,1024,1024,1024,1024,1024,1025,1025,1025,1025,1025,1025,1026,1026,1026,1026,1026,1027,1027,1027,1027,1027,1028,1028,1028,1028,1028,1028,1029,1029,1029,1029,1029,1029,1029,1029,1029,1029,1028,1027,1026,1025,1024,1023,1022,1021,1020,1019,1018,1017,1016,1015,1014,1013,1012,1011,1010,1009,1009,1009,1009,1009,1009,1009,1010,1010,1010,1011,1011,1012,1012,1013,1013,1014,1015,1015,1016,1016,1017,1018,1018,1019,1019,1020,1020,1021,1021,1022,1022,1023,1023,1023,1023,1024,1024,1024,1024,1024,1024,1024,1024,1024,1024,1024,1024,1024,1024,1024,1024,1024,1024,1024,1024,1024,1024,1024,1024,1024,1024,1024,1024,1024,1024,1024,1024,1024,1024,1024,1024,1024,1024,1024,1024,1024,1024,1024,1024,1024,1024,1024,1024,1024,1024,1024,1024,1024,1024,1024,1024,1024,1024,1024,1024,1024,1024,1024,1024,1024,1024,1024,1024,1024,1024,1024,1024,1024,1024,1024,1024,1024,1024,1024,1024,1024,1024,1024,1024,1024,1024,1024,1024,1024,1024,1024,1024,1024,1024,1024,1024,1024,1024,1024,1024,1024,1024,1024,1024,1024,1024,1024,1024,1024,1024,1024,1024,1024,1024,1024,1024,1024,1024,1024,1024,1024,1024,1024,1024,1024,1024,1024,1024,1024,1024,1024,1024,1024,1024,1024,1024,1024,1024,1024,1024,1024,1024,1024,1024,1024,1024,1024,1024,1024,1024,1024,1024,1024,1024,1024,1024,1024,1024,1024,1024,1024,1024,1024,1024,1024,1024,1024,1024,1024,1024,1024,1024,1024,1024,1024,1024,1024,1024,1024,1024,1024,1024,1024,1024,1024,1024,1024,1024,1024,1024,1024,1024,1024,1024,1024,1024,1024,1024,1024,1024,1024,1024,1024,1024,1024,1024

lead:V3
count:1338
points:1024,1024,1024,1024,1024,1024,1024,1024,1024,1024,1024,1024,1024,1024,1024,1024,1024,1024,1024,1024,1024,1024,1024,1024,1024,1024,1024,1024,1024,1024,1024,1024,1024,1024,1024,1024,1024,1024,1024,1024,1025,1025,1025,1025,1025,1025,1025,1025,1025,1025,1026,1026,1027,1026,1026,1026,1026,1025,1025,1025,1025,1025,1025,1025,1025,1025,1025,1025,1025,1025,1025,1025,1025,1025,1025,1025,1025,1025,1025,1025,1025,1024,1024,1024,1024,1024,1024,1023,1023,1023,1023,1023,1023,1022,1022,1022,1022,1022,1022,1021,1021,1021,1021,1021,1020,1020,1020,1020,1020,1020,1020,1020,1020,1020,1020,1020,1020,1020,1020,1020,1020,1020,1020,1020,1020,1020,1020,1020,1020,1020,1020,1020,1020,1020,1020,1020,1020,1020,1020,1020,1020,1020,1020,1020,1020,1020,1020,1020,1020,1020,1020,1020,1020,1020,1020,1020,1020,1020,1020,1020,1020,1020,1020,1020,1020,1021,1021,1021,1021,1021,1021,1021,1021,1021,1021,1021,1021,1021,1021,1021,1021,1021,1021,1021,1021,1021,1021,1022,1022,1022,1022,1022,1022,1022,1022,1022,1022,1022,1022,1023,1023,1023,1023,1023,1023,1023,1023,1024,1024,1024,1024,1030,1037,1043,1049,1055,1061,1067,1073,1078,1083,1088,1092,1096,1100,1103,1106,1108,1110,1112,1113,1114,1114,1114,1114,1113,1112,1111,1110,1109,1108,1106,1104,1102,1100,1098,1095,1093,1090,1087,1084,1080,1077,1073,1070,1066,1062,1058,1054,1049,1045,1040,1036,1031,1027,1022,1017,1012,1007,1002,998,988,988,965,943,920,898,876,853,831,808,786,764,741,719,696,674,652,629,584,584,566,547,529,511,493,476,460,444,429,415,403,391,381,371,364,357,352,348,346,345,391,437,482,527,571,615,657,698,738,777,814,849,882,914,943,971,995,1018,1038,1056,1071,1083,1093,1099,1105,1105,1105,1105,1104,1103,1103,1102,1100,1099,1098,1096,1094,1092,1090,1088,1086,1083,1081,1078,1076,1073,1070,1068,1068,1068,1068,1068,1068,1068,1068,1068,1068,1068,1068,1068,1068,1068,1068,1068,1068,1068,1068,1069,1069,1069,1069,1069,1069,1069,1069,1069,1069,1069,1070,1070,1070,1070,1070,1070,1070,1071,1071,1071,1071,1071,1071,1071,1072,1072,1072,1072,1072,1073,1073,1073,1073,1073,1073,1074,1074,1074,1074,1075,1075,1075,1075,1075,1076,1076,1076,1076,1077,1077,1077,1077,1078,1078,1078,1078,1079,1079,1079,1079,1080,1080,1080,1081,1081,1081,1081,1082,1082,1082,1083,1083,1083,1084,1084,1084,1084,1085,1085,1085,1086,1086,1086,1087,1087,1087,1088,1088,1088,1089,1089,1089,1090,1090,1090,1091,1091,1091,1092,1092,1092,1093,1093,1093,1094,1094,1094,1095,1095,1096,1096,1096,1097,1097,1097,1098,1098,1098,1099,1099,1099,1100,1101,1102,1103,1104,1104,1105,1106,1107,1108,1109,1110,1111,1112,1113,1114,1115,1116,1117,1118,1119,1120,1121,1121,1122,1123,1124,1125,1126,1127,1128,1129,1130,1131,1132,1133,1134,1135,1136,1137,1138,1138,1139,1140,1141,1142,1143,1144,1145,1146,1147,1148,1149,1150,1151,1152,1153,1154,1155,1155,1156,1157,1158,1159,1160,1161,1162,1163,1164,1165,1166,1167,1168,1169,1170,1171,1172,1172,1173,1174,1175,1176,1177,1178,1179,1180,1181,1182,1183,1184,1184,1185,1186,1187,1188,1189,1189,1190,1191,1192,1193,1194,1195,1195,1196,1197,1198,1199,1199,1200,1201,1202,1203,1203,1204,1205,1206,1206,1207,1208,1209,1209,1210,1211,1211,1212,1213,1213,1214,1215,1215,1216,1217,1217,1218,1218,1219,1220,1220,1221,1221,1222,1222,1223,1223,1224,1224,1225,1225,1225,1226,1226,1227,1227,1227,1228,1228,1228,1229,1229,1229,1230,1230,1230,1230,1231,1231,1231,1231,1231,1231,1232,1232,1232,1232,1232,1232,1232,1232,1232,1232,1232,1232,1232,1231,1231,1230,1229,1229,1228,1227,1226,1224,1223,1222,1220,1218,1217,1215,1213,1211,1209,1207,1204,1202,1200,1197,1194,1192,1189,1186,1184,1181,1178,1175,1172,1169,1165,1162,1159,1156,1152,1149,1146,1143,1139,1136,1132,1129,1126,1122,1119,1116,1112,1109,1106,1102,1099,1096,1093,1090,1087,1083,1080,1078,1075,1072,1069,1066,1064,1061,1059,1056,1054,1052,1049,1047,1045,1043,1041,1040,1038,1037,1035,1034,1033,1031,1030,1029,1029,1028,1027,1027,1026,1026,1026,1026,1026,1026,1026,1026,1026,1026,1026,1026,1026,1026,1026,1026,1026,1026,1026,1026,1026,1026,1026,1026,1026,1026,1026,1026,1026,1026,1026,1026,1026,1026,1026,1026,1026,1026,1026,1026,1026,1026,1026,1026,1026,1026,1026,1026,1026,1026,1026,1026,1026,1026,1026,1026,1026,1026,1026,1026,1026,1024,1024,1024,1024,1024,1024,1024,1024,1024,1024,1024,1024,1024,1024,1024,1024,1024,1024,1024,1024,1024,1024,1024,1024,1024,1024,1024,1024,1024,1024,1024,1024,1024,1024,1024,1024,1024,1024,1024,1024,1024,1024,1024,1024,1024,1024,1024,1024,1024,1024,1024,1024,1024,1024,1024,1024,1024,1024,1024,1024,1024,1024,1024,1024,1024,1024,1024,1024,1024,1024,1024,1024,1024,1024,1024,1024,1024,1024,1024,1024,1024,1024,1024,1024,1024,1024,1024,1024,1024,1024,1024,1024,1024,1024,1024,1024,1024,1024,1024,1024,1024,1024,1024,1024,1024,1024,1024,1024,1024,1024,1024,1024,1024,1024,1024,1024,1024,1024,1024,1024,1024,1024,1024,1024,1024,1024,1024,1024,1024,1024,1024,1024,1024,1024,1024,1024,1024,1024,1024,1024,1024,1024,1024,1024,1024,1024,1024,1024,1024,1024,1024,1024,1024,1024,1024,1024,1024,1024,1024,1024,1024,1024,1024,1024,1024,1024,1024,1024,1024,1024,1024,1024,1024,1024,1024,1024,1024,1024,1024,1024,1024,1024,1024,1024,1024,1024,1024,1024,1024,1024,1024,1024,1024,1024,1024,1024,1024,1024,1024,1024,1024,1024,1024,1024,1024,1025,1025,1026,1026,1027,1028,1029,1030,1032,1033,1035,1036,1038,1040,1042,1043,1045,1047,1049,1051,1054,1056,1058,1060,1062,1064,1066,1068,1070,1072,1074,1076,1078,1079,1081,1082,1084,1085,1086,1087,1088,1089,1090,1091,1091,1091,1092,1092,1092,1091,1091,1091,1090,1089,1088,1087,1086,1085,1084,1082,1081,1079,1078,1076,1074,1072,1070,1068,1066,1064,1062,1060,1058,1056,1054,1051,1049,1047,1045,1043,1042,1040,1038,1036,1035,1033,1032,1030,1029,1028,1027,1026,1026,1025,1025,1024,1024,1024,1024,1024,1024,1024,1024,1024,1024,1024,1024,1024,1024,1024,1024,1024,1024,1024,1024,1024,1024,1024,1024,1024,1024,1024,1024,1024,1024,1024,1024,1024,1024,1024,1024,1024,1024,1024,1024,1024,1024,1024,1024,1024,1024,1024,1024,1024,1024,1024,1024,1024,1024,1024,1024,1024,1024,1024,1024,1024,1024,1024,1024,1024,1024,1024,1024,1024,1024,1024,1024,1024,1024,1024,1024,1024,1024,1024,1024,1024,1024,1024,1024,1024,1024,1024,1024,1024,1024,1024,1024,1024,1024,1024,1024,1024,1024,1024,1024,1024,1024,1024,1024,1024,1024,1024,1024,1024,1024,1024,1024,1024,1024,1024,1024,1024,1024,1024,1024,1024,1024,1024,1024,1024,1024,1024,1024,1024,1024,1024,1024,1024,1024,1024,1024,1024,1024,1024,1024,1024,1024,1024,1024,1024,1024,1024,1024,1024,1024,1024,1024,1024,1024,1024,1024,1024,1024,1024,1024,1024,1024,1024,1024,1024,1024,1024,1024,1024,1024,1024,1024,1024,1024,1024,1024,1024,1024,1024,1024,1024,1024,1024,1024,1024,1024,1024,1024,1024,1024,1024,1024,1024,1024,1024,1024,1024,1024,1024,1024,1024,1024,1024,1024

lead:V4
count:1338
points:1024,1024,1024,1024,1024,1024,1023,1023,1023,1023,1023,1023,1023,1023,1023,1023,1023,1022,1022,1022,1022,1022,1022,1022,1022,1022,1022,1022,1022,1022,1022,1022,1022,1022,1022,1022,1022,1022,1022,1022,1022,1022,1022,1022,1022,1022,1022,1022,1022,1022,1023,1023,1023,1024,1025,1026,1026,1027,1027,1027,1027,1027,1027,1028,1028,1028,1028,1028,1028,1028,1028,1028,1028,1028,1028,1028,1028,1028,1028,1027,1027,1027,1026,1026,1025,1025,1025,1024,1024,1023,1023,1023,1022,1022,1021,1021,1021,1020,1020,1019,1019,1019,1018,1018,1018,1017,1017,1017,1017,1017,1017,1017,1017,1017,1017,1017,1017,1017,1017,1017,1017,1017,1017,1017,1017,1017,1017,1017,1017,1017,1017,1017,1017,1017,1017,1017,1017,1017,1017,1017,1017,1017,1017,1017,1017,1017,1017,1017,1017,1017,1017,1017,1017,1017,1017,1017,1017,1017,1017,1017,1017,1017,1017,1017,1017,1017,1018,1018,1018,1018,1018,1018,1018,1018,1018,1018,1018,1018,1018,1018,1019,1019,1019,1019,1019,1019,1019,1019,1020,1020,1020,1020,1020,1020,1020,1021,1021,1021,1021,1021,1022,1022,1022,1022,1022,1023,1023,1023,1023,1024,1024,1024,1024,1025,1025,1026,1027,1028,1029,1030,1032,1034,1035,1037,1040,1042,1044,1047,1050,1053,1056,1059,1062,1072,1081,1090,1099,1109,1118,1127,1135,1144,1153,1161,1170,1178,1186,1194,1201,1208,1216,1223,1229,1236,1242,1248,1253,1259,1264,1268,1273,1277,1280,1284,1287,1289,1292,1294,1295,1297,1298,1298,1298,1297,1294,1289,1282,1273,1262,1249,1234,1218,1200,1181,1161,1140,1118,1095,1072,1024,1024,1020,1008,989,963,930,892,849,803,754,703,653,604,558,515,477,444,418,399,387,383,385,391,402,416,434,455,480,507,537,569,602,636,671,706,740,773,805,835,862,887,908,926,941,951,959,959,964,968,973,977,982,986,990,994,998,1002,1005,1008,1011,1014,1016,1018,1020,1021,1022,1023,1024,1024,1024,1024,1024,1024,1024,1024,1024,1024,1024,1024,1024,1025,1025,1025,1025,1025,1025,1025,1025,1025,1026,1026,1026,1026,1026,1026,1027,1027,1027,1027,1028,1028,1028,1028,1028,1029,1029,1029,1030,1030,1030,1030,1031,1031,1031,1032,1032,1032,1033,1033,1033,1034,1034,1034,1035,1035,1036,1036,1036,1037,1037,1038,1038,1039,1039,1039,1040,1040,1041,1041,1042,1042,1043,1043,1044,1044,1045,1045,1046,1046,1047,1047,1048,1048,1049,1049,1050,1051,1051,1052,1052,1053,1053,1054,1055,1055,1056,1056,1057,1058,1058,1059,1059,1060,1061,1061,1062,1062,1063,1064,1064,1065,1066,1066,1067,1068,1068,1069,1069,1070,1071,1071,1072,1073,1073,1074,1075,1075,1076,1077,1077,1078,1079,1079,1080,1081,1081,1082,1083,1083,1084,1085,1086,1088,1089,1090,1092,1093,1095,1096,1097,1099,1100,1102,1103,1104,1106,1107,1108,1110,1111,1113,1114,1115,1117,1118,1120,1121,1122,1124,1125,1127,1128,1129,1131,1132,1134,1135,1136,1138,1139,1141,1142,1143,1145,1146,1148,1149,1150,1152,1153,1155,1156,1157,1159,1160,1162,1163,1164,1166,1167,1169,1170,1171,1173,1174,1175,1177,1178,1180,1181,1182,1184,1185,1187,1188,1189,1191,1192,1194,1195,1196,1198,1199,1201,1202,1203,1205,1207,1210,1212,1214,1217,1219,1221,1224,1226,1228,1231,1233,1235,1238,1240,1242,1244,1247,1249,1251,1253,1256,1258,1260,1262,1264,1267,1269,1271,1273,1275,1277,1279,1281,1283,1285,1287,1289,1291,1293,1294,1296,1298,1300,1302,1303,1305,1307,1308,1310,1311,1313,1314,1316,1317,1319,1320,1322,1323,1324,1325,1327,1328,1329,1330,1331,1332,1333,1334,1335,1336,1337,1338,1339,1339,1340,1341,1341,1342,1343,1343,1344,1344,1344,1345,1345,1345,1346,1346,1346,1346,1346,1346,1346,1346,1346,1346,1345,1345,1344,1343,1342,1341,1339,1338,1336,1334,1332,1330,1328,1326,1323,1321,1318,1315,1313,1310,1306,1303,1300,1297,1293,1289,1286,1282,1278,1274,1270,1266,1262,1258,1254,1250,1245,1241,1237,1232,1228,1223,1219,1215,1210,1206,1201,1197,1192,1188,1183,1179,1175,1170,1166,1162,1158,1154,1150,1146,1142,1138,1134,1131,1127,1124,1120,1117,1114,1111,1108,1105,1102,1099,1097,1094,1092,1090,1088,1086,1084,1082,1081,1080,1078,1077,1076,1076,1075,1074,1074,1074,1074,1072,1071,1070,1069,1067,1066,1065,1064,1063,1061,1060,1059,1058,1057,1056,1054,1053,1052,1051,1050,1049,1048,1047,1046,1045,1044,1043,1042,1041,1040,1039,1039,1038,1037,1036,1036,1035,1034,1034,1033,1032,1032,1031,1031,1030,1030,1030,1029,1029,1029,1028,1028,1028,1028,1028,1028,1028,1024,1024,1024,1024,1024,1024,1024,1024,1024,1024,1024,1024,1024,1024,1024,1024,1024,1024,1024,1024,1024,1024,1024,1024,1024,1024,1024,1024,1024,1024,1024,1024,1024,1024,1024,1024,1024,1024,1024,1024,1024,1024,1024,1024,1024,1024,1024,1024,1024,1024,1024,1024,1024,1024,1024,1024,1024,1024,1024,1024,1024,1024,1024,1024,1024,1024,1024,1024,1024,1024,1024,1024,1024,1024,1024,1024,1024,1024,1024,1024,1024,1024,1024,1024,1024,1024,1024,1024,1024,1024,1024,1024,1024,1024,1024,1024,1024,1024,1024,1024,1024,1024,1024,1024,1024,1024,1024,1024,1024,1024,1024,1024,1024,1024,1024,1024,1024,1024,1024,1024,1024,1024,1024,1024,1024,1024,1024,1024,1024,1024,1024,1024,1024,1024,1024,1024,1024,1024,1024,1024,1024,1024,1024,1024,1024,1024,1024,1024,1024,1024,1024,1024,1024,1024,1024,1024,1024,1024,1024,1024,1024,1024,1024,1024,1024,1024,1024,1024,1024,1024,1024,1024,1024,1024,1024,1024,1024,1024,1024,1024,1024,1024,1024,1024,1024,1024,1024,1024,1024,1024,1024,1024,1024,1024,1024,1024,1024,1024,1024,1024,1024,1024,1024,1024,1024,1025,1025,1026,1026,1027,1028,1029,1031,1032,1033,1035,1036,1038,1040,1042,1044,1046,1048,1050,1052,1054,1056,1058,1061,1063,1065,1067,1069,1071,1073,1075,1077,1079,1080,1082,1083,1085,1086,1087,1088,1089,1090,1091,1092,1092,1092,1093,1093,1093,1092,1092,1092,1091,1090,1089,1088,1087,1086,1085,1083,1082,1080,1079,1077,1075,1073,1071,1069,1067,1065,1063,1061,1058,1056,1054,1052,1050,1048,1046,1044,1042,1040,1038,1036,1035,1033,1032,1031,1029,1028,1027,1026,1026,1025,1025,1024,1024,1024,1024,1024,1024,1024,1024,1024,1024,1024,1024,1024,1024,1024,1024,1024,1024,1024,1024,1024,1024,1024,1024,1024,1024,1024,1024,1024,1024,1024,1024,1024,1024,1024,1024,1024,1024,1024,1024,1024,1024,1024,1024,1024,1024,1024,1024,1024,1024,1024,1024,1024,1024,1024,1024,1024,1024,1024,1024,1024,1024,1024,1024,1024,1024,1024,1024,1024,1024,1024,1024,1024,1024,1024,1024,1024,1024,1024,1024,1024,1024,1024,1024,1024,1024,1024,1024,1024,1024,1024,1024,1024,1024,1024,1024,1024,1024,1024,1024,1024,1024,1024,1024,1024,1024,1024,1024,1024,1024,1024,1024,1024,1024,1024,1024,1024,1024,1024,1024,1024,1024,1024,1024,1024,1024,1024,1024,1024,1024,1024,1024,1024,1024,1024,1024,1024,1024,1024,1024,1024,1024,1024,1024,1024,1024,1024,1024,1024,1024,1024,1024,1024,1024,1024,1024,1024,1024,1024,1024,1024,1024,1024,1024,1024,1024,1024,1024,1024,1024,1024,1024,1024,1024,1024,1024,1024,1024,1024,1024,1024,1024,1024,1024,1024,1024,1024,1024,1024,1024,1024,1024,1024,1024,1024,1024,1024,1024,1024,1024,1024,1024,1024,1024

lead:V5
count:1338
points:1024,1024,1024,1024,1024,1023,1023,1023,1023,1023,1023,1023,1023,1023,1022,1022,1022,1022,1022,1022,1022,1022,1022,1022,1021,1021,1021,1021,1021,1021,1021,1021,1021,1021,1021,1021,1021,1021,1021,1021,1021,1021,1021,1021,1021,1021,1021,1022,1022,1022,1022,1022,1022,1022,1021,1021,1020,1020,1020,1020,1020,1020,1020,1020,1020,1019,1019,1019,1019,1019,1019,1019,1019,1019,1019,1019,1019,1019,1019,1019,1019,1019,1019,1019,1018,1018,1018,1018,1018,1017,1017,1017,1017,1017,1017,1016,1016,1016,1016,1016,1016,1015,1015,1015,1015,1015,1015,1015,1015,1015,1015,1015,1015,1015,1015,1015,1015,1015,1015,1015,1015,1015,1015,1015,1015,1015,1015,1015,1015,1015,1015,1015,1015,1015,1015,1015,1015,1015,1015,1015,1015,1015,1015,1015,1015,1015,1015,1015,1015,1015,1015,1015,1015,1015,1015,1015,1015,1015,1015,1015,1015,1015,1015,1015,1015,1016,1016,1016,1016,1016,1016,1016,1016,1016,1016,1016,1016,1017,1017,1017,1017,1017,1017,1017,1018,1018,1018,1018,1018,1018,1019,1019,1019,1019,1019,1020,1020,1020,1020,1021,1021,1021,1021,1022,1022,1022,1023,1023,1023,1024,1024,1024,1025,1026,1027,1029,1032,1035,1038,1041,1045,1050,1055,1060,1066,1072,1079,1086,1094,1102,1110,1119,1128,1145,1163,1180,1198,1215,1232,1249,1265,1282,1298,1314,1330,1345,1360,1375,1389,1403,1417,1430,1443,1455,1466,1477,1488,1498,1507,1516,1524,1532,1539,1545,1551,1556,1561,1564,1567,1570,1571,1573,1573,1555,1537,1520,1502,1484,1466,1449,1431,1413,1395,1378,1360,1342,1325,1307,1289,1254,1254,1206,1158,1111,1065,1020,976,934,894,856,821,788,759,732,709,689,672,659,649,644,642,642,644,647,650,655,660,667,675,683,692,703,714,725,738,751,765,780,795,810,826,842,859,876,893,927,927,935,943,950,958,965,973,980,986,993,999,1004,1010,1015,1019,1023,1027,1030,1032,1034,1035,1036,1037,1037,1037,1037,1037,1037,1037,1037,1037,1037,1037,1037,1037,1037,1037,1037,1037,1037,1037,1037,1037,1037,1037,1037,1037,1037,1037,1037,1037,1037,1037,1037,1037,1037,1037,1037,1037,1037,1037,1037,1037,1037,1037,1037,1037,1037,1037,1037,1037,1037,1037,1037,1037,1037,1037,1037,1037,1038,1038,1038,1038,1038,1038,1038,1038,1038,1038,1038,1038,1038,1038,1038,1038,1038,1038,1038,1038,1038,1038,1038,1038,1038,1038,1039,1039,1039,1039,1039,1039,1039,1039,1039,1039,1039,1039,1039,1039,1039,1039,1039,1039,1039,1039,1039,1039,1040,1040,1040,1040,1040,1040,1040,1040,1040,1040,1040,1040,1040,1040,1040,1040,1040,1040,1040,1041,1041,1041,1041,1041,1041,1041,1041,1041,1041,1041,1041,1041,1041,1041,1041,1041,1041,1042,1042,1042,1042,1042,1042,1042,1042,1042,1043,1043,1043,1044,1044,1044,1045,1045,1046,1046,1047,1047,1048,1048,1049,1050,1050,1051,1052,1053,1053,1054,1055,1056,1057,1058,1059,1060,1061,1062,1063,1064,1065,1066,1067,1068,1069,1071,1072,1073,1074,1075,1077,1078,1079,1081,1082,1083,1085,1086,1088,1089,1090,1092,1093,1095,1096,1098,1099,1101,1102,1104,1105,1107,1108,1110,1111,1113,1115,1116,1118,1119,1121,1123,1124,1126,1127,1129,1132,1135,1138,1141,1143,1146,1149,1152,1155,1158,1161,1164,1167,1169,1172,1175,1178,1181,1184,1186,1189,1192,1195,1197,1200,1203,1205,1208,1210,1213,1216,1218,1221,1223,1226,1228,1230,1233,1235,1237,1240,1242,1244,1246,1248,1251,1253,1255,1257,1259,1261,1263,1264,1266,1268,1270,1272,1273,1275,1276,1278,1279,1281,1282,1284,1285,1286,1288,1289,1290,1291,1292,1293,1294,1295,1296,1297,1298,1298,1299,1300,1300,1301,1301,1302,1302,1303,1303,1303,1304,1304,1304,1304,1304,1304,1304,1303,1303,1302,1301,1300,1299,1298,1297,1295,1293,1292,1290,1288,1285,1283,1281,1278,1275,1273,1270,1267,1264,1260,1257,1254,1250,1246,1243,1239,1235,1231,1227,1223,1219,1215,1211,1206,1202,1198,1193,1189,1184,1180,1175,1171,1166,1162,1157,1153,1148,1144,1139,1135,1131,1126,1122,1118,1114,1110,1105,1101,1098,1094,1090,1086,1083,1079,1076,1072,1069,1066,1063,1060,1057,1054,1052,1049,1047,1045,1043,1041,1039,1038,1036,1035,1033,1032,1031,1031,1030,1029,1029,1029,1029,1029,1029,1029,1029,1029,1029,1029,1029,1029,1029,1029,1029,1029,1029,1029,1029,1029,1029,1029,1029,1029,1029,1029,1029,1029,1029,1029,1029,1029,1029,1029,1029,1029,1029,1029,1029,1029,1029,1029,1029,1029,1029,1029,1029,1029,1029,1029,1029,1029,1029,1029,1029,1029,1029,1029,1029,1029,1024,1024,1024,1024,1024,1024,1024,1024,1024,1024,1024,1024,1024,1024,1024,1024,1024,1024,1024,1024,1024,1024,1024,1024,1024,1024,1024,1024,1024,1024,1024,1024,1024,1024,1024,1024,1024,1024,1024,1024,1024,1024,1024,1024,1024,1024,1024,1024,1024,1024,1024,1024,1024,1024,1024,1024,1024,1024,1024,1024,1024,1024,1024,1024,1024,1024,1024,1024,1024,1024,1024,1024,1024,1024,1024,1024,1024,1024,1024,1024,1024,1024,1024,1024,1024,1024,1024,1024,1024,1024,1024,1024,1024,1024,1024,1024,1024,1024,1024,1024,1024,1024,1024,1024,1024,1024,1024,1024,1024,1024,1024,1024,1024,1024,1024,1024,1024,1024,1024,1024,1024,1024,1024,1024,1024,1024,1024,1024,1024,1024,1024,1024,1024,1024,1024,1024,1024,1024,1024,1024,1024,1024,1024,1024,1024,1024,1024,1024,1024,1024,1024,1024,1024,1024,1024,1024,1024,1024,1024,1024,1024,1024,1024,1024,1024,1024,1024,1024,1024,1024,1024,1024,1024,1024,1024,1024,1024,1024,1024,1024,1024,1024,1024,1024,1024,1024,1024,1024,1024,1024,1024,1024,1024,1024,1024,1024,1024,1024,1024,1024,1024,1024,1024,1024,1024,1025,1025,1025,1026,1027,1028,1029,1030,1031,1032,1033,1035,1036,1038,1039,1041,1043,1045,1046,1048,1050,1052,1054,1056,1057,1059,1061,1063,1065,1066,1068,1070,1071,1073,1074,1075,1077,1078,1079,1080,1081,1081,1082,1082,1083,1083,1083,1083,1083,1083,1083,1082,1082,1081,1081,1080,1079,1078,1077,1075,1074,1073,1071,1070,1068,1066,1065,1063,1061,1059,1057,1056,1054,1052,1050,1048,1046,1045,1043,1041,1039,1038,1036,1035,1033,1032,1031,1030,1029,1028,1027,1026,1025,1025,1025,1024,1024,1024,1024,1024,1024,1024,1024,1024,1024,1024,1024,1024,1024,1024,1024,1024,1024,1024,1024,1024,1024,1024,1024,1024,1024,1024,1024,1024,1024,1024,1024,1024,1024,1024,1024,1024,1024,1024,1024,1024,1024,1024,1024,1024,1024,1024,1024,1024,1024,1024,1024,1024,1024,1024,1024,1024,1024,1024,1024,1024,1024,1024,1024,1024,1024,1024,1024,1024,1024,1024,1024,1024,1024,1024,1024,1024,1024,1024,1024,1024,1024,1024,1024,1024,1024,1024,1024,1024,1024,1024,1024,1024,1024,1024,1024,1024,1024,1024,1024,1024,1024,1024,1024,1024,1024,1024,1024,1024,1024,1024,1024,1024,1024,1024,1024,1024,1024,1024,1024,1024,1024,1024,1024,1024,1024,1024,1024,1024,1024,1024,1024,1024,1024,1024,1024,1024,1024,1024,1024,1024,1024,1024,1024,1024,1024,1024,1024,1024,1024,1024,1024,1024,1024,1024,1024,1024,1024,1024,1024,1024,1024,1024,1024,1024,1024,1024,1024,1024,1024,1024,1024,1024,1024,1024,1024,1024,1024,1024,1024,1024,1024,1024,1024,1024,1024,1024,1024,1024,1024,1024,1024,1024,1024,1024,1024,1024,1024,1024,1024,1024,1024,1024,1024

lead:V6
count:1338
points:1024,1024,1024,1024,1024,1024,1024,1024,1024,1024,1024,1024,1024,1024,1024,1024,1024,1024,1024,1024,1024,1024,1024,1024,1024,1024,1024,1024,1024,1024,1024,1024,1024,1024,1024,1024,1024,1024,1024,1024,1024,1024,1024,1024,1024,1024,1024,1024,1024,1024,1024,1024,1024,1024,1024,1024,1024,1024,1024,1024,1024,1024,1024,1024,1024,1024,1024,1024,1024,1024,1024,1024,1024,1024,1024,1024,1024,1024,1024,1024,1024,1024,1024,1024,1024,1024,1024,1024,1024,1024,1024,1024,1024,1024,1024,1024,1024,1024,1024,1024,1024,1024,1024,1024,1024,1024,1024,1024,1024,1024,1024,1024,1024,1024,1024,1024,1024,1024,1024,1024,1024,1024,1024,1024,1024,1024,1024,1024,1024,1024,1024,1024,1024,1024,1024,1024,1024,1024,1024,1024,1024,1024,1024,1024,1024,1024,1024,1024,1024,1024,1024,1025,1025,1025,1025,1025,1025,1025,1025,1025,1025,1025,1025,1025,1025,1026,1026,1026,1026,1026,1026,1026,1026,1027,1027,1027,1027,1027,1028,1028,1028,1028,1028,1029,1029,1029,1029,1030,1030,1030,1031,1031,1031,1032,1032,1032,1033,1033,1033,1034,1034,1035,1035,1036,1036,1037,1037,1038,1038,1039,1039,1040,1040,1042,1043,1045,1048,1051,1055,1059,1063,1068,1073,1078,1084,1090,1096,1103,1109,1116,1123,1130,1137,1149,1162,1175,1188,1201,1213,1226,1239,1252,1265,1277,1290,1303,1316,1329,1341,1354,1367,1380,1393,1405,1418,1431,1444,1457,1469,1482,1495,1508,1521,1533,1546,1559,1572,1585,1597,1610,1623,1649,1649,1647,1642,1633,1621,1605,1587,1565,1541,1514,1484,1452,1418,1383,1345,1307,1268,1188,1188,1168,1149,1129,1110,1092,1074,1057,1040,1025,1010,997,985,974,964,956,949,944,940,938,937,937,938,940,942,945,948,952,956,960,965,970,975,980,986,991,996,1001,1005,1009,1013,1016,1019,1021,1023,1024,1024,1024,1024,1024,1024,1023,1023,1023,1023,1022,1022,1021,1021,1021,1020,1020,1020,1020,1019,1019,1019,1019,1019,1019,1019,1019,1019,1019,1019,1019,1019,1019,1019,1019,1019,1019,1019,1019,1020,1020,1020,1020,1020,1020,1020,1020,1020,1020,1021,1021,1021,1021,1021,1021,1021,1021,1022,1022,1022,1022,1022,1022,1023,1023,1023,1023,1023,1024,1024,1024,1024,1024,1025,1025,1025,1025,1025,1026,1026,1026,1026,1026,1027,1027,1027,1027,1028,1028,1028,1028,1028,1029,1029,1029,1029,1030,1030,1030,1030,1030,1031,1031,1031,1031,1032,1032,1032,1032,1032,1033,1033,1033,1033,1034,1034,1034,1034,1034,1034,1035,1035,1035,1035,1035,1036,1036,1036,1036,1036,1036,1037,1037,1037,1037,1037,1037,1037,1038,1038,1038,1038,1038,1038,1038,1038,1038,1039,1039,1039,1039,1039,1039,1039,1039,1039,1039,1039,1039,1039,1039,1039,1039,1039,1039,1039,1039,1039,1039,1039,1040,1040,1040,1040,1040,1040,1040,1041,1041,1041,1041,1042,1042,1042,1042,1043,1043,1043,1044,1044,1045,1045,1045,1046,1046,1047,1047,1048,1048,1049,1049,1050,1051,1051,1052,1052,1053,1054,1054,1055,1056,1056,1057,1058,1059,1059,1060,1061,1062,1062,1063,1064,1065,1066,1066,1067,1068,1069,1070,1071,1071,1072,1073,1074,1075,1076,1077,1078,1079,1079,1080,1081,1082,1083,1084,1085,1086,1087,1088,1089,1090,1091,1091,1091,1091,1091,1092,1092,1093,1094,1094,1095,1096,1097,1098,1100,1101,1102,1104,1105,1107,1109,1111,1112,1114,1116,1118,1120,1123,1125,1127,1130,1132,1134,1137,1139,1142,1145,1147,1150,1153,1155,1158,1161,1164,1167,1169,1172,1175,1178,1181,1183,1186,1189,1192,1195,1197,1200,1203,1205,1208,1211,1213,1216,1218,1220,1223,1225,1227,1230,1232,1234,1236,1238,1240,1241,1243,1245,1246,1248,1249,1250,1252,1253,1254,1255,1256,1257,1257,1258,1258,1259,1259,1259,1260,1260,1259,1259,1259,1259,1258,1258,1257,1256,1255,1254,1253,1252,1251,1249,1248,1246,1245,1243,1241,1239,1237,1235,1233,1231,1229,1226,1224,1221,1219,1216,1214,1211,1208,1205,1202,1199,1197,1194,1190,1187,1184,1181,1178,1175,1172,1169,1165,1162,1159,1156,1153,1150,1146,1143,1140,1137,1134,1131,1128,1125,1122,1119,1116,1114,1111,1108,1106,1103,1101,1098,1096,1093,1091,1089,1087,1085,1083,1081,1080,1078,1076,1075,1074,1072,1071,1070,1069,1068,1068,1067,1066,1066,1065,1065,1065,1065,1064,1063,1062,1061,1060,1059,1058,1057,1056,1055,1054,1054,1053,1052,1051,1050,1049,1048,1047,1046,1046,1045,1044,1043,1043,1042,1041,1040,1040,1039,1038,1038,1037,1036,1036,1035,1035,1034,1034,1033,1033,1032,1032,1032,1031,1031,1031,1030,1030,1030,1030,1030,1029,1029,1029,1029,1029,1024,1024,1024,1024,1024,1024,1024,1024,1024,1024,1024,1024,1024,1024,1024,1024,1024,1024,1024,1024,1024,1024,1024,1024,1024,1024,1024,1024,1024,1024,1024,1024,1024,1024,1024,1024,1024,1024,1024,1024,1024,1024,1024,1024,1024,1024,1024,1024,1024,1024,1024,1024,1024,1024,1024,1024,1024,1024,1024,1024,1024,1024,1024,1024,1024,1024,1024,1024,1024,1024,1024,1024,1024,1024,1024,1024,1024,1024,1024,1024,1024,1024,1024,1024,1024,1024,1024,1024,1024,1024,1024,1024,1024,1024,1024,1024,1024,1024,1024,1024,1024,1024,1024,1024,1024,1024,1024,1024,1024,1024,1024,1024,1024,1024,1024,1024,1024,1024,1024,1024,1024,1024,1024,1024,1024,1024,1024,1024,1024,1024,1024,1024,1024,1024,1024,1024,1024,1024,1024,1024,1024,1024,1024,1024,1024,1024,1024,1024,1024,1024,1024,1024,1024,1024,1024,1024,1024,1024,1024,1024,1024,1024,1024,1024,1024,1024,1024,1024,1024,1024,1024,1024,1024,1024,1024,1024,1024,1024,1024,1024,1024,1024,1024,1024,1024,1024,1024,1024,1024,1024,1024,1024,1024,1024,1024,1024,1024,1024,1024,1024,1024,1024,1024,1024,1024,1024,1025,1025,1025,1026,1026,1026,1027,1028,1028,1029,1030,1030,1031,1032,1033,1033,1034,1035,1036,1037,1037,1038,1039,1040,1040,1041,1041,1042,1043,1043,1043,1044,1044,1044,1044,1044,1044,1045,1045,1045,1045,1045,1046,1046,1046,1047,1047,1047,1048,1048,1049,1049,1049,1049,1049,1050,1050,1049,1048,1048,1047,1046,1046,1045,1044,1044,1043,1043,1042,1041,1041,1040,1039,1039,1038,1037,1037,1036,1036,1035,1034,1034,1033,1032,1032,1031,1030,1030,1029,1028,1028,1027,1027,1026,1025,1024,1024,1024,1024,1024,1024,1024,1024,1024,1024,1024,1024,1024,1024,1024,1024,1024,1024,1024,1024,1024,1024,1024,1024,1024,1024,1024,1024,1024,1024,1024,1024,1024,1024,1024,1024,1024,1024,1024,1024,1024,1024,1024,1024,1024,1024,1024,1024,1024,1024,1024,1024,1024,1024,1024,1024,1024,1024,1024,1024,1024,1024,1024,1024,1024,1024,1024,1024,1024,1024,1024,1024,1024,1024,1024,1024,1024,1024,1024,1024,1024,1024,1024,1024,1024,1024,1024,1024,1024,1024,1024,1024,1024,1024,1024,1024,1024,1024,1024,1024,1024,1024,1024,1024,1024,1024,1024,1024,1024,1024,1024,1024,1024,1024,1024,1024,1024,1024,1024,1024,1024,1024,1024,1024,1024,1024,1024,1024,1024,1024,1024,1024,1024,1024,1024,1024,1024,1024,1024,1024,1024,1024,1024,1024,1024,1024,1024,1024,1024,1024,1024,1024,1024,1024,1024,1024,1024,1024,1024,1024,1024,1024,1024,1024,1024,1024,1024,1024,1024,1024,1024,1024,1024,1024,1024,1024,1024,1024,1024,1024,1024,1024,1024,1024,1024,1024,1024,1024,1024,1024,1024,1024,1024,1024,1024,1024,1024,1024,1024,1024,1024,1024,1024

