pathology:anteriormi
group:infarction
title:Sinus rhythm during anterior MI
name:Синусовый ритм при переднем ИМ
leads:12

lead:I
count:520
points:1024,1024,1024,1025,1025,1026,1026,1027,1028,1029,1030,1032,1033,1034,1036,1038,1039,1041,1043,1045,1047,1049,1051,1053,1055,1057,1059,1061,1064,1066,1068,1070,1071,1073,1075,1077,1078,1080,1082,1083,1084,1085,1086,1087,1088,1089,1090,1090,1090,1090,1091,1090,1090,1090,1090,1089,1088,1087,1086,1085,1084,1083,1082,1080,1078,1077,1075,1073,1071,1070,1068,1066,1064,1061,1059,1057,1055,1053,1051,1049,1047,1045,1043,1041,1039,1038,1036,1034,1033,1032,1030,1029,1028,1027,1026,1026,1025,1025,1024,1024,1024,1024,1024,1024,1024,1024,1024,1024,1024,1024,1024,1024,1024,1024,1024,1024,1024,1024,1024,1024,1024,1024,1024,1024,1024,1024,1024,1024,1024,1024,1024,1024,1024,1023,1023,1023,1023,1023,1022,1022,1022,1021,1021,1020,1019,1019,1018,1017,1016,1015,1014,1013,1012,1009,1009,1007,1006,1004,1002,1001,999,998,996,995,993,1007,1021,1035,1048,1062,1076,1090,1104,1117,1131,1145,1159,1172,1186,1200,1214,1228,1241,1255,1269,1283,1297,1310,1324,1352,1352,1340,1328,1316,1304,1292,1279,1267,1255,1243,1231,1219,1207,1195,1183,1171,1159,1147,1135,1111,1111,1112,1113,1113,1114,1115,1116,1116,1117,1118,1119,1119,1120,1121,1122,1123,1123,1124,1125,1126,1126,1127,1128,1128,1129,1130,1130,1131,1132,1132,1133,1133,1134,1135,1135,1137,1137,1137,1138,1139,1140,1141,1141,1142,1143,1144,1145,1145,1146,1147,1148,1149,1149,1150,1151,1152,1152,1153,1154,1155,1155,1156,1157,1157,1158,1159,1159,1160,1161,1161,1162,1163,1163,1164,1164,1165,1166,1166,1167,1167,1168,1168,1169,1169,1170,1170,1171,1171,1172,1172,1172,1173,1173,1173,1174,1174,1174,1175,1175,1175,1176,1176,1176,1176,1176,1177,1177,1177,1177,1177,1177,1177,1177,1178,1178,1178,1178,1178,1177,1177,1177,1176,1176,1175,1174,1173,1172,1171,1170,1169,1167,1166,1164,1163,1161,1159,1157,1155,1153,1151,1148,1146,1144,1141,1138,1136,1133,1130,1127,1124,1122,1118,1115,1112,1109,1106,1102,1099,1096,1092,1089,1086,1082,1079,1075,1072,1068,1064,1061,1057,1054,1050,1047,1043,1040,1036,1032,1029,1026,1022,1019,1015,1012,1009,1006,1002,999,996,993,990,987,984,981,979,976,973,971,969,966,964,962,960,957,956,954,952,950,949,947,946,944,943,942,941,940,940,939,938,938,937,937,937,937,937,937,937,938,938,939,939,940,941,942,942,943,945,946,947,948,950,951,953,954,956,958,959,961,963,965,967,969,971,972,974,976,978,980,982,984,986,988,990,992,994,996,998,1000,1002,1003,1005,1007,1008,1010,1011,1013,1014,1015,1016,1017,1019,1019,1020,1021,1022,1022,1023,1023,1024,1024,1024,1024,1024,1024,1024,1024,1024,1024,1024,1024,1024,1024,1024,1024,1024,1024,1024,1024,1024,1024,1024

lead:II
count:520
points:1024,1024,1024,1025,1026,1027,1028,1029,1030,1032,1034,1036,1038,1040,1043,1045,1048,1051,1053,1056,1059,1062,1066,1069,1072,1075,1078,1082,1085,1088,1091,1094,1097,1100,1103,1105,1108,1110,1113,1115,1117,1118,1120,1122,1123,1124,1125,1125,1126,1126,1126,1126,1126,1125,1125,1124,1123,1122,1120,1118,1117,1115,1113,1110,1108,1105,1103,1100,1097,1094,1091,1088,1085,1082,1078,1075,1072,1069,1066,1062,1059,1056,1053,1051,1048,1045,1043,1040,1038,1036,1034,1032,1030,1029,1028,1027,1026,1025,1024,1024,1024,1024,1024,1024,1024,1024,1024,1024,1024,1024,1024,1024,1024,1024,1024,1024,1024,1024,1024,1024,1024,1024,1024,1024,1024,1024,1024,1024,1024,1024,1024,1024,1023,1023,1023,1023,1022,1022,1022,1021,1021,1020,1020,1019,1018,1017,1016,1015,1014,1012,1011,1009,1008,1004,1004,1001,999,997,995,993,991,989,987,985,983,1003,1023,1043,1063,1082,1102,1122,1142,1162,1182,1202,1222,1242,1261,1281,1301,1321,1341,1361,1381,1401,1421,1440,1460,1500,1500,1484,1467,1450,1434,1417,1400,1384,1367,1350,1334,1317,1300,1284,1267,1251,1234,1217,1201,1167,1167,1156,1144,1133,1121,1111,1100,1090,1080,1071,1062,1054,1047,1041,1035,1030,1026,1023,1021,1019,1019,1015,1012,1009,1006,1003,1000,997,995,993,991,990,989,988,988,987,985,984,982,981,980,979,977,976,975,974,973,972,971,970,969,968,967,966,965,964,963,962,962,961,960,960,959,958,958,957,956,956,955,955,954,954,954,953,953,952,952,952,951,951,951,950,950,950,950,949,949,949,949,949,949,948,948,948,948,948,948,948,948,948,948,947,947,947,947,947,947,947,947,947,947,947,947,947,947,947,947,947,947,948,948,948,949,949,950,950,951,952,953,954,955,956,957,958,960,961,962,964,966,967,969,971,973,974,976,978,980,982,985,987,989,991,994,996,998,1001,1003,1006,1008,1011,1013,1016,1018,1021,1024,1026,1029,1031,1034,1037,1039,1042,1045,1047,1050,1053,1055,1058,1060,1063,1065,1068,1070,1073,1075,1078,1080,1082,1085,1087,1089,1091,1093,1095,1097,1099,1101,1103,1105,1106,1108,1110,1111,1113,1114,1115,1117,1118,1119,1120,1121,1122,1122,1123,1124,1124,1125,1125,1126,1126,1126,1126,1126,1126,1126,1126,1126,1125,1124,1124,1123,1122,1121,1120,1119,1117,1116,1115,1113,1111,1110,1108,1106,1104,1102,1100,1098,1096,1094,1091,1089,1087,1085,1082,1080,1078,1075,1073,1070,1068,1066,1063,1061,1059,1057,1055,1052,1050,1048,1046,1044,1042,1041,1039,1037,1036,1034,1033,1032,1030,1029,1028,1027,1027,1026,1025,1025,1024,1024,1024,1024,1024,1024,1024,1024,1024,1024,1024,1024,1024,1024,1024,1024,1024,1024,1024,1024,1024,1024,1024

lead:III
count:520
points:1024,1024,1024,1024,1025,1025,1025,1026,1026,1027,1027,1028,1029,1030,1030,1031,1032,1033,1034,1035,1036,1037,1039,1040,1041,1042,1043,1044,1045,1046,1047,1049,1050,1051,1052,1052,1053,1054,1055,1056,1056,1057,1058,1058,1059,1059,1059,1060,1060,1060,1060,1060,1060,1060,1059,1059,1059,1058,1058,1057,1056,1056,1055,1054,1053,1052,1052,1051,1050,1049,1047,1046,1045,1044,1043,1042,1041,1040,1039,1037,1036,1035,1034,1033,1032,1031,1030,1030,1029,1028,1027,1027,1026,1026,1025,1025,1025,1024,1024,1024,1024,1024,1024,1024,1024,1024,1024,1024,1024,1024,1024,1024,1024,1024,1024,1024,1024,1024,1024,1024,1024,1024,1024,1024,1024,1024,1024,1024,1024,1024,1024,1024,1024,1024,1024,1024,1024,1024,1023,1023,1023,1023,1023,1023,1022,1022,1022,1022,1021,1021,1021,1020,1020,1019,1019,1018,1018,1017,1017,1016,1016,1015,1015,1014,1014,1020,1026,1032,1038,1044,1050,1056,1063,1069,1075,1081,1087,1093,1099,1105,1111,1118,1124,1130,1136,1142,1148,1154,1160,1172,1172,1168,1163,1159,1154,1149,1145,1140,1136,1131,1126,1122,1117,1113,1108,1103,1099,1094,1090,1080,1080,1072,1064,1056,1048,1039,1031,1023,1015,1007,998,990,982,974,966,957,949,941,933,916,916,914,911,909,906,904,901,899,896,893,891,888,886,883,881,876,876,874,872,871,869,867,866,864,863,861,860,858,856,855,853,852,850,849,847,846,844,843,841,840,838,837,835,834,833,831,830,829,827,826,825,824,822,821,820,819,818,816,815,814,813,812,811,810,809,808,807,807,806,805,804,803,803,802,801,800,800,799,799,798,798,797,797,796,796,796,795,795,795,794,794,794,794,794,794,794,794,794,794,794,795,796,797,798,799,801,803,805,807,809,811,814,817,820,823,826,829,833,837,841,845,849,853,857,862,866,871,876,881,886,891,897,902,908,913,919,925,930,936,942,948,954,960,966,973,979,985,991,997,1004,1010,1016,1022,1028,1035,1041,1047,1053,1059,1065,1071,1077,1082,1088,1094,1099,1105,1110,1116,1121,1126,1131,1136,1141,1145,1150,1154,1158,1163,1167,1170,1174,1178,1181,1184,1187,1190,1193,1196,1198,1200,1202,1204,1206,1208,1209,1210,1211,1212,1213,1213,1213,1213,1213,1213,1213,1212,1211,1210,1209,1207,1205,1204,1201,1199,1197,1194,1192,1189,1186,1183,1179,1176,1172,1169,1165,1161,1157,1153,1149,1145,1140,1136,1132,1127,1123,1119,1114,1110,1106,1101,1097,1093,1089,1085,1080,1076,1073,1069,1065,1062,1058,1055,1052,1049,1046,1043,1041,1038,1036,1034,1032,1030,1029,1028,1027,1026,1025,1024,1024,1024,1024,1024,1024,1024,1024,1024,1024,1024,1024,1024,1024,1024,1024,1024,1024,1024,1024,1024,1024

lead:aVR
count:520
points:1024,1024,1024,1023,1022,1022,1021,1019,1018,1016,1015,1013,1011,1009,1006,1004,1001,999,996,993,990,987,984,981,978,975,972,969,966,963,960,957,954,952,949,947,944,942,940,938,936,934,932,931,930,929,928,927,927,927,926,927,927,927,928,929,930,931,932,934,936,938,940,942,944,947,949,952,954,957,960,963,966,969,972,975,978,981,984,987,990,993,996,999,1001,1004,1006,1009,1011,1013,1015,1016,1018,1019,1021,1022,1022,1023,1024,1024,1024,1024,1024,1024,1024,1024,1024,1024,1024,1024,1024,1024,1024,1024,1024,1024,1024,1024,1024,1024,1024,1024,1024,1024,1024,1024,1024,1024,1024,1024,1024,1025,1025,1025,1025,1025,1026,1026,1026,1027,1027,1028,1029,1029,1030,1031,1032,1033,1034,1036,1037,1039,1041,1045,1045,1047,1049,1051,1053,1055,1057,1059,1061,1063,1065,1046,1027,1007,988,968,949,929,910,890,871,852,832,813,793,774,754,735,715,696,677,657,638,618,599,560,560,576,593,610,626,643,659,676,692,709,725,742,759,775,792,808,825,841,858,891,891,895,899,903,906,910,914,918,922,926,929,933,937,941,945,949,952,956,960,968,968,969,969,970,971,972,972,973,974,974,975,976,977,977,978,980,980,980,980,980,980,980,980,980,980,980,980,980,980,980,980,980,980,980,980,980,980,980,980,980,980,980,980,980,980,980,980,980,980,980,980,980,980,980,980,980,980,980,980,980,980,980,980,980,980,980,980,980,980,980,980,980,980,980,980,980,980,980,980,980,980,980,980,980,980,980,980,980,980,980,980,980,980,980,980,980,980,980,980,980,980,980,980,980,980,980,980,981,981,981,981,981,982,982,982,982,983,983,983,984,984,984,985,985,985,986,986,987,987,987,988,988,989,989,990,990,991,991,992,992,993,993,994,994,995,995,996,996,997,997,998,998,999,999,1000,1001,1001,1002,1002,1003,1003,1004,1004,1005,1005,1005,1006,1006,1007,1007,1008,1008,1009,1009,1009,1010,1010,1010,1011,1011,1011,1012,1012,1012,1013,1013,1013,1013,1014,1014,1014,1014,1014,1015,1015,1015,1015,1015,1015,1015,1015,1015,1015,1015,1015,1015,1015,1015,1015,1015,1015,1016,1016,1016,1016,1016,1016,1016,1016,1016,1017,1017,1017,1017,1017,1017,1018,1018,1018,1018,1018,1019,1019,1019,1019,1019,1020,1020,1020,1020,1020,1021,1021,1021,1021,1021,1022,1022,1022,1022,1022,1022,1023,1023,1023,1023,1023,1023,1023,1023,1024,1024,1024,1024,1024,1024,1024,1024,1024,1024,1024,1024,1024,1024,1024,1024,1024,1024,1024,1024,1024,1024,1024,1024,1024,1024,1024,1024,1024,1024

lead:aVL
count:520
points:1024,1024,1024,1024,1024,1024,1025,1025,1025,1025,1026,1026,1026,1027,1027,1028,1028,1029,1029,1030,1030,1031,1031,1032,1032,1033,1033,1034,1035,1035,1036,1036,1037,1037,1038,1038,1039,1039,1039,1040,1040,1040,1041,1041,1041,1041,1041,1042,1042,1042,1042,1042,1042,1042,1041,1041,1041,1041,1041,1040,1040,1040,1039,1039,1039,1038,1038,1037,1037,1036,1036,1035,1035,1034,1033,1033,1032,1032,1031,1031,1030,1030,1029,1029,1028,1028,1027,1027,1026,1026,1026,1025,1025,1025,1025,1024,1024,1024,1024,1024,1024,1024,1024,1024,1024,1024,1024,1024,1024,1024,1024,1024,1024,1024,1024,1024,1024,1024,1024,1024,1024,1024,1024,1024,1024,1024,1024,1024,1024,1024,1024,1024,1024,1024,1024,1024,1024,1023,1023,1023,1023,1023,1023,1022,1022,1022,1022,1021,1021,1021,1020,1020,1019,1018,1018,1017,1017,1016,1016,1015,1015,1014,1013,1013,1012,1017,1021,1025,1030,1034,1039,1043,1048,1052,1057,1061,1065,1070,1074,1079,1083,1088,1092,1096,1101,1105,1110,1114,1119,1127,1127,1123,1119,1115,1110,1106,1102,1097,1093,1089,1085,1080,1076,1072,1067,1063,1059,1055,1050,1042,1042,1047,1052,1057,1062,1068,1073,1078,1083,1088,1093,1099,1104,1109,1114,1119,1125,1130,1135,1145,1145,1147,1149,1151,1153,1154,1156,1158,1160,1162,1164,1166,1167,1169,1171,1175,1175,1176,1178,1179,1180,1182,1183,1184,1186,1187,1189,1190,1191,1193,1194,1195,1197,1198,1199,1201,1202,1203,1204,1206,1207,1208,1209,1211,1212,1213,1214,1215,1216,1218,1219,1220,1221,1222,1223,1224,1225,1226,1227,1228,1229,1230,1230,1231,1232,1233,1234,1235,1235,1236,1237,1237,1238,1239,1239,1240,1240,1241,1241,1242,1242,1243,1243,1243,1244,1244,1244,1245,1245,1245,1245,1245,1245,1246,1246,1246,1246,1246,1245,1245,1244,1244,1243,1242,1240,1239,1237,1236,1234,1232,1230,1227,1225,1222,1219,1216,1213,1210,1207,1203,1199,1196,1192,1188,1184,1180,1175,1171,1166,1162,1157,1152,1147,1142,1137,1132,1127,1121,1116,1111,1105,1100,1094,1089,1083,1078,1072,1066,1061,1055,1049,1044,1038,1032,1027,1021,1016,1010,1005,999,994,989,983,978,973,968,963,958,953,949,944,939,935,931,926,922,918,914,911,907,903,900,897,894,891,888,885,883,881,878,876,874,873,871,870,868,867,866,866,865,865,864,864,864,865,865,866,866,867,869,870,871,873,874,876,878,880,883,885,888,890,893,896,899,902,905,909,912,915,919,922,926,930,933,937,941,944,948,952,955,959,962,966,970,973,976,980,983,986,989,992,995,998,1001,1003,1006,1008,1010,1012,1014,1016,1017,1019,1020,1021,1022,1023,1023,1024,1024,1024,1024,1024,1024,1024,1024,1024,1024,1024,1024,1024,1024,1024,1024,1024,1024,1024,1024,1024,1024

lead:aVF
count:520
points:1024,1024,1024,1025,1025,1026,1027,1028,1029,1030,1032,1033,1035,1037,1038,1040,1043,1045,1047,1049,1052,1054,1056,1059,1061,1064,1066,1069,1071,1074,1076,1079,1081,1083,1085,1087,1089,1091,1093,1095,1096,1098,1099,1100,1101,1102,1103,1103,1103,1104,1104,1104,1103,1103,1103,1102,1101,1100,1099,1098,1096,1095,1093,1091,1089,1087,1085,1083,1081,1079,1076,1074,1071,1069,1066,1064,1061,1059,1056,1054,1052,1049,1047,1045,1043,1040,1038,1037,1035,1033,1032,1030,1029,1028,1027,1026,1025,1025,1024,1024,1024,1024,1024,1024,1024,1024,1024,1024,1024,1024,1024,1024,1024,1024,1024,1024,1024,1024,1024,1024,1024,1024,1024,1024,1024,1024,1024,1024,1024,1024,1024,1024,1024,1023,1023,1023,1023,1023,1022,1022,1022,1021,1021,1020,1020,1019,1018,1017,1017,1016,1015,1013,1012,1009,1009,1008,1006,1005,1003,1002,1000,999,997,996,994,1009,1024,1039,1054,1069,1084,1099,1115,1130,1145,1160,1175,1190,1205,1220,1235,1250,1265,1280,1295,1310,1325,1340,1355,1385,1385,1372,1360,1348,1336,1323,1311,1299,1286,1274,1262,1250,1237,1225,1213,1201,1188,1176,1164,1139,1139,1130,1121,1112,1103,1094,1085,1076,1067,1058,1049,1040,1031,1022,1013,1004,995,986,977,959,959,956,954,951,949,946,943,941,938,936,933,931,928,925,923,918,918,916,915,913,912,911,909,908,906,905,904,902,901,900,898,897,896,894,893,892,890,889,888,887,885,884,883,882,881,879,878,877,876,875,874,873,872,870,869,868,867,866,865,865,864,863,862,861,860,859,859,858,857,856,856,855,854,854,853,853,852,852,851,851,850,850,849,849,849,848,848,848,848,847,847,847,847,847,847,847,847,847,847,847,848,849,849,850,851,853,854,856,857,859,861,863,866,868,871,873,876,879,882,885,889,892,895,899,903,907,911,915,919,923,927,932,936,941,945,950,955,959,964,969,974,979,984,989,994,999,1004,1009,1014,1020,1025,1030,1035,1040,1045,1050,1055,1060,1065,1070,1075,1080,1085,1089,1094,1099,1103,1108,1112,1116,1120,1124,1129,1132,1136,1140,1144,1147,1151,1154,1157,1160,1163,1166,1168,1171,1173,1176,1178,1180,1182,1183,1185,1186,1188,1189,1190,1191,1191,1192,1192,1192,1192,1192,1192,1192,1191,1190,1189,1188,1187,1185,1184,1182,1180,1178,1175,1173,1171,1168,1165,1162,1159,1156,1153,1149,1146,1142,1139,1135,1131,1128,1124,1120,1116,1112,1108,1104,1100,1097,1093,1089,1085,1081,1078,1074,1071,1067,1064,1061,1057,1054,1051,1049,1046,1043,1041,1039,1037,1035,1033,1031,1030,1028,1027,1026,1025,1025,1024,1024,1024,1024,1024,1024,1024,1024,1024,1024,1024,1024,1024,1024,1024,1024,1024,1024,1024,1024,1024,1024

lead:V1
count:520
points:1024,1024,1024,1024,1024,1024,1025,1025,1025,1025,1026,1026,1026,1027,1027,1027,1028,1028,1029,1029,1030,1030,1031,1031,1032,1032,1033,1033,1034,1034,1035,1035,1036,1036,1036,1037,1037,1038,1038,1038,1039,1039,1039,1039,1040,1040,1040,1040,1040,1040,1040,1040,1040,1040,1040,1040,1040,1039,1039,1039,1039,1038,1038,1038,1037,1037,1036,1036,1036,1035,1035,1034,1034,1033,1033,1032,1032,1031,1031,1030,1030,1029,1029,1028,1028,1027,1027,1027,1026,1026,1026,1025,1025,1025,1025,1024,1024,1024,1024,1024,1024,1024,1024,1024,1024,1024,1024,1024,1024,1024,1024,1024,1024,1024,1024,1024,1024,1024,1024,1024,1024,1024,1024,1024,1024,1024,1024,1024,1024,1024,1024,1025,1025,1025,1025,1026,1026,1027,1027,1028,1028,1029,1030,1031,1032,1033,1034,1036,1038,1039,1041,1043,1046,1051,1051,1031,1012,992,973,953,934,915,895,876,856,844,832,820,808,796,784,772,760,748,736,724,712,700,688,676,664,652,640,628,617,605,593,581,569,545,545,566,588,610,632,654,675,697,719,741,762,784,806,828,849,871,893,915,937,980,980,986,992,998,1004,1010,1016,1021,1026,1031,1035,1039,1043,1047,1050,1052,1054,1056,1057,1058,1058,1060,1062,1064,1066,1068,1070,1072,1074,1076,1078,1080,1082,1083,1085,1089,1089,1091,1093,1095,1096,1098,1100,1102,1103,1105,1107,1109,1110,1112,1114,1115,1117,1119,1120,1122,1124,1125,1127,1128,1130,1131,1133,1135,1136,1138,1139,1140,1142,1143,1145,1146,1147,1149,1150,1151,1153,1154,1155,1156,1157,1158,1160,1161,1162,1163,1164,1165,1166,1166,1167,1168,1169,1170,1171,1171,1172,1173,1173,1174,1174,1175,1175,1176,1176,1177,1177,1177,1178,1178,1178,1178,1178,1179,1179,1179,1179,1179,1179,1178,1178,1178,1177,1177,1176,1176,1175,1174,1174,1173,1172,1171,1170,1169,1167,1166,1165,1163,1162,1160,1159,1157,1156,1154,1152,1150,1149,1147,1145,1143,1141,1139,1136,1134,1132,1130,1128,1125,1123,1121,1119,1116,1114,1111,1109,1107,1104,1102,1099,1097,1095,1092,1090,1087,1085,1083,1080,1078,1075,1073,1071,1069,1066,1064,1062,1060,1057,1055,1053,1051,1049,1047,1045,1044,1042,1040,1038,1037,1035,1033,1032,1031,1029,1028,1027,1025,1024,1023,1022,1021,1020,1020,1019,1018,1017,1017,1016,1016,1016,1016,1015,1015,1015,1015,1015,1015,1015,1015,1015,1015,1015,1016,1016,1016,1016,1016,1016,1016,1016,1016,1017,1017,1017,1017,1017,1017,1018,1018,1018,1018,1018,1019,1019,1019,1019,1019,1020,1020,1020,1020,1020,1021,1021,1021,1021,1021,1022,1022,1022,1022,1022,1022,1023,1023,1023,1023,1023,1023,1023,1023,1024,1024,1024,1024,1024,1024,1024,1024,1024,1024,1024,1024,1024,1024,1024,1024,1024,1024,1024,1024,1024,1024,1024,1024,1024,1024,1024,1024,1024,1024

lead:V2
count:520
points:1024,1024,1024,1024,1025,1025,1025,1026,1027,1027,1028,1029,1030,1030,1031,1032,1033,1035,1036,1037,1038,1039,1041,1042,1043,1044,1046,1047,1048,1049,1051,1052,1053,1054,1055,1056,1057,1058,1059,1060,1061,1062,1062,1063,1063,1064,1064,1064,1065,1065,1065,1065,1065,1064,1064,1064,1063,1063,1062,1062,1061,1060,1059,1058,1057,1056,1055,1054,1053,1052,1051,1049,1048,1047,1046,1044,1043,1042,1041,1039,1038,1037,1036,1035,1033,1032,1031,1030,1030,1029,1028,1027,1027,1026,1025,1025,1025,1024,1024,1024,1024,1024,1024,1024,1024,1024,1024,1024,1024,1024,1024,1024,1024,1024,1024,1024,1024,1024,1024,1024,1024,1024,1024,1024,1024,1024,1024,1024,1024,1024,1024,1025,1025,1025,1025,1025,1026,1026,1026,1027,1027,1028,1029,1029,1030,1031,1032,1033,1034,1036,1037,1039,1041,1045,1045,1047,1049,1051,1053,1055,1057,1059,1061,1063,1065,1042,1018,994,970,946,922,898,874,851,827,803,779,755,731,707,683,660,636,612,588,564,540,516,493,445,445,470,495,520,545,570,595,620,645,670,695,720,745,770,795,820,845,870,895,945,945,954,963,972,981,989,998,1006,1013,1020,1027,1033,1039,1044,1048,1052,1055,1058,1059,1061,1061,1064,1067,1071,1074,1077,1081,1084,1087,1091,1094,1097,1100,1104,1107,1114,1114,1116,1119,1121,1124,1126,1129,1131,1134,1136,1139,1142,1144,1146,1149,1151,1154,1156,1159,1161,1163,1166,1168,1170,1173,1175,1177,1179,1182,1184,1186,1188,1190,1192,1194,1196,1198,1200,1202,1204,1206,1208,1209,1211,1213,1214,1216,1217,1219,1220,1222,1223,1225,1226,1227,1229,1230,1231,1232,1233,1234,1235,1236,1237,1238,1238,1239,1240,1240,1241,1241,1242,1242,1243,1243,1243,1243,1244,1244,1244,1244,1244,1244,1243,1243,1242,1242,1241,1240,1239,1238,1237,1236,1234,1233,1231,1230,1228,1226,1224,1222,1220,1217,1215,1213,1210,1207,1205,1202,1199,1196,1193,1190,1187,1184,1180,1177,1174,1170,1167,1163,1160,1156,1152,1149,1145,1141,1137,1134,1130,1126,1122,1118,1114,1111,1107,1103,1099,1095,1092,1088,1084,1080,1077,1073,1069,1066,1062,1059,1055,1052,1049,1045,1042,1039,1036,1033,1030,1027,1024,1022,1019,1016,1014,1012,1009,1007,1005,1003,1001,999,998,996,995,993,992,991,990,989,988,987,986,986,986,985,985,985,985,985,985,985,986,986,986,986,987,987,987,988,988,989,990,990,991,991,992,993,994,994,995,996,997,997,998,999,1000,1001,1002,1003,1004,1005,1005,1006,1007,1008,1009,1010,1011,1012,1012,1013,1014,1015,1016,1016,1017,1018,1018,1019,1020,1020,1021,1021,1022,1022,1022,1023,1023,1023,1023,1024,1024,1024,1024,1024,1024,1024,1024,1024,1024,1024,1024,1024,1024,1024,1024,1024,1024,1024,1024,1024,1024,1024,1024

lead:V3
count:520
points:1024,1024,1024,1025,1025,1025,1026,1027,1028,1029,1030,1031,1032,1033,1035,1036,1038,1039,1041,1043,1044,1046,1048,1050,1052,1054,1055,1057,1059,1061,1063,1064,1066,1068,1069,1071,1072,1074,1075,1076,1077,1078,1079,1080,1081,1082,1082,1083,1083,1083,1083,1083,1083,1083,1082,1082,1081,1080,1079,1078,1077,1076,1075,1074,1072,1071,1069,1068,1066,1064,1063,1061,1059,1057,1055,1054,1052,1050,1048,1046,1044,1043,1041,1039,1038,1036,1035,1033,1032,1031,1030,1029,1028,1027,1026,1025,1025,1025,1024,1024,1024,1024,1024,1024,1024,1024,1024,1024,1024,1024,1024,1024,1024,1024,1024,1024,1024,1024,1024,1024,1024,1024,1024,1024,1024,1024,1024,1024,1024,1024,1024,1024,1024,1024,1025,1025,1025,1025,1025,1026,1026,1026,1026,1027,1027,1028,1028,1029,1030,1030,1031,1032,1033,1035,1035,1059,1082,1105,1129,1152,1175,1199,1222,1245,1269,1236,1204,1172,1140,1108,1075,1043,1011,979,947,915,882,850,818,786,754,721,689,657,625,593,561,528,496,432,432,456,481,505,530,554,579,603,628,652,677,701,726,750,775,799,824,848,873,922,922,932,943,954,964,974,984,993,1002,1010,1018,1025,1032,1038,1043,1048,1051,1054,1056,1058,1058,1063,1068,1072,1077,1082,1087,1092,1096,1101,1106,1111,1115,1120,1125,1135,1135,1139,1144,1149,1153,1158,1163,1167,1172,1177,1181,1186,1190,1195,1199,1204,1208,1213,1217,1222,1226,1230,1235,1239,1243,1247,1251,1255,1259,1263,1267,1271,1275,1279,1282,1286,1290,1293,1297,1300,1303,1307,1310,1313,1316,1319,1322,1325,1328,1330,1333,1336,1338,1341,1343,1345,1347,1349,1351,1353,1355,1357,1359,1360,1362,1363,1364,1366,1367,1368,1369,1370,1370,1371,1372,1372,1373,1373,1373,1373,1373,1373,1373,1373,1372,1371,1370,1369,1368,1366,1364,1362,1360,1358,1356,1353,1351,1348,1345,1341,1338,1335,1331,1327,1323,1319,1315,1311,1306,1302,1297,1292,1287,1282,1277,1272,1267,1261,1256,1250,1245,1239,1233,1227,1221,1215,1210,1204,1197,1191,1185,1179,1173,1167,1161,1155,1149,1143,1137,1131,1125,1119,1113,1107,1101,1095,1089,1084,1078,1073,1067,1062,1057,1052,1047,1042,1037,1032,1028,1023,1019,1015,1011,1007,1003,999,996,993,989,986,983,981,978,976,974,972,970,968,966,965,964,963,962,962,961,961,961,961,961,961,961,962,962,962,963,963,964,965,965,966,967,968,969,970,971,972,973,974,976,977,978,980,981,982,984,985,987,988,989,991,992,994,995,997,998,1000,1001,1002,1004,1005,1006,1008,1009,1010,1011,1013,1014,1015,1016,1017,1018,1018,1019,1020,1021,1021,1022,1022,1023,1023,1023,1024,1024,1024,1024,1024,1024,1024,1024,1024,1024,1024,1024,1024,1024,1024,1024,1024,1024,1024,1024,1024,1024,1024

lead:V4
count:520
points:1024,1024,1024,1025,1025,1026,1026,1027,1028,1029,1031,1032,1033,1035,1036,1038,1040,1042,1044,1046,1048,1050,1052,1054,1056,1058,1060,1063,1065,1067,1069,1071,1073,1075,1077,1078,1080,1082,1083,1085,1086,1087,1088,1089,1090,1091,1092,1092,1092,1093,1093,1093,1092,1092,1092,1091,1090,1089,1088,1087,1086,1085,1083,1082,1080,1078,1077,1075,1073,1071,1069,1067,1065,1063,1060,1058,1056,1054,1052,1050,1048,1046,1044,1042,1040,1038,1036,1035,1033,1032,1031,1029,1028,1027,1026,1026,1025,1025,1024,1024,1024,1024,1024,1024,1024,1024,1024,1024,1024,1024,1024,1024,1024,1024,1024,1024,1024,1024,1024,1024,1024,1024,1024,1024,1024,1024,1024,1024,1024,1024,1024,1024,1024,1024,1024,1024,1024,1024,1024,1024,1024,1024,1024,1024,1024,1024,1024,1024,1024,1024,1024,1024,1024,1024,1024,1065,1107,1148,1190,1231,1273,1314,1356,1397,1438,1403,1367,1331,1296,1260,1224,1189,1153,1117,1082,1046,1010,975,939,903,868,832,796,761,725,689,654,618,582,511,511,531,551,571,591,612,632,652,672,692,712,732,753,773,793,813,833,853,874,914,914,925,935,946,956,966,976,985,994,1002,1010,1017,1024,1030,1035,1040,1043,1046,1048,1050,1050,1054,1059,1063,1067,1072,1076,1081,1085,1089,1094,1098,1102,1107,1111,1120,1120,1124,1129,1134,1138,1143,1148,1152,1157,1161,1166,1171,1175,1180,1184,1189,1193,1197,1202,1206,1210,1215,1219,1223,1227,1231,1236,1240,1244,1248,1251,1255,1259,1263,1266,1270,1274,1277,1281,1284,1287,1291,1294,1297,1300,1303,1306,1309,1311,1314,1317,1319,1322,1324,1327,1329,1331,1333,1335,1337,1339,1340,1342,1344,1345,1347,1348,1349,1350,1351,1352,1353,1354,1354,1355,1356,1356,1356,1357,1357,1357,1357,1356,1356,1355,1354,1353,1352,1351,1349,1348,1346,1344,1342,1339,1337,1334,1331,1328,1325,1322,1318,1315,1311,1307,1303,1299,1294,1290,1285,1281,1276,1271,1266,1261,1256,1250,1245,1240,1234,1228,1223,1217,1211,1205,1199,1194,1188,1182,1176,1169,1163,1157,1151,1145,1139,1133,1127,1121,1115,1109,1103,1097,1091,1085,1080,1074,1068,1063,1057,1052,1047,1041,1036,1031,1026,1022,1017,1012,1008,1004,1000,996,992,988,984,981,977,974,971,968,966,963,961,959,957,955,953,951,950,949,948,947,946,946,946,946,946,946,946,946,947,947,948,948,949,950,951,952,953,954,955,956,957,958,960,961,963,964,966,967,969,971,972,974,976,978,979,981,983,985,987,988,990,992,994,996,997,999,1001,1002,1004,1005,1007,1008,1010,1011,1013,1014,1015,1016,1017,1018,1019,1020,1021,1021,1022,1023,1023,1023,1024,1024,1024,1024,1024,1024,1024,1024,1024,1024,1024,1024,1024,1024,1024,1024,1024,1024,1024,1024,1024,1024,1024

lead:V5
count:520
points:1024,1024,1024,1025,1025,1026,1026,1027,1028,1029,1030,1032,1033,1035,1036,1038,1040,1042,1043,1045,1047,1049,1051,1054,1056,1058,1060,1062,1064,1066,1068,1070,1072,1074,1076,1078,1079,1081,1082,1084,1085,1086,1087,1088,1089,1090,1091,1091,1091,1092,1092,1092,1091,1091,1091,1090,1089,1088,1087,1086,1085,1084,1082,1081,1079,1078,1076,1074,1072,1070,1068,1066,1064,1062,1060,1058,1056,1054,1051,1049,1047,1045,1043,1042,1040,1038,1036,1035,1033,1032,1030,1029,1028,1027,1026,1026,1025,1025,1024,1024,1024,1024,1024,1024,1024,1024,1024,1024,1024,1024,1024,1024,1024,1024,1024,1024,1024,1024,1024,1024,1024,1024,1024,1024,1024,1024,1024,1024,1024,1024,1024,1024,1024,1024,1023,1023,1023,1023,1023,1023,1022,1022,1022,1021,1021,1020,1020,1019,1018,1018,1017,1016,1015,1013,1013,1066,1119,1172,1224,1277,1330,1383,1436,1489,1542,1508,1474,1441,1407,1373,1340,1306,1272,1239,1205,1171,1138,1104,1070,1037,1003,969,935,902,868,834,801,767,733,666,666,679,692,705,717,730,743,756,769,782,794,807,820,833,846,859,871,884,897,923,923,932,941,950,958,967,975,983,991,998,1004,1010,1016,1021,1026,1029,1032,1035,1037,1038,1038,1042,1046,1050,1054,1058,1062,1065,1069,1073,1077,1081,1085,1089,1093,1101,1101,1103,1106,1108,1111,1113,1115,1118,1120,1123,1125,1128,1130,1132,1135,1137,1140,1142,1144,1146,1149,1151,1153,1155,1158,1160,1162,1164,1166,1168,1170,1172,1174,1176,1178,1180,1182,1184,1186,1188,1189,1191,1193,1195,1196,1198,1199,1201,1202,1204,1205,1206,1208,1209,1210,1211,1213,1214,1215,1216,1217,1218,1218,1219,1220,1221,1221,1222,1223,1223,1224,1224,1225,1225,1225,1226,1226,1226,1226,1226,1226,1226,1226,1226,1225,1225,1224,1223,1222,1221,1220,1219,1217,1216,1214,1212,1211,1209,1206,1204,1202,1200,1197,1195,1192,1189,1186,1183,1180,1177,1174,1170,1167,1164,1160,1157,1153,1149,1145,1142,1138,1134,1130,1126,1122,1118,1114,1110,1105,1101,1097,1093,1089,1085,1080,1076,1072,1068,1064,1059,1055,1051,1047,1043,1039,1035,1031,1027,1024,1020,1016,1012,1009,1005,1002,999,995,992,989,986,983,980,977,975,972,969,967,965,963,960,958,957,955,953,952,950,949,948,947,946,945,944,944,943,943,943,943,943,943,943,944,944,944,945,946,946,947,948,949,950,951,952,953,955,956,958,959,960,962,964,965,967,969,971,972,974,976,978,980,982,983,985,987,989,991,993,995,996,998,1000,1002,1003,1005,1006,1008,1009,1011,1012,1013,1015,1016,1017,1018,1019,1020,1021,1021,1022,1022,1023,1023,1024,1024,1024,1024,1024,1024,1024,1024,1024,1024,1024,1024,1024,1024,1024,1024,1024,1024,1024,1024,1024,1024,1024

lead:V6
count:520
points:1024,1024,1024,1024,1025,1025,1026,1027,1027,1028,1029,1030,1032,1033,1034,1036,1037,1039,1040,1042,1043,1045,1047,1049,1050,1052,1054,1056,1057,1059,1061,1063,1064,1066,1067,1069,1070,1071,1073,1074,1075,1076,1077,1078,1078,1079,1079,1080,1080,1080,1080,1080,1080,1080,1079,1079,1078,1078,1077,1076,1075,1074,1073,1071,1070,1069,1067,1066,1064,1063,1061,1059,1057,1056,1054,1052,1050,1049,1047,1045,1043,1042,1040,1039,1037,1036,1034,1033,1032,1030,1029,1028,1027,1027,1026,1025,1025,1024,1024,1024,1024,1024,1024,1024,1024,1024,1024,1024,1024,1024,1024,1024,1024,1024,1024,1024,1024,1024,1024,1024,1024,1024,1024,1024,1024,1024,1024,1024,1024,1024,1024,1024,1023,1023,1023,1023,1022,1022,1022,1021,1021,1020,1020,1019,1018,1017,1016,1015,1014,1012,1011,1009,1008,1004,1004,1060,1116,1172,1229,1285,1341,1398,1454,1510,1567,1540,1514,1487,1460,1434,1407,1381,1354,1327,1301,1274,1248,1221,1195,1168,1141,1115,1088,1062,1035,1008,982,955,929,876,876,879,883,886,890,893,897,901,904,908,911,915,919,922,926,929,933,936,940,947,947,951,955,959,963,966,970,974,978,982,986,989,993,997,1001,1005,1009,1012,1016,1024,1024,1027,1031,1034,1037,1040,1044,1047,1050,1054,1057,1060,1063,1070,1070,1073,1076,1079,1081,1084,1087,1089,1092,1094,1097,1099,1101,1103,1105,1107,1109,1111,1113,1115,1117,1118,1120,1121,1123,1124,1126,1127,1129,1130,1131,1132,1133,1135,1136,1137,1138,1138,1139,1140,1141,1142,1142,1143,1144,1144,1145,1146,1146,1147,1147,1148,1148,1148,1149,1149,1149,1150,1150,1150,1150,1151,1151,1151,1151,1151,1151,1151,1152,1152,1152,1152,1152,1152,1152,1152,1152,1152,1152,1152,1152,1152,1152,1152,1152,1152,1151,1151,1150,1150,1149,1148,1148,1147,1146,1145,1144,1142,1141,1140,1138,1137,1135,1133,1132,1130,1128,1126,1124,1122,1120,1117,1115,1113,1110,1108,1105,1103,1100,1098,1095,1092,1090,1087,1084,1081,1078,1076,1073,1070,1067,1064,1061,1058,1055,1052,1049,1046,1043,1040,1037,1034,1032,1029,1026,1023,1020,1017,1015,1012,1009,1007,1004,1001,999,996,994,992,989,987,985,983,981,978,977,975,973,971,969,968,966,965,963,962,961,960,959,958,957,956,955,954,954,953,953,953,952,952,952,952,952,953,953,953,954,954,955,955,956,957,958,959,960,961,962,963,964,965,967,968,969,971,972,974,975,977,978,980,982,983,985,987,988,990,991,993,995,996,998,1000,1001,1003,1004,1006,1007,1008,1010,1011,1012,1014,1015,1016,1017,1018,1019,1019,1020,1021,1022,1022,1023,1023,1023,1024,1024,1024,1024,1024,1024,1024,1024,1024,1024,1024,1024,1024,1024,1024,1024,1024,1024,1024,1024,1024,1024,1024

