pathology:anteroseptalmi
group:infarction
title:Sinus rhythm during anteroseptal MI
name:Синусовый ритм при переднеперегородочном ИМ
leads:12

lead:I
count:520
points:1024,1024,1024,1025,1025,1026,1026,1027,1028,1029,1030,1032,1033,1034,1036,1038,1039,1041,1043,1045,1047,1049,1051,1053,1055,1057,1059,1061,1064,1066,1068,1070,1071,1073,1075,1077,1078,1080,1082,1083,1084,1085,1086,1087,1088,1089,1090,1090,1090,1090,1091,1090,1090,1090,1090,1089,1088,1087,1086,1085,1084,1083,1082,1080,1078,1077,1075,1073,1071,1070,1068,1066,1064,1061,1059,1057,1055,1053,1051,1049,1047,1045,1043,1041,1039,1038,1036,1034,1033,1032,1030,1029,1028,1027,1026,1026,1025,1025,1024,1024,1024,1024,1024,1024,1024,1024,1024,1024,1024,1024,1024,1024,1024,1024,1024,1024,1024,1024,1024,1024,1024,1024,1024,1024,1024,1024,1024,1024,1024,1024,1024,1024,1023,1023,1023,1023,1022,1022,1022,1021,1021,1020,1020,1019,1018,1017,1016,1015,1014,1012,1011,1009,1008,1004,1004,1001,999,997,995,993,991,989,987,985,983,999,1015,1031,1048,1064,1080,1096,1112,1128,1145,1161,1177,1193,1209,1225,1241,1258,1274,1290,1306,1322,1338,1354,1371,1403,1403,1389,1376,1363,1349,1336,1323,1310,1297,1284,1272,1259,1247,1235,1224,1212,1201,1191,1180,1170,1160,1151,1142,1133,1125,1118,1110,1104,1097,1091,1086,1081,1077,1073,1069,1066,1064,1062,1061,1060,1060,1072,1083,1091,1099,1105,1110,1114,1116,1118,1120,1121,1121,1121,1121,1121,1121,1121,1121,1121,1121,1121,1121,1121,1121,1121,1121,1120,1120,1120,1120,1120,1120,1120,1120,1120,1120,1120,1120,1120,1120,1120,1120,1119,1119,1119,1119,1119,1119,1119,1119,1119,1119,1119,1119,1119,1119,1119,1119,1118,1118,1118,1118,1118,1118,1118,1118,1118,1118,1118,1118,1118,1118,1118,1118,1117,1117,1117,1117,1117,1117,1117,1117,1117,1117,1117,1117,1117,1117,1117,1117,1116,1116,1116,1116,1116,1116,1116,1116,1116,1116,1116,1116,1116,1117,1117,1117,1117,1117,1117,1117,1118,1118,1118,1118,1119,1119,1119,1119,1120,1120,1120,1120,1121,1121,1121,1122,1122,1123,1123,1123,1124,1124,1125,1125,1125,1126,1126,1127,1127,1127,1128,1128,1129,1129,1130,1130,1131,1131,1132,1132,1132,1133,1133,1134,1134,1135,1135,1136,1136,1136,1137,1137,1138,1138,1139,1139,1139,1140,1140,1140,1141,1141,1142,1142,1142,1143,1143,1143,1143,1144,1144,1144,1145,1145,1145,1145,1145,1146,1146,1146,1146,1146,1146,1146,1147,1147,1147,1147,1147,1147,1147,1147,1147,1147,1146,1146,1145,1145,1144,1143,1142,1140,1139,1138,1136,1134,1133,1131,1129,1127,1125,1122,1120,1118,1115,1113,1110,1108,1105,1102,1100,1097,1094,1091,1088,1085,1083,1080,1077,1074,1071,1069,1066,1063,1061,1058,1056,1053,1051,1048,1046,1044,1042,1040,1038,1036,1035,1033,1032,1030,1029,1028,1027,1026,1026,1025,1025,1024,1024,1024,1024,1024,1024,1024,1024,1024,1024,1024,1024,1024,1024,1024,1024,1024,1024,1024,1024,1024,1024

lead:II
count:520
points:1024,1024,1024,1025,1026,1027,1028,1029,1030,1032,1034,1036,1038,1040,1043,1045,1048,1051,1053,1056,1059,1062,1066,1069,1072,1075,1078,1082,1085,1088,1091,1094,1097,1100,1103,1105,1108,1110,1113,1115,1117,1118,1120,1122,1123,1124,1125,1125,1126,1126,1126,1126,1126,1125,1125,1124,1123,1122,1120,1118,1117,1115,1113,1110,1108,1105,1103,1100,1097,1094,1091,1088,1085,1082,1078,1075,1072,1069,1066,1062,1059,1056,1053,1051,1048,1045,1043,1040,1038,1036,1034,1032,1030,1029,1028,1027,1026,1025,1024,1024,1024,1024,1024,1024,1024,1024,1024,1024,1024,1024,1024,1024,1024,1024,1024,1024,1024,1024,1024,1024,1024,1024,1024,1024,1024,1024,1024,1024,1024,1024,1024,1024,1023,1023,1023,1023,1022,1022,1022,1021,1021,1020,1020,1019,1018,1017,1016,1015,1014,1012,1011,1009,1008,1004,1004,999,994,990,985,980,976,971,967,962,957,980,1002,1024,1046,1069,1091,1113,1135,1158,1180,1202,1224,1247,1269,1291,1313,1336,1358,1380,1402,1425,1447,1469,1491,1536,1536,1517,1497,1478,1459,1440,1421,1403,1384,1366,1348,1330,1313,1296,1279,1263,1247,1232,1217,1202,1188,1175,1162,1150,1138,1127,1117,1107,1098,1090,1082,1075,1069,1063,1058,1054,1051,1048,1046,1044,1044,1059,1071,1081,1090,1097,1103,1107,1111,1113,1114,1115,1116,1116,1116,1117,1117,1118,1118,1119,1120,1120,1121,1121,1122,1122,1123,1123,1124,1125,1125,1126,1126,1127,1127,1128,1129,1129,1130,1130,1131,1131,1132,1132,1133,1134,1134,1135,1135,1136,1136,1137,1138,1138,1139,1139,1140,1140,1141,1141,1142,1143,1143,1144,1144,1145,1145,1146,1147,1147,1148,1148,1149,1149,1150,1150,1151,1152,1152,1153,1153,1154,1154,1155,1155,1156,1157,1157,1158,1158,1159,1159,1160,1161,1161,1162,1162,1162,1162,1162,1162,1162,1162,1163,1163,1163,1163,1163,1163,1163,1164,1164,1164,1164,1164,1165,1165,1165,1165,1166,1166,1166,1167,1167,1167,1168,1168,1168,1169,1169,1169,1170,1170,1171,1171,1171,1172,1172,1173,1173,1174,1174,1174,1175,1175,1176,1176,1177,1177,1178,1178,1179,1179,1179,1180,1180,1181,1181,1182,1182,1183,1183,1183,1184,1184,1185,1185,1185,1186,1186,1187,1187,1187,1188,1188,1188,1189,1189,1189,1190,1190,1190,1190,1191,1191,1191,1191,1191,1192,1192,1192,1192,1192,1192,1193,1193,1193,1193,1193,1193,1193,1193,1193,1193,1193,1192,1192,1191,1190,1189,1187,1186,1184,1182,1180,1178,1176,1173,1171,1168,1165,1162,1159,1156,1153,1150,1146,1143,1139,1135,1132,1128,1124,1120,1116,1112,1108,1105,1101,1097,1093,1089,1085,1082,1078,1074,1071,1067,1064,1061,1058,1055,1052,1049,1046,1043,1041,1039,1037,1035,1033,1031,1030,1028,1027,1026,1025,1025,1024,1024,1024,1024,1024,1024,1024,1024,1024,1024,1024,1024,1024,1024,1024,1024,1024,1024,1024,1024,1024,1024

lead:III
count:520
points:1024,1024,1024,1024,1025,1025,1025,1026,1026,1027,1027,1028,1029,1030,1030,1031,1032,1033,1034,1035,1036,1037,1039,1040,1041,1042,1043,1044,1045,1046,1047,1049,1050,1051,1052,1052,1053,1054,1055,1056,1056,1057,1058,1058,1059,1059,1059,1060,1060,1060,1060,1060,1060,1060,1059,1059,1059,1058,1058,1057,1056,1056,1055,1054,1053,1052,1052,1051,1050,1049,1047,1046,1045,1044,1043,1042,1041,1040,1039,1037,1036,1035,1034,1033,1032,1031,1030,1030,1029,1028,1027,1027,1026,1026,1025,1025,1025,1024,1024,1024,1024,1024,1024,1024,1024,1024,1024,1024,1024,1024,1024,1024,1024,1024,1024,1024,1024,1024,1024,1024,1024,1024,1024,1024,1024,1024,1024,1024,1024,1024,1024,1024,1024,1024,1024,1024,1024,1024,1024,1024,1024,1024,1024,1024,1024,1024,1024,1024,1024,1024,1024,1024,1024,1024,1024,1021,1019,1016,1014,1011,1009,1006,1004,1001,998,1005,1011,1017,1023,1029,1035,1041,1047,1053,1059,1066,1072,1078,1084,1090,1096,1102,1108,1114,1120,1127,1133,1139,1145,1157,1157,1151,1145,1140,1134,1128,1122,1117,1111,1106,1100,1095,1090,1085,1080,1075,1070,1065,1061,1056,1052,1048,1044,1041,1037,1034,1031,1028,1025,1022,1020,1018,1016,1014,1013,1011,1010,1010,1009,1009,1009,1011,1012,1014,1015,1016,1017,1018,1018,1018,1019,1019,1019,1019,1019,1020,1020,1021,1021,1022,1023,1023,1024,1024,1025,1026,1026,1027,1028,1028,1029,1029,1030,1031,1031,1032,1033,1033,1034,1034,1035,1036,1036,1037,1038,1038,1039,1039,1040,1041,1041,1042,1043,1043,1044,1044,1045,1046,1046,1047,1048,1048,1049,1049,1050,1051,1051,1052,1053,1053,1054,1054,1055,1056,1056,1057,1058,1058,1059,1059,1060,1061,1061,1062,1063,1063,1064,1064,1065,1066,1066,1067,1068,1068,1069,1070,1070,1070,1070,1070,1070,1070,1070,1070,1070,1070,1070,1070,1070,1070,1070,1070,1070,1070,1070,1070,1070,1070,1070,1070,1070,1070,1070,1070,1070,1070,1070,1070,1070,1070,1070,1070,1070,1070,1070,1070,1070,1070,1070,1070,1070,1070,1070,1070,1070,1070,1070,1070,1070,1070,1070,1070,1070,1070,1070,1070,1070,1070,1070,1070,1070,1070,1070,1070,1070,1070,1070,1070,1070,1070,1070,1070,1070,1070,1070,1070,1070,1070,1070,1070,1070,1070,1070,1070,1070,1070,1070,1070,1070,1070,1070,1070,1070,1070,1070,1070,1070,1070,1070,1070,1070,1070,1070,1070,1070,1070,1070,1069,1069,1069,1069,1068,1068,1067,1067,1066,1065,1065,1064,1063,1063,1062,1061,1060,1059,1058,1057,1056,1055,1054,1053,1052,1051,1050,1049,1048,1047,1046,1045,1044,1043,1042,1041,1040,1039,1038,1037,1036,1035,1034,1033,1032,1032,1031,1030,1029,1029,1028,1027,1027,1026,1026,1026,1025,1025,1025,1024,1024,1024,1024,1024,1024,1024,1024,1024,1024,1024,1024,1024,1024,1024,1024,1024,1024,1024,1024,1024,1024,1024,1024

lead:aVR
count:520
points:1024,1024,1024,1023,1022,1022,1021,1019,1018,1016,1015,1013,1011,1009,1006,1004,1001,999,996,993,990,987,984,981,978,975,972,969,966,963,960,957,954,952,949,947,944,942,940,938,936,934,932,931,930,929,928,927,927,927,926,927,927,927,928,929,930,931,932,934,936,938,940,942,944,947,949,952,954,957,960,963,966,969,972,975,978,981,984,987,990,993,996,999,1001,1004,1006,1009,1011,1013,1015,1016,1018,1019,1021,1022,1022,1023,1024,1024,1024,1024,1024,1024,1024,1024,1024,1024,1024,1024,1024,1024,1024,1024,1024,1024,1024,1024,1024,1024,1024,1024,1024,1024,1024,1024,1024,1024,1024,1024,1024,1025,1025,1025,1025,1025,1026,1026,1027,1027,1028,1028,1029,1030,1031,1032,1033,1034,1036,1037,1039,1041,1043,1048,1048,1051,1055,1059,1063,1067,1071,1075,1078,1082,1086,1064,1042,1020,997,975,953,931,909,887,864,842,820,798,776,754,731,709,687,665,643,621,598,576,554,510,510,529,547,566,585,604,622,640,659,676,694,711,728,745,761,777,793,808,823,837,850,863,876,888,899,910,920,930,939,947,955,962,968,973,978,982,986,988,990,991,991,976,963,952,943,935,929,924,921,918,916,915,915,915,915,914,914,914,913,913,913,913,912,912,912,911,911,911,911,910,910,910,909,909,909,909,908,908,908,907,907,907,907,906,906,906,905,905,905,905,904,904,904,903,903,903,903,902,902,902,901,901,901,900,900,900,900,899,899,899,898,898,898,898,897,897,897,896,896,896,896,895,895,895,894,894,894,894,893,893,893,892,892,892,892,891,891,891,891,891,891,891,891,891,890,890,890,890,890,890,889,889,889,889,889,888,888,888,887,887,887,886,886,886,885,885,884,884,884,883,883,882,882,881,881,880,880,879,879,878,878,877,877,876,876,875,875,874,874,873,873,872,872,871,871,870,870,869,869,868,868,867,867,866,866,865,865,864,864,863,863,862,862,862,861,861,861,860,860,859,859,859,859,858,858,858,857,857,857,857,857,856,856,856,856,856,856,856,856,856,856,856,856,856,856,856,857,858,859,860,861,863,864,866,868,870,873,875,877,880,883,886,889,892,895,899,902,906,909,913,917,920,924,928,932,936,940,944,948,951,955,959,963,967,970,974,977,981,984,987,991,994,997,999,1002,1005,1007,1009,1011,1013,1015,1017,1018,1020,1021,1022,1023,1023,1024,1024,1024,1024,1024,1024,1024,1024,1024,1024,1024,1024,1024,1024,1024,1024,1024,1024,1024,1024,1024,1024

lead:aVL
count:520
points:1024,1024,1024,1024,1024,1024,1025,1025,1025,1025,1026,1026,1026,1027,1027,1028,1028,1029,1029,1030,1030,1031,1031,1032,1032,1033,1033,1034,1035,1035,1036,1036,1037,1037,1038,1038,1039,1039,1039,1040,1040,1040,1041,1041,1041,1041,1041,1042,1042,1042,1042,1042,1042,1042,1041,1041,1041,1041,1041,1040,1040,1040,1039,1039,1039,1038,1038,1037,1037,1036,1036,1035,1035,1034,1033,1033,1032,1032,1031,1031,1030,1030,1029,1029,1028,1028,1027,1027,1026,1026,1026,1025,1025,1025,1025,1024,1024,1024,1024,1024,1024,1024,1024,1024,1024,1024,1024,1024,1024,1024,1024,1024,1024,1024,1024,1024,1024,1024,1024,1024,1024,1024,1024,1024,1024,1024,1024,1024,1024,1024,1024,1024,1024,1024,1023,1023,1023,1023,1023,1022,1022,1022,1021,1021,1021,1020,1019,1019,1018,1017,1016,1015,1014,1012,1012,1012,1013,1013,1013,1014,1014,1014,1015,1015,1015,1021,1027,1033,1038,1044,1050,1056,1062,1067,1073,1079,1085,1091,1096,1102,1108,1114,1120,1125,1131,1137,1143,1148,1154,1166,1166,1161,1157,1153,1148,1144,1140,1135,1131,1127,1123,1119,1115,1111,1107,1103,1100,1096,1093,1090,1086,1083,1080,1078,1075,1072,1070,1068,1066,1064,1062,1061,1059,1058,1057,1056,1055,1054,1054,1054,1054,1059,1065,1069,1072,1075,1078,1079,1081,1082,1082,1083,1083,1083,1083,1083,1082,1082,1082,1081,1081,1080,1080,1080,1079,1079,1078,1078,1078,1077,1077,1076,1076,1076,1075,1075,1074,1074,1074,1073,1073,1072,1072,1072,1071,1071,1070,1070,1070,1069,1069,1068,1068,1068,1067,1067,1066,1066,1066,1065,1065,1064,1064,1064,1063,1063,1063,1062,1062,1061,1061,1061,1060,1060,1059,1059,1059,1058,1058,1057,1057,1057,1056,1056,1055,1055,1055,1054,1054,1053,1053,1053,1052,1052,1051,1051,1051,1051,1051,1051,1051,1051,1051,1051,1051,1051,1051,1051,1051,1051,1051,1051,1052,1052,1052,1052,1052,1052,1052,1053,1053,1053,1053,1053,1053,1054,1054,1054,1054,1055,1055,1055,1055,1055,1056,1056,1056,1056,1057,1057,1057,1057,1058,1058,1058,1058,1059,1059,1059,1059,1060,1060,1060,1061,1061,1061,1061,1062,1062,1062,1062,1063,1063,1063,1063,1064,1064,1064,1064,1064,1065,1065,1065,1065,1065,1066,1066,1066,1066,1066,1067,1067,1067,1067,1067,1067,1067,1067,1068,1068,1068,1068,1068,1068,1068,1068,1068,1068,1068,1068,1068,1068,1068,1068,1068,1068,1068,1068,1067,1067,1067,1066,1066,1066,1065,1064,1064,1063,1063,1062,1061,1060,1060,1059,1058,1057,1056,1055,1054,1053,1052,1051,1050,1049,1048,1047,1046,1045,1044,1043,1042,1041,1040,1039,1038,1037,1036,1035,1034,1034,1033,1032,1031,1030,1030,1029,1028,1028,1027,1027,1026,1026,1025,1025,1025,1025,1024,1024,1024,1024,1024,1024,1024,1024,1024,1024,1024,1024,1024,1024,1024,1024,1024,1024,1024,1024,1024,1024,1024,1024

lead:aVF
count:520
points:1024,1024,1024,1025,1025,1026,1027,1028,1029,1030,1032,1033,1035,1037,1038,1040,1043,1045,1047,1049,1052,1054,1056,1059,1061,1064,1066,1069,1071,1074,1076,1079,1081,1083,1085,1087,1089,1091,1093,1095,1096,1098,1099,1100,1101,1102,1103,1103,1103,1104,1104,1104,1103,1103,1103,1102,1101,1100,1099,1098,1096,1095,1093,1091,1089,1087,1085,1083,1081,1079,1076,1074,1071,1069,1066,1064,1061,1059,1056,1054,1052,1049,1047,1045,1043,1040,1038,1037,1035,1033,1032,1030,1029,1028,1027,1026,1025,1025,1024,1024,1024,1024,1024,1024,1024,1024,1024,1024,1024,1024,1024,1024,1024,1024,1024,1024,1024,1024,1024,1024,1024,1024,1024,1024,1024,1024,1024,1024,1024,1024,1024,1024,1024,1024,1023,1023,1023,1023,1023,1022,1022,1022,1021,1021,1021,1020,1019,1019,1018,1017,1016,1015,1014,1012,1012,1008,1004,1000,996,991,987,983,979,975,971,987,1004,1020,1036,1053,1069,1085,1102,1118,1135,1151,1167,1184,1200,1216,1233,1249,1265,1282,1298,1315,1331,1347,1364,1396,1396,1382,1367,1353,1339,1324,1310,1296,1282,1269,1255,1242,1229,1216,1203,1191,1179,1168,1156,1146,1135,1125,1115,1106,1098,1089,1081,1074,1067,1061,1055,1050,1045,1041,1037,1034,1032,1030,1028,1027,1027,1036,1044,1051,1057,1062,1065,1068,1071,1072,1073,1074,1074,1074,1074,1075,1076,1076,1077,1078,1078,1079,1080,1080,1081,1082,1082,1083,1084,1085,1085,1086,1087,1087,1088,1089,1089,1090,1091,1091,1092,1093,1093,1094,1095,1095,1096,1097,1098,1098,1099,1100,1100,1101,1102,1102,1103,1104,1104,1105,1106,1106,1107,1108,1108,1109,1110,1111,1111,1112,1113,1113,1114,1115,1115,1116,1117,1117,1118,1119,1119,1120,1121,1122,1122,1123,1124,1124,1125,1126,1126,1127,1128,1128,1129,1130,1130,1130,1130,1130,1130,1131,1131,1131,1131,1131,1131,1131,1131,1131,1131,1131,1131,1132,1132,1132,1132,1132,1132,1132,1133,1133,1133,1133,1133,1133,1134,1134,1134,1134,1135,1135,1135,1135,1135,1136,1136,1136,1136,1137,1137,1137,1137,1138,1138,1138,1138,1139,1139,1139,1140,1140,1140,1140,1141,1141,1141,1141,1142,1142,1142,1142,1143,1143,1143,1143,1144,1144,1144,1144,1144,1145,1145,1145,1145,1145,1146,1146,1146,1146,1146,1146,1147,1147,1147,1147,1147,1147,1147,1148,1148,1148,1148,1148,1148,1148,1148,1148,1148,1148,1148,1148,1148,1148,1148,1148,1147,1147,1146,1145,1144,1143,1142,1140,1139,1137,1136,1134,1132,1130,1128,1126,1123,1121,1119,1116,1114,1111,1109,1106,1103,1100,1097,1095,1092,1089,1086,1083,1080,1078,1075,1072,1069,1066,1064,1061,1058,1056,1053,1051,1049,1046,1044,1042,1040,1038,1037,1035,1033,1032,1031,1029,1028,1027,1026,1026,1025,1025,1024,1024,1024,1024,1024,1024,1024,1024,1024,1024,1024,1024,1024,1024,1024,1024,1024,1024,1024,1024,1024,1024

lead:V1
count:520
points:1024,1024,1024,1024,1024,1025,1025,1025,1025,1026,1026,1027,1027,1028,1028,1029,1029,1030,1031,1031,1032,1033,1033,1034,1035,1036,1036,1037,1038,1038,1039,1040,1041,1041,1042,1042,1043,1044,1044,1045,1045,1045,1046,1046,1046,1047,1047,1047,1047,1047,1047,1047,1047,1047,1047,1047,1046,1046,1046,1045,1045,1045,1044,1044,1043,1042,1042,1041,1041,1040,1039,1038,1038,1037,1036,1036,1035,1034,1033,1033,1032,1031,1031,1030,1029,1029,1028,1028,1027,1027,1026,1026,1025,1025,1025,1025,1024,1024,1024,1024,1024,1024,1024,1024,1024,1024,1024,1024,1024,1024,1024,1024,1024,1024,1024,1024,1024,1024,1024,1024,1024,1024,1024,1024,1024,1024,1024,1025,1025,1025,1026,1026,1027,1027,1028,1029,1030,1032,1033,1035,1037,1040,1042,1045,1049,1053,1057,1061,1066,1072,1078,1085,1092,1108,1108,1085,1063,1040,1017,994,971,948,925,903,880,847,814,781,748,716,683,650,617,584,551,486,486,495,505,515,525,534,544,554,563,573,583,593,602,622,622,641,661,680,700,719,738,757,776,794,813,830,848,865,882,899,915,930,945,960,974,988,1001,1013,1025,1036,1047,1057,1066,1074,1082,1089,1096,1101,1106,1111,1114,1117,1119,1120,1120,1123,1125,1127,1130,1132,1134,1135,1137,1138,1140,1141,1141,1142,1142,1143,1145,1146,1147,1149,1150,1151,1153,1154,1155,1157,1158,1159,1161,1162,1163,1165,1166,1167,1169,1170,1171,1172,1174,1175,1176,1177,1178,1180,1181,1182,1183,1184,1185,1186,1187,1188,1190,1191,1192,1193,1193,1194,1195,1196,1197,1198,1199,1200,1200,1201,1202,1203,1203,1204,1205,1205,1206,1207,1207,1208,1208,1209,1209,1210,1210,1211,1211,1211,1212,1212,1212,1212,1213,1213,1213,1213,1213,1213,1213,1214,1214,1213,1213,1213,1213,1212,1211,1211,1210,1209,1208,1207,1205,1204,1202,1201,1199,1197,1195,1193,1191,1189,1186,1184,1181,1179,1176,1173,1170,1167,1164,1161,1158,1155,1151,1148,1145,1141,1138,1134,1130,1127,1123,1119,1115,1112,1108,1104,1100,1096,1092,1088,1084,1080,1076,1072,1068,1065,1061,1057,1053,1049,1045,1041,1038,1034,1030,1027,1023,1019,1016,1013,1009,1006,1003,999,996,993,990,987,985,982,979,977,974,972,970,968,966,964,962,960,958,957,955,954,953,952,951,950,949,949,948,948,947,947,947,947,947,947,948,948,949,949,950,950,951,952,953,954,955,956,957,958,960,961,962,964,965,967,968,970,972,973,975,977,978,980,982,984,986,987,989,991,993,994,996,998,999,1001,1003,1004,1006,1007,1009,1010,1011,1013,1014,1015,1016,1017,1018,1019,1020,1021,1021,1022,1023,1023,1023,1024,1024,1024,1024,1024,1024,1024,1024,1024,1024,1024,1024,1024,1024,1024,1024,1024,1024,1024,1024,1024,1024,1024

lead:V2
count:520
points:1024,1024,1024,1024,1025,1025,1025,1026,1026,1027,1027,1028,1029,1030,1030,1031,1032,1033,1034,1035,1036,1037,1038,1040,1041,1042,1043,1044,1045,1046,1047,1048,1049,1050,1051,1052,1053,1054,1055,1055,1056,1057,1057,1058,1058,1059,1059,1059,1059,1060,1060,1060,1059,1059,1059,1059,1058,1058,1057,1057,1056,1055,1055,1054,1053,1052,1051,1050,1049,1048,1047,1046,1045,1044,1043,1042,1041,1040,1038,1037,1036,1035,1034,1033,1032,1031,1030,1030,1029,1028,1027,1027,1026,1026,1025,1025,1025,1024,1024,1024,1024,1024,1024,1024,1024,1024,1024,1024,1024,1024,1024,1024,1024,1024,1024,1024,1024,1024,1024,1024,1024,1024,1024,1024,1024,1024,1024,1024,1025,1025,1025,1025,1026,1026,1027,1028,1029,1030,1031,1032,1033,1035,1037,1039,1042,1044,1047,1050,1054,1058,1062,1067,1072,1083,1083,1065,1047,1029,1011,993,974,956,938,920,902,888,873,859,845,831,817,803,789,775,760,732,732,717,702,687,672,656,641,626,611,596,581,565,550,520,520,543,567,590,614,637,660,683,705,727,749,771,792,813,833,853,872,891,909,927,944,960,976,991,1005,1018,1031,1043,1054,1064,1074,1082,1090,1097,1103,1108,1112,1115,1118,1119,1119,1122,1125,1128,1131,1133,1135,1138,1139,1141,1142,1144,1144,1145,1145,1147,1148,1150,1151,1153,1155,1156,1158,1159,1161,1163,1164,1166,1167,1169,1170,1172,1173,1175,1176,1178,1179,1181,1182,1184,1185,1186,1188,1189,1191,1192,1193,1195,1196,1197,1198,1200,1201,1202,1203,1204,1205,1207,1208,1209,1210,1211,1212,1213,1214,1215,1215,1216,1217,1218,1219,1219,1220,1221,1222,1222,1223,1223,1224,1224,1225,1225,1226,1226,1227,1227,1227,1228,1228,1228,1228,1229,1229,1229,1229,1229,1229,1229,1229,1228,1228,1227,1227,1226,1225,1224,1223,1222,1221,1219,1218,1216,1215,1213,1211,1209,1207,1204,1202,1200,1197,1195,1192,1189,1187,1184,1181,1178,1175,1171,1168,1165,1161,1158,1155,1151,1148,1144,1140,1137,1133,1129,1125,1122,1118,1114,1110,1106,1102,1099,1095,1091,1087,1083,1079,1075,1072,1068,1064,1060,1057,1053,1050,1046,1042,1039,1036,1032,1029,1026,1023,1019,1016,1013,1011,1008,1005,1002,1000,997,995,993,990,988,986,984,983,981,979,978,976,975,974,973,972,971,970,970,969,969,968,968,968,968,968,968,969,969,969,970,970,971,971,972,972,973,974,975,975,976,977,978,979,980,981,982,984,985,986,987,988,990,991,992,993,995,996,997,999,1000,1001,1002,1004,1005,1006,1007,1009,1010,1011,1012,1013,1014,1015,1016,1017,1018,1018,1019,1020,1020,1021,1022,1022,1023,1023,1023,1024,1024,1024,1024,1024,1024,1024,1024,1024,1024,1024,1024,1024,1024,1024,1024,1024,1024,1024,1024,1024,1024,1024,1024

lead:V3
count:520
points:1024,1024,1024,1024,1025,1025,1025,1026,1027,1027,1028,1029,1030,1031,1032,1033,1034,1035,1036,1037,1039,1040,1041,1043,1044,1045,1047,1048,1049,1051,1052,1053,1054,1056,1057,1058,1059,1060,1061,1062,1063,1063,1064,1065,1065,1066,1066,1066,1066,1067,1067,1067,1066,1066,1066,1066,1065,1065,1064,1063,1063,1062,1061,1060,1059,1058,1057,1056,1054,1053,1052,1051,1049,1048,1047,1045,1044,1043,1041,1040,1039,1037,1036,1035,1034,1033,1032,1031,1030,1029,1028,1027,1027,1026,1025,1025,1025,1024,1024,1024,1024,1024,1024,1024,1024,1024,1024,1024,1024,1024,1024,1024,1024,1024,1024,1024,1024,1024,1024,1024,1024,1024,1024,1024,1024,1024,1024,1024,1024,1024,1024,1025,1025,1025,1025,1026,1026,1026,1027,1027,1028,1029,1030,1031,1032,1033,1034,1035,1037,1039,1041,1043,1045,1050,1050,1039,1028,1018,1007,996,985,974,964,953,942,949,955,962,969,976,982,989,996,1002,1009,1023,1023,985,947,909,871,834,796,758,720,682,645,607,569,493,493,517,541,565,589,613,636,659,682,705,727,749,771,792,813,833,853,872,890,908,926,942,958,973,988,1002,1014,1027,1038,1048,1058,1067,1075,1082,1088,1093,1097,1100,1103,1105,1105,1107,1110,1113,1116,1118,1120,1123,1125,1126,1128,1129,1129,1130,1130,1132,1133,1135,1136,1138,1140,1141,1143,1144,1146,1148,1149,1151,1152,1154,1155,1157,1158,1160,1161,1163,1164,1166,1167,1169,1170,1171,1173,1174,1175,1177,1178,1179,1181,1182,1183,1184,1186,1187,1188,1189,1190,1191,1192,1193,1194,1195,1196,1197,1198,1199,1200,1201,1202,1203,1203,1204,1205,1206,1206,1207,1207,1208,1209,1209,1210,1210,1211,1211,1211,1212,1212,1212,1213,1213,1213,1213,1213,1213,1213,1214,1214,1213,1213,1213,1213,1212,1212,1211,1211,1210,1209,1208,1207,1206,1204,1203,1202,1200,1199,1197,1195,1193,1191,1189,1187,1185,1183,1181,1178,1176,1174,1171,1169,1166,1163,1160,1158,1155,1152,1149,1146,1143,1140,1137,1134,1131,1128,1125,1122,1118,1115,1112,1109,1106,1102,1099,1096,1093,1090,1086,1083,1080,1077,1074,1071,1068,1065,1062,1059,1056,1053,1051,1048,1045,1043,1040,1038,1035,1033,1030,1028,1026,1024,1022,1020,1018,1016,1014,1013,1011,1010,1008,1007,1006,1004,1003,1002,1001,1001,1000,999,999,998,998,998,998,998,998,998,998,998,998,998,998,999,999,999,999,1000,1000,1000,1001,1001,1001,1002,1002,1003,1003,1004,1004,1005,1005,1006,1007,1007,1008,1008,1009,1010,1010,1011,1011,1012,1013,1013,1014,1014,1015,1016,1016,1017,1017,1018,1018,1019,1019,1020,1020,1021,1021,1021,1022,1022,1022,1023,1023,1023,1023,1023,1024,1024,1024,1024,1024,1024,1024,1024,1024,1024,1024,1024,1024,1024,1024,1024,1024,1024,1024,1024,1024,1024,1024,1024,1024

lead:V4
count:520
points:1024,1024,1024,1024,1025,1025,1026,1026,1027,1027,1028,1029,1030,1031,1032,1033,1034,1035,1036,1038,1039,1040,1042,1043,1044,1046,1047,1048,1050,1051,1052,1054,1055,1056,1057,1058,1059,1060,1061,1062,1063,1064,1065,1065,1066,1066,1067,1067,1067,1067,1067,1067,1067,1067,1067,1066,1066,1065,1065,1064,1063,1062,1061,1060,1059,1058,1057,1056,1055,1054,1052,1051,1050,1048,1047,1046,1044,1043,1042,1040,1039,1038,1036,1035,1034,1033,1032,1031,1030,1029,1028,1027,1027,1026,1026,1025,1025,1024,1024,1024,1024,1024,1024,1024,1024,1024,1024,1024,1024,1024,1024,1024,1024,1024,1024,1024,1024,1024,1024,1024,1024,1024,1024,1024,1024,1024,1024,1024,1024,1024,1024,1024,1024,1023,1023,1023,1023,1023,1023,1022,1022,1022,1021,1021,1020,1020,1019,1018,1018,1017,1016,1015,1014,1011,1011,1010,1008,1007,1005,1004,1002,1001,999,998,996,1023,1050,1077,1104,1131,1158,1185,1212,1239,1266,1320,1320,1265,1210,1155,1100,1045,990,935,880,825,769,714,659,549,549,570,591,611,632,652,672,692,712,732,751,770,789,807,825,842,859,876,892,907,922,937,950,963,976,988,999,1009,1019,1028,1037,1044,1051,1057,1062,1067,1070,1073,1075,1077,1077,1079,1081,1084,1086,1088,1090,1092,1094,1095,1096,1097,1098,1098,1098,1100,1101,1102,1104,1105,1106,1108,1109,1110,1112,1113,1114,1116,1117,1118,1119,1121,1122,1123,1124,1126,1127,1128,1129,1131,1132,1133,1134,1135,1136,1137,1139,1140,1141,1142,1143,1144,1145,1146,1147,1148,1149,1150,1151,1151,1152,1153,1154,1155,1156,1156,1157,1158,1158,1159,1160,1160,1161,1162,1162,1163,1163,1164,1164,1165,1165,1165,1166,1166,1166,1167,1167,1167,1167,1168,1168,1168,1168,1168,1168,1168,1168,1168,1168,1168,1168,1168,1167,1167,1166,1166,1165,1165,1164,1163,1162,1162,1161,1160,1159,1158,1157,1155,1154,1153,1152,1150,1149,1148,1146,1145,1143,1141,1140,1138,1136,1135,1133,1131,1129,1128,1126,1124,1122,1120,1118,1116,1114,1112,1110,1108,1106,1104,1102,1100,1098,1096,1094,1092,1090,1088,1086,1084,1082,1080,1078,1076,1074,1073,1071,1069,1067,1065,1064,1062,1060,1059,1057,1056,1054,1053,1051,1050,1048,1047,1046,1045,1044,1042,1041,1040,1039,1039,1038,1037,1036,1036,1035,1034,1034,1033,1033,1033,1032,1032,1032,1032,1032,1032,1032,1032,1032,1032,1032,1032,1032,1032,1032,1031,1031,1031,1031,1031,1031,1031,1031,1031,1030,1030,1030,1030,1030,1030,1029,1029,1029,1029,1029,1029,1028,1028,1028,1028,1028,1027,1027,1027,1027,1027,1027,1026,1026,1026,1026,1026,1026,1025,1025,1025,1025,1025,1025,1025,1025,1025,1024,1024,1024,1024,1024,1024,1024,1024,1024,1024,1024,1024,1024,1024,1024,1024,1024,1024,1024,1024,1024,1024,1024,1024,1024,1024,1024,1024,1024,1024

lead:V5
count:520
points:1024,1024,1024,1024,1025,1025,1025,1026,1026,1027,1028,1028,1029,1030,1031,1032,1033,1034,1035,1036,1037,1038,1039,1040,1041,1043,1044,1045,1046,1047,1048,1049,1051,1052,1053,1054,1054,1055,1056,1057,1058,1058,1059,1059,1060,1060,1061,1061,1061,1061,1061,1061,1061,1061,1061,1060,1060,1059,1059,1058,1058,1057,1056,1055,1054,1054,1053,1052,1051,1049,1048,1047,1046,1045,1044,1043,1041,1040,1039,1038,1037,1036,1035,1034,1033,1032,1031,1030,1029,1028,1028,1027,1026,1026,1025,1025,1025,1024,1024,1024,1024,1024,1024,1024,1024,1024,1024,1024,1024,1024,1024,1024,1024,1024,1024,1024,1024,1024,1024,1024,1024,1024,1024,1024,1024,1024,1024,1024,1024,1023,1023,1023,1022,1022,1022,1021,1020,1019,1019,1018,1016,1015,1013,1012,1010,1008,1005,1003,1000,996,993,989,985,976,976,983,991,999,1007,1014,1022,1030,1038,1045,1053,1096,1139,1181,1224,1267,1310,1353,1395,1438,1481,1566,1566,1503,1439,1376,1312,1248,1185,1121,1057,994,930,867,803,676,676,690,704,719,733,747,761,775,789,802,816,829,842,854,867,879,891,902,913,924,934,944,954,963,972,980,988,995,1002,1008,1014,1019,1024,1028,1031,1034,1037,1039,1040,1041,1041,1043,1045,1046,1048,1049,1050,1052,1053,1054,1054,1055,1056,1056,1056,1057,1058,1059,1059,1060,1061,1062,1063,1064,1065,1066,1066,1067,1068,1069,1070,1071,1072,1072,1073,1074,1075,1076,1076,1077,1078,1079,1079,1080,1081,1082,1082,1083,1084,1085,1085,1086,1087,1087,1088,1089,1089,1090,1090,1091,1092,1092,1093,1093,1094,1094,1095,1095,1096,1096,1096,1097,1097,1098,1098,1098,1099,1099,1099,1100,1100,1100,1100,1101,1101,1101,1101,1101,1102,1102,1102,1102,1102,1102,1102,1102,1102,1102,1102,1102,1102,1102,1102,1102,1102,1101,1101,1101,1101,1101,1100,1100,1100,1100,1099,1099,1099,1099,1098,1098,1097,1097,1097,1096,1096,1096,1095,1095,1094,1094,1093,1093,1092,1092,1091,1091,1090,1090,1089,1089,1088,1088,1087,1087,1086,1085,1085,1084,1084,1083,1083,1082,1081,1081,1080,1080,1079,1079,1078,1078,1077,1077,1076,1076,1075,1075,1074,1074,1073,1073,1072,1072,1071,1071,1070,1070,1070,1069,1069,1069,1068,1068,1068,1067,1067,1067,1066,1066,1066,1066,1065,1065,1065,1065,1065,1065,1065,1064,1064,1064,1064,1064,1064,1064,1064,1064,1064,1064,1064,1063,1063,1063,1062,1062,1061,1061,1060,1060,1059,1058,1058,1057,1056,1056,1055,1054,1053,1052,1051,1051,1050,1049,1048,1047,1046,1045,1044,1043,1042,1041,1040,1040,1039,1038,1037,1036,1035,1034,1034,1033,1032,1031,1031,1030,1029,1029,1028,1028,1027,1027,1026,1026,1025,1025,1025,1025,1024,1024,1024,1024,1024,1024,1024,1024,1024,1024,1024,1024,1024,1024,1024,1024,1024,1024,1024,1024,1024,1024,1024,1024

lead:V6
count:520
points:1024,1024,1024,1024,1024,1025,1025,1025,1026,1026,1026,1027,1027,1028,1029,1029,1030,1031,1031,1032,1033,1034,1034,1035,1036,1037,1038,1038,1039,1040,1041,1042,1042,1043,1044,1044,1045,1046,1046,1047,1047,1048,1048,1048,1049,1049,1049,1049,1049,1050,1050,1050,1049,1049,1049,1049,1049,1048,1048,1048,1047,1047,1046,1046,1045,1044,1044,1043,1042,1042,1041,1040,1039,1038,1038,1037,1036,1035,1034,1034,1033,1032,1031,1031,1030,1029,1029,1028,1027,1027,1026,1026,1026,1025,1025,1025,1024,1024,1024,1024,1024,1024,1024,1024,1024,1024,1024,1024,1024,1024,1024,1024,1024,1024,1024,1024,1024,1024,1024,1024,1024,1024,1024,1024,1024,1024,1024,1023,1023,1023,1023,1022,1022,1021,1020,1019,1018,1017,1015,1014,1012,1010,1007,1004,1001,998,994,990,985,980,975,969,962,947,947,963,979,995,1011,1027,1042,1058,1074,1090,1106,1158,1210,1262,1314,1366,1418,1470,1522,1574,1626,1731,1731,1668,1605,1543,1480,1418,1355,1293,1230,1168,1105,1043,980,855,855,861,867,872,878,884,890,895,901,906,912,917,922,928,933,938,942,947,951,956,960,964,968,972,975,978,982,985,987,990,992,994,996,998,999,1001,1002,1002,1003,1004,1004,1005,1005,1006,1007,1007,1008,1008,1008,1008,1009,1009,1009,1009,1009,1009,1009,1009,1009,1010,1010,1010,1010,1010,1011,1011,1011,1011,1011,1011,1012,1012,1012,1012,1012,1013,1013,1013,1013,1013,1014,1014,1014,1014,1014,1014,1015,1015,1015,1015,1015,1016,1016,1016,1016,1016,1017,1017,1017,1017,1017,1017,1018,1018,1018,1018,1018,1019,1019,1019,1019,1019,1020,1020,1020,1020,1020,1020,1021,1021,1021,1021,1021,1022,1022,1022,1022,1022,1023,1023,1023,1023,1023,1023,1024,1024,1024,1024,1024,1024,1024,1024,1025,1025,1025,1025,1025,1026,1026,1026,1027,1027,1028,1028,1029,1029,1030,1030,1031,1031,1032,1033,1033,1034,1035,1036,1036,1037,1038,1039,1040,1040,1041,1042,1043,1044,1045,1046,1047,1048,1049,1049,1050,1051,1052,1053,1054,1055,1056,1057,1058,1059,1060,1061,1062,1063,1064,1065,1066,1067,1068,1069,1070,1071,1072,1072,1073,1074,1075,1076,1077,1077,1078,1079,1080,1080,1081,1082,1082,1083,1084,1084,1085,1085,1086,1086,1087,1087,1088,1088,1088,1089,1089,1089,1090,1090,1090,1090,1090,1090,1091,1091,1091,1091,1090,1090,1090,1090,1089,1089,1088,1088,1087,1086,1086,1085,1084,1083,1082,1081,1080,1079,1077,1076,1075,1073,1072,1071,1069,1068,1066,1065,1063,1062,1060,1059,1057,1056,1054,1053,1051,1050,1048,1047,1045,1044,1042,1041,1040,1038,1037,1036,1035,1034,1033,1032,1031,1030,1029,1028,1027,1027,1026,1026,1025,1025,1025,1024,1024,1024,1024,1024,1024,1024,1024,1024,1024,1024,1024,1024,1024,1024,1024,1024,1024,1024,1024,1024,1024,1024

