pathology:anterolatmi
group:infarction
title:Sinus rhythm during anterolateral MI
name:Синусовый ритм при переднебоковом ИМ
leads:12

lead:I
count:520
points:1024,1024,1024,1025,1025,1026,1026,1027,1028,1029,1030,1032,1033,1034,1036,1038,1039,1041,1043,1045,1047,1049,1051,1053,1055,1057,1059,1061,1064,1066,1068,1070,1071,1073,1075,1077,1078,1080,1082,1083,1084,1085,1086,1087,1088,1089,1090,1090,1090,1090,1091,1090,1090,1090,1090,1089,1088,1087,1086,1085,1084,1083,1082,1080,1078,1077,1075,1073,1071,1070,1068,1066,1064,1061,1059,1057,1055,1053,1051,1049,1047,1045,1043,1041,1039,1038,1036,1034,1033,1032,1030,1029,1028,1027,1026,1026,1025,1025,1024,1024,1024,1024,1024,1024,1024,1024,1024,1024,1024,1024,1024,1024,1024,1024,1024,1024,1024,1024,1024,1024,1024,1024,1024,1024,1024,1024,1024,1024,1024,1024,1024,1024,1023,1023,1023,1023,1022,1022,1022,1021,1021,1020,1020,1019,1018,1017,1016,1015,1014,1012,1011,1009,1008,1004,1004,999,994,990,985,980,976,971,967,962,957,976,995,1014,1032,1051,1070,1088,1107,1126,1145,1163,1182,1201,1219,1238,1257,1275,1294,1313,1332,1350,1369,1388,1406,1444,1444,1432,1419,1407,1395,1383,1371,1359,1347,1336,1324,1313,1302,1291,1281,1270,1260,1250,1241,1232,1223,1214,1206,1199,1191,1184,1178,1171,1166,1160,1155,1151,1147,1143,1140,1138,1135,1134,1132,1132,1132,1132,1133,1134,1134,1135,1136,1137,1137,1138,1139,1140,1140,1142,1142,1143,1143,1144,1145,1146,1146,1147,1148,1149,1150,1150,1151,1152,1153,1153,1154,1155,1156,1156,1157,1158,1159,1159,1160,1161,1161,1162,1163,1163,1164,1165,1165,1166,1167,1167,1168,1168,1169,1170,1170,1171,1171,1172,1172,1173,1173,1174,1174,1175,1175,1176,1176,1177,1177,1177,1178,1178,1178,1179,1179,1179,1180,1180,1180,1181,1181,1181,1181,1181,1182,1182,1182,1182,1182,1182,1182,1183,1183,1183,1183,1183,1183,1183,1183,1182,1182,1181,1181,1180,1179,1179,1178,1177,1176,1174,1173,1172,1170,1168,1167,1165,1163,1161,1159,1157,1155,1153,1150,1148,1145,1143,1140,1137,1135,1132,1129,1126,1123,1120,1117,1114,1111,1108,1104,1101,1098,1095,1091,1088,1085,1081,1078,1074,1071,1068,1064,1061,1057,1054,1051,1047,1044,1040,1037,1034,1031,1027,1024,1021,1018,1015,1012,1009,1006,1003,1000,998,995,992,990,987,985,983,980,978,976,974,972,970,968,967,965,964,962,961,960,958,957,956,956,955,954,954,953,953,953,952,952,952,952,953,953,953,954,954,955,955,956,957,958,959,960,961,962,963,964,965,967,968,969,971,972,974,975,977,978,980,982,983,985,987,988,990,991,993,995,996,998,1000,1001,1003,1004,1006,1007,1008,1010,1011,1012,1014,1015,1016,1017,1018,1019,1019,1020,1021,1022,1022,1023,1023,1023,1024,1024,1024,1024,1024,1024,1024,1024,1024,1024,1024,1024,1024,1024,1024,1024,1024,1024,1024,1024,1024,1024,1024

lead:II
count:520
points:1024,1024,1024,1025,1026,1027,1028,1029,1030,1032,1034,1036,1038,1040,1043,1045,1048,1051,1053,1056,1059,1062,1066,1069,1072,1075,1078,1082,1085,1088,1091,1094,1097,1100,1103,1105,1108,1110,1113,1115,1117,1118,1120,1122,1123,1124,1125,1125,1126,1126,1126,1126,1126,1125,1125,1124,1123,1122,1120,1118,1117,1115,1113,1110,1108,1105,1103,1100,1097,1094,1091,1088,1085,1082,1078,1075,1072,1069,1066,1062,1059,1056,1053,1051,1048,1045,1043,1040,1038,1036,1034,1032,1030,1029,1028,1027,1026,1025,1024,1024,1024,1024,1024,1024,1024,1024,1024,1024,1024,1024,1024,1024,1024,1024,1024,1024,1024,1024,1024,1024,1024,1024,1024,1024,1024,1024,1024,1024,1024,1024,1024,1024,1024,1023,1023,1023,1023,1023,1022,1022,1022,1021,1021,1020,1019,1019,1018,1017,1016,1015,1014,1013,1012,1009,1009,1007,1005,1002,1000,998,996,994,992,990,988,1001,1014,1027,1039,1052,1065,1078,1091,1103,1116,1129,1142,1155,1167,1180,1193,1206,1219,1231,1244,1257,1270,1283,1295,1321,1321,1307,1294,1281,1267,1254,1241,1228,1215,1202,1190,1177,1165,1153,1142,1130,1119,1109,1098,1088,1078,1069,1060,1052,1043,1036,1028,1022,1015,1009,1004,999,995,991,987,985,982,980,979,978,978,987,995,1002,1007,1012,1015,1018,1020,1022,1023,1024,1024,1024,1024,1024,1024,1024,1024,1024,1024,1024,1024,1024,1024,1024,1024,1024,1024,1024,1024,1024,1024,1024,1024,1024,1024,1024,1024,1024,1024,1024,1024,1024,1024,1024,1024,1024,1024,1024,1024,1024,1024,1024,1024,1024,1024,1024,1024,1024,1024,1024,1024,1024,1024,1024,1024,1024,1024,1024,1024,1024,1024,1024,1024,1024,1024,1024,1024,1024,1024,1024,1024,1024,1024,1024,1024,1024,1024,1024,1024,1024,1024,1024,1024,1024,1024,1024,1024,1024,1025,1025,1025,1026,1026,1027,1027,1028,1029,1029,1030,1031,1032,1033,1034,1035,1037,1038,1039,1041,1042,1043,1045,1047,1048,1050,1051,1053,1055,1057,1059,1060,1062,1064,1066,1068,1070,1072,1074,1077,1079,1081,1083,1085,1087,1089,1092,1094,1096,1098,1100,1103,1105,1107,1109,1111,1114,1116,1118,1120,1122,1124,1126,1128,1130,1132,1134,1136,1138,1140,1142,1143,1145,1147,1148,1150,1152,1153,1154,1156,1157,1159,1160,1161,1162,1163,1164,1165,1166,1167,1168,1169,1169,1170,1170,1171,1171,1172,1172,1172,1172,1172,1172,1172,1172,1172,1171,1171,1170,1169,1167,1166,1165,1163,1161,1159,1157,1155,1153,1151,1148,1146,1143,1140,1137,1134,1131,1128,1125,1122,1119,1115,1112,1108,1105,1102,1098,1095,1091,1088,1085,1081,1078,1075,1071,1068,1065,1062,1059,1056,1054,1051,1048,1046,1043,1041,1039,1037,1035,1033,1032,1030,1029,1028,1027,1026,1025,1025,1024,1024,1024,1024,1024,1024,1024,1024,1024,1024,1024,1024,1024,1024,1024,1024,1024,1024,1024,1024,1024,1024

lead:III
count:520
points:1024,1024,1024,1024,1025,1025,1025,1026,1026,1027,1027,1028,1029,1030,1030,1031,1032,1033,1034,1035,1036,1037,1039,1040,1041,1042,1043,1044,1045,1046,1047,1049,1050,1051,1052,1052,1053,1054,1055,1056,1056,1057,1058,1058,1059,1059,1059,1060,1060,1060,1060,1060,1060,1060,1059,1059,1059,1058,1058,1057,1056,1056,1055,1054,1053,1052,1052,1051,1050,1049,1047,1046,1045,1044,1043,1042,1041,1040,1039,1037,1036,1035,1034,1033,1032,1031,1030,1030,1029,1028,1027,1027,1026,1026,1025,1025,1025,1024,1024,1024,1024,1024,1024,1024,1024,1024,1024,1024,1024,1024,1024,1024,1024,1024,1024,1024,1024,1024,1024,1024,1024,1024,1024,1024,1024,1024,1024,1024,1024,1024,1024,1024,1024,1024,1024,1024,1024,1024,1025,1025,1025,1025,1025,1025,1026,1026,1026,1026,1027,1027,1027,1028,1028,1029,1029,1032,1034,1037,1039,1042,1044,1047,1050,1052,1055,1049,1043,1037,1031,1025,1019,1013,1007,1002,996,990,984,978,972,966,960,954,948,942,937,931,925,919,913,901,901,900,899,898,896,895,894,893,892,890,889,888,887,886,885,884,883,882,881,880,879,879,878,877,876,876,875,874,874,873,873,872,872,872,871,871,871,871,870,870,870,873,876,878,881,883,886,888,891,893,896,899,901,906,906,905,905,904,903,902,902,901,900,899,898,898,897,896,895,895,894,893,892,892,891,890,889,889,888,887,887,886,885,885,884,883,883,882,881,881,880,880,879,878,878,877,877,876,876,875,875,874,874,873,873,872,872,871,871,871,870,870,870,869,869,869,868,868,868,867,867,867,867,867,866,866,866,866,866,866,866,865,865,865,865,865,865,865,866,866,867,867,868,869,871,872,874,875,877,879,881,884,886,889,892,895,898,901,904,908,911,915,919,923,927,931,935,940,944,949,954,958,963,968,973,978,984,989,994,999,1005,1010,1016,1021,1027,1032,1038,1043,1049,1055,1060,1066,1072,1077,1083,1088,1094,1099,1105,1110,1115,1121,1126,1131,1136,1141,1146,1151,1156,1161,1165,1170,1174,1178,1183,1187,1191,1194,1198,1202,1205,1209,1212,1215,1218,1221,1223,1226,1228,1230,1232,1234,1236,1237,1239,1240,1241,1242,1243,1243,1244,1244,1244,1244,1244,1243,1242,1241,1240,1238,1237,1235,1233,1230,1228,1225,1222,1219,1215,1212,1208,1204,1200,1196,1192,1188,1183,1179,1174,1169,1164,1159,1154,1149,1144,1139,1134,1129,1124,1119,1114,1109,1104,1099,1094,1090,1085,1081,1076,1072,1068,1064,1060,1056,1053,1049,1046,1043,1040,1038,1036,1033,1031,1030,1028,1027,1026,1025,1024,1024,1024,1024,1024,1024,1024,1024,1024,1024,1024,1024,1024,1024,1024,1024,1024,1024,1024,1024,1024,1024

lead:aVR
count:520
points:1024,1024,1024,1023,1022,1022,1021,1019,1018,1016,1015,1013,1011,1009,1006,1004,1001,999,996,993,990,987,984,981,978,975,972,969,966,963,960,957,954,952,949,947,944,942,940,938,936,934,932,931,930,929,928,927,927,927,926,927,927,927,928,929,930,931,932,934,936,938,940,942,944,947,949,952,954,957,960,963,966,969,972,975,978,981,984,987,990,993,996,999,1001,1004,1006,1009,1011,1013,1015,1016,1018,1019,1021,1022,1022,1023,1024,1024,1024,1024,1024,1024,1024,1024,1024,1024,1024,1024,1024,1024,1024,1024,1024,1024,1024,1024,1024,1024,1024,1024,1024,1024,1024,1024,1024,1024,1024,1024,1024,1025,1025,1025,1025,1025,1026,1026,1026,1027,1027,1028,1029,1029,1030,1031,1032,1033,1034,1036,1037,1039,1041,1045,1045,1049,1052,1056,1060,1064,1068,1072,1075,1079,1083,1065,1047,1029,1010,992,974,956,938,919,901,883,865,847,828,810,792,774,756,737,719,701,683,665,647,610,610,625,640,655,669,684,698,713,727,741,755,769,782,795,808,820,833,844,856,867,878,888,898,907,916,925,933,940,947,954,960,965,970,974,978,981,984,986,987,989,989,986,984,982,979,977,975,972,970,968,965,963,961,956,956,956,955,955,954,954,953,953,952,952,952,951,951,950,950,949,949,948,948,948,947,947,946,946,946,945,945,944,944,944,943,943,942,942,942,941,941,941,940,940,940,939,939,939,938,938,938,937,937,937,937,936,936,936,936,935,935,935,935,935,934,934,934,934,934,934,933,933,933,933,933,933,933,933,933,933,933,932,932,932,932,932,932,932,932,932,933,933,933,933,933,933,933,934,934,934,934,935,935,935,936,936,936,937,937,938,938,939,939,940,940,941,941,942,942,943,943,944,945,945,946,946,947,948,948,949,950,950,951,952,953,953,954,955,955,956,957,957,958,959,960,960,961,962,962,963,964,964,965,966,966,967,967,968,969,969,970,970,971,971,972,972,973,973,974,974,975,975,976,976,976,977,977,977,978,978,978,978,979,979,979,979,979,979,979,980,980,980,980,980,980,980,980,980,981,981,981,982,982,982,983,984,984,985,985,986,987,988,988,989,990,991,992,993,994,995,996,997,998,999,1000,1001,1002,1003,1004,1005,1006,1007,1008,1009,1010,1011,1012,1013,1014,1014,1015,1016,1017,1018,1018,1019,1020,1020,1021,1021,1022,1022,1023,1023,1023,1023,1024,1024,1024,1024,1024,1024,1024,1024,1024,1024,1024,1024,1024,1024,1024,1024,1024,1024,1024,1024,1024,1024,1024,1024

lead:aVL
count:520
points:1024,1024,1024,1024,1024,1024,1025,1025,1025,1025,1026,1026,1026,1027,1027,1028,1028,1029,1029,1030,1030,1031,1031,1032,1032,1033,1033,1034,1035,1035,1036,1036,1037,1037,1038,1038,1039,1039,1039,1040,1040,1040,1041,1041,1041,1041,1041,1042,1042,1042,1042,1042,1042,1042,1041,1041,1041,1041,1041,1040,1040,1040,1039,1039,1039,1038,1038,1037,1037,1036,1036,1035,1035,1034,1033,1033,1032,1032,1031,1031,1030,1030,1029,1029,1028,1028,1027,1027,1026,1026,1026,1025,1025,1025,1025,1024,1024,1024,1024,1024,1024,1024,1024,1024,1024,1024,1024,1024,1024,1024,1024,1024,1024,1024,1024,1024,1024,1024,1024,1024,1024,1024,1024,1024,1024,1024,1024,1024,1024,1024,1024,1024,1024,1023,1023,1023,1023,1023,1022,1022,1022,1021,1021,1020,1020,1019,1018,1017,1017,1016,1015,1013,1012,1009,1009,1005,1001,997,993,989,984,980,976,972,968,982,996,1010,1025,1039,1053,1067,1082,1096,1110,1124,1138,1153,1167,1181,1195,1209,1224,1238,1252,1266,1280,1295,1309,1337,1337,1331,1324,1317,1310,1304,1297,1290,1284,1278,1271,1265,1259,1253,1247,1241,1236,1230,1225,1220,1215,1210,1206,1202,1198,1194,1190,1187,1183,1180,1178,1175,1173,1171,1169,1168,1167,1166,1165,1165,1165,1164,1164,1163,1163,1162,1162,1161,1161,1161,1160,1160,1160,1160,1160,1161,1162,1163,1164,1165,1165,1166,1167,1168,1169,1170,1171,1172,1173,1173,1174,1175,1176,1177,1178,1178,1179,1180,1181,1182,1183,1183,1184,1185,1186,1186,1187,1188,1189,1189,1190,1191,1191,1192,1193,1193,1194,1195,1195,1196,1196,1197,1198,1198,1199,1199,1200,1200,1201,1201,1202,1202,1202,1203,1203,1203,1204,1204,1204,1205,1205,1205,1206,1206,1206,1206,1206,1207,1207,1207,1207,1207,1207,1207,1207,1207,1207,1207,1207,1207,1206,1205,1205,1204,1202,1201,1200,1198,1196,1194,1192,1190,1188,1185,1183,1180,1177,1174,1171,1168,1165,1161,1158,1154,1150,1146,1142,1138,1134,1130,1125,1121,1116,1112,1107,1102,1097,1093,1088,1083,1078,1073,1068,1063,1057,1052,1047,1042,1037,1031,1026,1021,1016,1011,1005,1000,995,990,985,980,975,970,965,960,956,951,946,942,937,933,929,925,921,917,913,909,905,902,898,895,892,888,886,883,880,877,875,873,870,868,867,865,863,862,860,859,858,857,857,856,856,856,856,856,856,856,857,858,859,860,861,863,864,866,868,870,873,875,877,880,883,886,889,892,895,899,902,906,909,913,917,920,924,928,932,936,940,944,948,951,955,959,963,967,970,974,977,981,984,987,991,994,997,999,1002,1005,1007,1009,1011,1013,1015,1017,1018,1020,1021,1022,1023,1023,1024,1024,1024,1024,1024,1024,1024,1024,1024,1024,1024,1024,1024,1024,1024,1024,1024,1024,1024,1024,1024,1024

lead:aVF
count:520
points:1024,1024,1024,1025,1025,1026,1027,1028,1029,1030,1032,1033,1035,1037,1038,1040,1043,1045,1047,1049,1052,1054,1056,1059,1061,1064,1066,1069,1071,1074,1076,1079,1081,1083,1085,1087,1089,1091,1093,1095,1096,1098,1099,1100,1101,1102,1103,1103,1103,1104,1104,1104,1103,1103,1103,1102,1101,1100,1099,1098,1096,1095,1093,1091,1089,1087,1085,1083,1081,1079,1076,1074,1071,1069,1066,1064,1061,1059,1056,1054,1052,1049,1047,1045,1043,1040,1038,1037,1035,1033,1032,1030,1029,1028,1027,1026,1025,1025,1024,1024,1024,1024,1024,1024,1024,1024,1024,1024,1024,1024,1024,1024,1024,1024,1024,1024,1024,1024,1024,1024,1024,1024,1024,1024,1024,1024,1024,1024,1024,1024,1024,1024,1024,1024,1024,1024,1024,1023,1023,1023,1023,1023,1023,1022,1022,1022,1022,1021,1021,1021,1020,1020,1019,1018,1018,1018,1019,1019,1019,1020,1020,1020,1020,1021,1021,1025,1029,1033,1037,1041,1045,1049,1053,1057,1061,1065,1069,1073,1077,1081,1085,1089,1093,1097,1101,1105,1109,1113,1117,1125,1125,1116,1108,1099,1091,1082,1074,1066,1058,1050,1042,1034,1027,1019,1012,1005,998,991,984,978,972,966,960,955,950,945,941,936,932,929,925,922,919,917,915,913,911,910,909,909,909,912,915,919,922,926,929,932,936,939,942,946,949,956,956,956,955,955,954,954,953,953,952,952,952,951,951,950,950,949,949,948,948,948,947,947,946,946,946,945,945,944,944,944,943,943,942,942,942,941,941,941,940,940,940,939,939,939,938,938,938,937,937,937,937,936,936,936,936,935,935,935,935,935,934,934,934,934,934,934,933,933,933,933,933,933,933,933,933,933,933,932,932,932,932,932,932,932,933,933,933,934,935,936,937,938,939,940,942,944,945,947,949,951,954,956,958,961,964,966,969,972,975,979,982,985,989,992,996,1000,1003,1007,1011,1015,1019,1023,1027,1032,1036,1040,1044,1049,1053,1058,1062,1067,1071,1076,1080,1085,1089,1094,1098,1103,1107,1112,1116,1120,1125,1129,1133,1138,1142,1146,1150,1154,1158,1162,1166,1170,1173,1177,1181,1184,1187,1191,1194,1197,1200,1203,1206,1208,1211,1213,1216,1218,1220,1222,1224,1226,1227,1229,1230,1231,1233,1234,1234,1235,1236,1236,1237,1237,1237,1237,1236,1236,1235,1234,1233,1231,1230,1228,1226,1223,1221,1218,1215,1212,1209,1206,1202,1198,1195,1191,1186,1182,1178,1173,1169,1164,1160,1155,1150,1145,1140,1135,1130,1126,1121,1116,1111,1106,1101,1097,1092,1087,1083,1079,1074,1070,1066,1062,1059,1055,1052,1049,1045,1043,1040,1037,1035,1033,1031,1030,1028,1027,1026,1025,1024,1024,1024,1024,1024,1024,1024,1024,1024,1024,1024,1024,1024,1024,1024,1024,1024,1024,1024,1024,1024,1024

lead:V1
count:520
points:1024,1024,1024,1024,1024,1024,1025,1025,1025,1026,1026,1026,1027,1027,1027,1028,1028,1029,1030,1030,1031,1031,1032,1032,1033,1034,1034,1035,1035,1036,1037,1037,1038,1038,1039,1039,1040,1040,1041,1041,1041,1042,1042,1042,1043,1043,1043,1043,1043,1043,1043,1043,1043,1043,1043,1043,1043,1042,1042,1042,1041,1041,1041,1040,1040,1039,1039,1038,1038,1037,1037,1036,1035,1035,1034,1034,1033,1032,1032,1031,1031,1030,1030,1029,1028,1028,1027,1027,1027,1026,1026,1026,1025,1025,1025,1024,1024,1024,1024,1024,1024,1024,1024,1024,1024,1024,1024,1024,1024,1024,1024,1024,1024,1024,1024,1024,1024,1024,1024,1024,1024,1024,1024,1024,1024,1024,1024,1024,1024,1024,1024,1024,1024,1024,1024,1024,1024,1024,1024,1024,1023,1023,1023,1023,1023,1023,1023,1022,1022,1022,1022,1021,1021,1020,1020,1020,1020,1020,1020,1020,1020,1020,1020,1020,1020,1024,1027,1031,1035,1038,1042,1046,1050,1053,1057,1061,1065,1068,1072,1076,1080,1083,1087,1091,1095,1098,1102,1106,1110,1117,1117,1108,1098,1088,1079,1070,1060,1051,1042,1033,1024,1015,1006,998,990,982,974,966,959,952,945,938,932,926,920,914,909,904,900,896,892,888,885,883,880,878,876,875,874,873,873,882,890,898,905,913,919,926,931,936,940,943,945,947,947,947,948,948,948,948,949,949,949,949,950,950,950,950,951,951,951,951,951,952,952,952,952,953,953,953,953,953,954,954,954,954,954,955,955,955,955,955,956,956,956,956,956,956,957,957,957,957,957,957,958,958,958,958,958,958,958,958,958,959,959,959,959,959,959,959,959,959,959,959,959,960,960,960,960,960,960,960,960,960,960,960,960,960,960,960,960,961,961,962,963,963,964,965,966,967,968,969,971,972,973,975,977,978,980,982,984,986,988,990,992,994,996,998,1001,1003,1006,1008,1011,1013,1016,1019,1021,1024,1027,1029,1032,1035,1038,1041,1044,1047,1049,1052,1055,1058,1061,1064,1067,1070,1073,1076,1078,1081,1084,1087,1090,1092,1095,1098,1100,1103,1106,1108,1111,1113,1116,1118,1120,1122,1125,1127,1129,1131,1133,1135,1136,1138,1140,1141,1143,1144,1146,1147,1148,1149,1150,1151,1152,1153,1154,1154,1155,1155,1156,1156,1156,1156,1157,1156,1156,1156,1155,1155,1154,1153,1152,1151,1150,1148,1147,1145,1143,1141,1139,1137,1135,1133,1130,1128,1125,1123,1120,1117,1114,1111,1108,1105,1102,1099,1096,1093,1090,1087,1084,1081,1078,1075,1072,1069,1066,1063,1061,1058,1055,1053,1050,1048,1046,1043,1041,1039,1037,1036,1034,1032,1031,1030,1028,1027,1027,1026,1025,1025,1024,1024,1024,1024,1024,1024,1024,1024,1024,1024,1024,1024,1024,1024,1024,1024,1024,1024,1024,1024,1024,1024

lead:V2
count:520
points:1024,1024,1024,1024,1025,1025,1026,1026,1027,1028,1028,1029,1030,1031,1032,1033,1035,1036,1037,1039,1040,1041,1043,1044,1046,1047,1048,1050,1051,1053,1054,1056,1057,1058,1059,1061,1062,1063,1064,1065,1066,1066,1067,1068,1068,1069,1069,1070,1070,1070,1070,1070,1070,1070,1069,1069,1068,1068,1067,1066,1066,1065,1064,1063,1062,1061,1059,1058,1057,1056,1054,1053,1051,1050,1048,1047,1046,1044,1043,1041,1040,1039,1037,1036,1035,1033,1032,1031,1030,1029,1028,1028,1027,1026,1026,1025,1025,1024,1024,1024,1024,1024,1024,1024,1024,1024,1024,1024,1024,1024,1024,1024,1024,1024,1024,1024,1024,1024,1024,1024,1024,1024,1024,1024,1024,1024,1024,1024,1024,1024,1024,1024,1024,1024,1023,1023,1023,1023,1023,1023,1022,1022,1022,1021,1021,1021,1020,1019,1019,1018,1017,1017,1016,1014,1014,1012,1011,1009,1008,1006,1005,1003,1001,1000,998,1009,1019,1030,1040,1051,1061,1071,1082,1092,1103,1113,1124,1134,1145,1155,1165,1176,1186,1197,1207,1218,1228,1238,1249,1270,1270,1255,1241,1226,1212,1198,1184,1170,1156,1142,1129,1115,1102,1090,1077,1065,1053,1042,1030,1020,1009,999,989,980,972,963,955,948,941,935,929,924,919,915,911,908,906,904,902,901,901,910,919,928,937,945,952,959,965,970,975,978,981,983,983,984,985,985,986,987,988,989,989,990,991,992,992,993,994,995,995,996,997,998,998,999,1000,1001,1001,1002,1003,1003,1004,1005,1005,1006,1007,1007,1008,1008,1009,1010,1010,1011,1011,1012,1013,1013,1014,1014,1015,1015,1016,1016,1017,1017,1017,1018,1018,1019,1019,1019,1020,1020,1020,1021,1021,1021,1022,1022,1022,1022,1023,1023,1023,1023,1023,1023,1024,1024,1024,1024,1024,1024,1024,1024,1024,1024,1024,1024,1024,1025,1025,1025,1026,1026,1026,1027,1027,1028,1029,1029,1030,1031,1031,1032,1033,1034,1035,1036,1037,1038,1039,1040,1041,1043,1044,1045,1046,1048,1049,1050,1052,1053,1055,1056,1058,1059,1061,1062,1064,1065,1067,1068,1070,1071,1073,1075,1076,1078,1079,1081,1083,1084,1086,1087,1089,1090,1092,1093,1095,1096,1098,1099,1101,1102,1104,1105,1106,1108,1109,1110,1112,1113,1114,1115,1116,1117,1118,1120,1120,1121,1122,1123,1124,1125,1126,1126,1127,1128,1128,1129,1129,1130,1130,1130,1131,1131,1131,1131,1131,1131,1132,1131,1131,1131,1131,1130,1129,1129,1128,1127,1126,1125,1123,1122,1121,1119,1117,1116,1114,1112,1110,1108,1106,1104,1102,1099,1097,1095,1092,1090,1088,1085,1083,1080,1078,1075,1073,1070,1068,1065,1063,1061,1058,1056,1054,1052,1049,1047,1045,1043,1042,1040,1038,1036,1035,1033,1032,1031,1030,1029,1028,1027,1026,1025,1025,1025,1024,1024,1024,1024,1024,1024,1024,1024,1024,1024,1024,1024,1024,1024,1024,1024,1024,1024,1024,1024,1024,1024

lead:V3
count:520
points:1024,1024,1024,1025,1025,1026,1026,1027,1028,1029,1030,1032,1033,1034,1036,1038,1039,1041,1043,1045,1047,1049,1051,1053,1055,1057,1059,1061,1063,1065,1067,1069,1071,1073,1075,1076,1078,1080,1081,1082,1084,1085,1086,1087,1088,1088,1089,1089,1090,1090,1090,1090,1090,1089,1089,1088,1088,1087,1086,1085,1084,1082,1081,1080,1078,1076,1075,1073,1071,1069,1067,1065,1063,1061,1059,1057,1055,1053,1051,1049,1047,1045,1043,1041,1039,1038,1036,1034,1033,1032,1030,1029,1028,1027,1026,1026,1025,1025,1024,1024,1024,1024,1024,1024,1024,1024,1024,1024,1024,1024,1024,1024,1024,1024,1024,1024,1024,1024,1024,1024,1024,1024,1024,1024,1024,1024,1024,1024,1024,1024,1024,1024,1024,1023,1023,1023,1023,1023,1022,1022,1022,1021,1021,1020,1019,1019,1018,1017,1016,1015,1014,1013,1012,1009,1009,1006,1003,1000,998,995,992,989,986,984,981,996,1012,1028,1043,1059,1074,1090,1105,1121,1137,1152,1168,1183,1199,1214,1230,1245,1261,1277,1292,1308,1323,1339,1354,1386,1386,1368,1351,1334,1317,1300,1283,1267,1250,1234,1218,1202,1187,1171,1157,1142,1128,1114,1101,1088,1076,1064,1052,1041,1031,1021,1012,1003,995,988,981,974,969,964,959,956,953,950,949,947,947,951,954,957,960,964,967,970,974,977,980,983,987,993,993,995,996,998,999,1001,1002,1004,1005,1007,1008,1010,1011,1013,1014,1016,1017,1019,1020,1022,1023,1024,1026,1027,1029,1030,1031,1033,1034,1035,1036,1038,1039,1040,1041,1043,1044,1045,1046,1047,1048,1050,1051,1052,1053,1054,1055,1056,1057,1057,1058,1059,1060,1061,1062,1062,1063,1064,1065,1065,1066,1066,1067,1068,1068,1069,1069,1070,1070,1070,1071,1071,1071,1072,1072,1072,1072,1072,1073,1073,1073,1073,1073,1073,1073,1073,1073,1073,1073,1073,1073,1073,1073,1073,1073,1073,1072,1072,1072,1072,1072,1072,1072,1072,1072,1072,1072,1072,1072,1071,1071,1071,1071,1071,1071,1071,1071,1070,1070,1070,1070,1070,1070,1070,1069,1069,1069,1069,1069,1069,1068,1068,1068,1068,1068,1067,1067,1067,1067,1067,1066,1066,1066,1066,1066,1065,1065,1065,1065,1065,1064,1064,1064,1064,1063,1063,1063,1063,1062,1062,1062,1062,1061,1061,1061,1061,1060,1060,1060,1060,1059,1059,1059,1059,1058,1058,1058,1058,1057,1057,1057,1056,1056,1056,1056,1055,1055,1055,1055,1055,1054,1054,1054,1054,1054,1054,1054,1053,1053,1053,1052,1052,1051,1051,1051,1050,1050,1049,1048,1048,1047,1047,1046,1045,1045,1044,1043,1043,1042,1041,1041,1040,1039,1039,1038,1037,1036,1036,1035,1034,1034,1033,1032,1032,1031,1031,1030,1030,1029,1028,1028,1028,1027,1027,1026,1026,1026,1025,1025,1025,1025,1024,1024,1024,1024,1024,1024,1024,1024,1024,1024,1024,1024,1024,1024,1024,1024,1024,1024,1024,1024,1024,1024,1024,1024,1024

lead:V4
count:520
points:1024,1024,1024,1025,1025,1026,1027,1028,1029,1030,1031,1033,1034,1036,1038,1040,1042,1044,1046,1048,1050,1053,1055,1057,1060,1062,1064,1067,1069,1071,1074,1076,1078,1080,1082,1084,1086,1088,1090,1091,1093,1094,1095,1096,1097,1098,1099,1099,1100,1100,1100,1100,1100,1099,1099,1098,1097,1096,1095,1094,1093,1091,1090,1088,1086,1084,1082,1080,1078,1076,1074,1071,1069,1067,1064,1062,1060,1057,1055,1053,1050,1048,1046,1044,1042,1040,1038,1036,1034,1033,1031,1030,1029,1028,1027,1026,1025,1025,1024,1024,1024,1024,1024,1024,1024,1024,1024,1024,1024,1024,1024,1024,1024,1024,1024,1024,1024,1024,1024,1024,1024,1024,1024,1024,1024,1024,1024,1024,1024,1024,1024,1024,1023,1023,1023,1023,1023,1022,1022,1022,1021,1021,1020,1019,1019,1018,1017,1016,1015,1014,1012,1011,1009,1006,1006,1002,999,995,991,988,984,981,977,973,970,988,1006,1025,1043,1062,1080,1098,1117,1135,1154,1172,1190,1209,1227,1246,1264,1282,1301,1319,1337,1356,1374,1393,1411,1448,1448,1431,1413,1396,1379,1362,1345,1328,1311,1295,1279,1263,1248,1232,1217,1203,1188,1175,1161,1148,1136,1124,1112,1101,1091,1081,1072,1063,1055,1047,1040,1034,1028,1023,1019,1015,1012,1010,1008,1007,1007,1010,1013,1017,1020,1023,1026,1030,1033,1036,1040,1043,1046,1053,1053,1054,1056,1057,1058,1059,1061,1062,1063,1064,1066,1067,1068,1069,1070,1072,1073,1074,1075,1076,1078,1079,1080,1081,1082,1083,1084,1085,1087,1088,1089,1090,1091,1092,1093,1094,1095,1096,1097,1098,1098,1099,1100,1101,1102,1103,1104,1104,1105,1106,1107,1107,1108,1109,1109,1110,1111,1111,1112,1112,1113,1113,1114,1114,1115,1115,1115,1116,1116,1116,1117,1117,1117,1118,1118,1118,1118,1118,1118,1118,1118,1119,1119,1118,1118,1118,1118,1118,1118,1118,1117,1117,1117,1116,1116,1116,1115,1115,1114,1114,1113,1112,1112,1111,1110,1110,1109,1108,1107,1106,1105,1105,1104,1103,1102,1101,1100,1099,1098,1097,1096,1094,1093,1092,1091,1090,1089,1088,1087,1085,1084,1083,1082,1081,1079,1078,1077,1076,1075,1073,1072,1071,1070,1069,1068,1066,1065,1064,1063,1062,1061,1060,1059,1058,1057,1056,1055,1054,1053,1052,1051,1050,1049,1048,1048,1047,1046,1045,1045,1044,1043,1043,1042,1042,1041,1041,1040,1040,1040,1039,1039,1039,1039,1038,1038,1038,1038,1038,1038,1038,1038,1038,1038,1038,1038,1038,1037,1037,1037,1037,1037,1037,1036,1036,1036,1036,1036,1035,1035,1035,1035,1034,1034,1034,1033,1033,1033,1033,1032,1032,1032,1031,1031,1031,1030,1030,1030,1029,1029,1029,1028,1028,1028,1028,1027,1027,1027,1027,1026,1026,1026,1026,1025,1025,1025,1025,1025,1025,1024,1024,1024,1024,1024,1024,1024,1024,1024,1024,1024,1024,1024,1024,1024,1024,1024,1024,1024,1024,1024,1024,1024,1024,1024,1024,1024,1024

lead:V5
count:520
points:1024,1024,1024,1025,1025,1026,1027,1028,1029,1030,1031,1033,1034,1036,1037,1039,1041,1043,1045,1048,1050,1052,1054,1057,1059,1061,1064,1066,1068,1070,1073,1075,1077,1079,1081,1083,1085,1087,1088,1090,1091,1093,1094,1095,1096,1097,1097,1098,1098,1098,1098,1098,1098,1098,1097,1097,1096,1095,1094,1093,1091,1090,1088,1087,1085,1083,1081,1079,1077,1075,1073,1070,1068,1066,1064,1061,1059,1057,1054,1052,1050,1048,1045,1043,1041,1039,1037,1036,1034,1033,1031,1030,1029,1028,1027,1026,1025,1025,1024,1024,1024,1024,1024,1024,1024,1024,1024,1024,1024,1024,1024,1024,1024,1024,1024,1024,1024,1024,1024,1024,1024,1024,1024,1024,1024,1024,1024,1024,1024,1024,1024,1024,1023,1023,1023,1023,1023,1022,1022,1022,1021,1021,1020,1019,1019,1018,1017,1016,1015,1014,1012,1011,1009,1006,1006,1002,998,994,990,986,982,979,975,971,967,985,1004,1022,1040,1059,1077,1095,1114,1132,1151,1169,1187,1206,1224,1242,1261,1279,1297,1316,1334,1353,1371,1389,1408,1444,1444,1432,1420,1407,1395,1383,1371,1359,1347,1335,1324,1312,1301,1290,1279,1269,1259,1249,1239,1230,1221,1213,1204,1196,1189,1182,1175,1169,1163,1158,1153,1148,1144,1140,1137,1135,1132,1131,1130,1129,1129,1130,1132,1134,1136,1138,1140,1142,1144,1146,1147,1149,1151,1155,1155,1156,1157,1159,1160,1161,1162,1164,1165,1166,1167,1168,1170,1171,1172,1173,1174,1175,1177,1178,1179,1180,1181,1182,1183,1184,1186,1187,1188,1189,1190,1191,1192,1193,1194,1195,1196,1197,1197,1198,1199,1200,1201,1202,1203,1203,1204,1205,1206,1206,1207,1208,1209,1209,1210,1210,1211,1212,1212,1213,1213,1214,1214,1215,1215,1215,1216,1216,1217,1217,1217,1217,1218,1218,1218,1218,1218,1219,1219,1219,1219,1219,1219,1219,1219,1218,1218,1218,1217,1216,1216,1215,1214,1213,1211,1210,1209,1207,1206,1204,1203,1201,1199,1197,1195,1193,1190,1188,1186,1183,1181,1178,1175,1173,1170,1167,1164,1161,1158,1155,1152,1149,1146,1142,1139,1136,1133,1129,1126,1122,1119,1115,1112,1109,1105,1102,1098,1095,1091,1088,1084,1081,1077,1074,1071,1067,1064,1061,1058,1054,1051,1048,1045,1042,1039,1036,1033,1031,1028,1025,1023,1020,1018,1015,1013,1011,1008,1006,1004,1003,1001,999,997,996,994,993,992,991,990,989,988,987,986,986,985,985,985,985,984,984,985,985,985,985,985,985,986,986,987,987,987,988,988,989,990,990,991,992,992,993,994,995,995,996,997,998,999,1000,1001,1001,1002,1003,1004,1005,1006,1007,1008,1009,1010,1011,1011,1012,1013,1014,1015,1015,1016,1017,1018,1018,1019,1019,1020,1021,1021,1022,1022,1022,1023,1023,1023,1023,1024,1024,1024,1024,1024,1024,1024,1024,1024,1024,1024,1024,1024,1024,1024,1024,1024,1024,1024,1024,1024,1024,1024,1024

lead:V6
count:520
points:1024,1024,1024,1025,1025,1026,1026,1027,1028,1029,1030,1031,1032,1034,1035,1037,1038,1040,1042,1043,1045,1047,1049,1051,1053,1055,1057,1059,1060,1062,1064,1066,1068,1070,1071,1073,1074,1076,1077,1078,1080,1081,1082,1083,1083,1084,1084,1085,1085,1085,1085,1085,1085,1085,1084,1084,1083,1083,1082,1081,1080,1078,1077,1076,1074,1073,1071,1070,1068,1066,1064,1062,1060,1059,1057,1055,1053,1051,1049,1047,1045,1043,1042,1040,1038,1037,1035,1034,1032,1031,1030,1029,1028,1027,1026,1026,1025,1025,1024,1024,1024,1024,1024,1024,1024,1024,1024,1024,1024,1024,1024,1024,1024,1024,1024,1024,1024,1024,1024,1024,1024,1024,1024,1024,1024,1024,1024,1024,1024,1024,1024,1024,1024,1023,1023,1023,1023,1023,1022,1022,1022,1021,1021,1020,1019,1019,1018,1017,1016,1015,1014,1013,1012,1009,1009,1005,1001,998,994,991,987,984,980,976,973,988,1004,1019,1035,1051,1066,1082,1097,1113,1128,1144,1159,1175,1191,1206,1222,1237,1253,1268,1284,1299,1315,1331,1346,1377,1377,1367,1357,1347,1337,1327,1318,1308,1298,1289,1279,1270,1261,1252,1244,1235,1227,1219,1211,1204,1196,1189,1183,1176,1170,1164,1159,1154,1149,1145,1141,1137,1134,1131,1128,1126,1124,1123,1122,1121,1121,1122,1122,1122,1123,1123,1123,1124,1124,1125,1125,1125,1126,1126,1126,1128,1129,1130,1131,1133,1134,1135,1137,1138,1139,1140,1142,1143,1144,1145,1146,1148,1149,1150,1151,1152,1154,1155,1156,1157,1158,1159,1160,1162,1163,1164,1165,1166,1167,1168,1169,1170,1171,1172,1173,1173,1174,1175,1176,1177,1178,1179,1179,1180,1181,1182,1182,1183,1184,1184,1185,1185,1186,1187,1187,1188,1188,1189,1189,1189,1190,1190,1191,1191,1191,1191,1192,1192,1192,1192,1193,1193,1193,1193,1193,1193,1193,1193,1193,1192,1192,1192,1191,1190,1189,1188,1187,1186,1185,1184,1182,1181,1179,1177,1175,1173,1171,1169,1167,1164,1162,1159,1157,1154,1151,1149,1146,1143,1140,1136,1133,1130,1127,1123,1120,1117,1113,1110,1106,1102,1099,1095,1091,1088,1084,1080,1076,1073,1069,1065,1061,1057,1054,1050,1046,1042,1039,1035,1031,1028,1024,1020,1017,1013,1010,1007,1003,1000,997,993,990,987,984,981,979,976,973,971,968,966,963,961,959,957,955,953,951,949,948,946,945,944,943,941,941,940,939,938,938,937,937,937,937,937,937,937,938,938,939,939,940,941,942,942,943,945,946,947,948,950,951,953,954,956,958,959,961,963,965,967,969,971,972,974,976,978,980,982,984,986,988,990,992,994,996,998,1000,1002,1003,1005,1007,1008,1010,1011,1013,1014,1015,1016,1017,1019,1019,1020,1021,1022,1022,1023,1023,1024,1024,1024,1024,1024,1024,1024,1024,1024,1024,1024,1024,1024,1024,1024,1024,1024,1024,1024,1024,1024,1024,1024

