pathology:asy
group:arrhythmia
title:Asystole aVF PW3
name:Асистолия
leads:12

lead:I
count:800
points:1024,1024,1024,1024,1024,1024,1024,1024,1024,1024,1024,1024,1024,1024,1024,1024,1024,1024,1024,1024,1024,1024,1024,1024,1024,1024,1024,1024,1024,1024,1024,1024,1024,1024,1024,1024,1024,1024,1024,1024,1024,1024,1024,1024,1024,1024,1024,1024,1024,1024,1024,1024,1024,1024,1024,1024,1024,1024,1024,1024,1024,1024,1024,1024,1024,1024,1024,1024,1024,1040,1056,1072,1088,1104,1120,1135,1151,1166,1181,1196,1211,1226,1240,1254,1268,1281,1294,1307,1319,1331,1343,1354,1365,1375,1385,1394,1403,1411,1419,1427,1434,1440,1446,1452,1456,1461,1464,1467,1470,1472,1473,1475,1475,1474,1474,1473,1472,1471,1469,1467,1465,1463,1460,1457,1454,1450,1446,1442,1438,1433,1428,1423,1417,1412,1406,1399,1393,1386,1379,1372,1365,1358,1350,1342,1334,1326,1317,1308,1300,1291,1282,1272,1263,1253,1244,1234,1224,1214,1204,1194,1184,1174,1163,1153,1143,1132,1122,1101,1101,1098,1095,1092,1089,1087,1084,1082,1079,1077,1074,1072,1069,1067,1065,1063,1061,1059,1057,1055,1053,1051,1050,1048,1046,1045,1043,1042,1040,1039,1038,1037,1035,1034,1033,1032,1031,1030,1030,1029,1028,1027,1027,1026,1026,1025,1025,1025,1024,1024,1024,1024,1024,1024,1024,1024,1024,1024,1024,1024,1024,1024,1024,1024,1024,1024,1024,1024,1024,1024,1024,1024,1024,1024,1024,1024,1024,1024,1024,1024,1024,1024,1024,1024,1024,1024,1024,1024,1024,1024,1024,1024,1024,1024,1024,1024,1024,1024,1024,1024,1024,1024,1024,1024,1024,1024,1024,1024,1024,1024,1024,1025,1025,1025,1025,1025,1026,1026,1026,1026,1026,1026,1026,1027,1027,1027,1027,1027,1027,1027,1027,1028,1028,1028,1028,1028,1028,1028,1028,1028,1028,1028,1028,1028,1028,1028,1029,1029,1029,1029,1029,1029,1029,1029,1029,1029,1029,1029,1029,1029,1029,1029,1029,1029,1029,1029,1029,1029,1029,1029,1029,1029,1029,1029,1029,1029,1029,1029,1029,1029,1029,1029,1029,1029,1029,1029,1029,1029,1029,1029,1029,1029,1029,1029,1029,1029,1029,1029,1029,1029,1029,1029,1029,1029,1029,1029,1029,1029,1029,1029,1029,1029,1029,1029,1029,1029,1029,1029,1029,1029,1029,1029,1029,1029,1029,1029,1029,1029,1029,1029,1029,1029,1029,1029,1029,1029,1029,1029,1029,1029,1029,1029,1029,1029,1029,1029,1029,1029,1029,1029,1029,1029,1029,1029,1029,1029,1029,1029,1029,1029,1029,1029,1029,1029,1029,1029,1029,1029,1029,1028,1028,1028,1028,1028,1028,1028,1028,1028,1028,1028,1028,1028,1028,1028,1028,1028,1028,1028,1028,1028,1028,1028,1028,1028,1028,1028,1028,1028,1028,1028,1028,1028,1028,1028,1028,1028,1028,1028,1028,1028,1028,1028,1028,1028,1028,1028,1028,1028,1028,1028,1028,1028,1028,1028,1028,1028,1028,1028,1028,1028,1028,1028,1028,1028,1028,1028,1028,1028,1028,1028,1028,1028,1028,1028,1028,1028,1028,1028,1028,1027,1027,1027,1027,1027,1027,1027,1027,1027,1027,1027,1027,1027,1027,1027,1027,1027,1027,1027,1027,1027,1027,1027,1027,1027,1027,1027,1027,1027,1027,1027,1027,1027,1027,1027,1027,1027,1027,1027,1027,1027,1027,1027,1027,1027,1027,1027,1027,1027,1027,1027,1027,1027,1027,1027,1027,1027,1027,1027,1027,1027,1027,1027,1027,1027,1027,1027,1027,1027,1027,1027,1027,1027,1027,1027,1027,1027,1027,1027,1027,1027,1026,1026,1026,1026,1026,1026,1026,1026,1026,1026,1026,1026,1026,1026,1026,1026,1026,1026,1026,1026,1026,1026,1026,1026,1026,1026,1026,1026,1026,1026,1026,1026,1026,1026,1026,1026,1026,1026,1026,1026,1026,1026,1026,1026,1026,1026,1026,1026,1026,1026,1026,1026,1026,1026,1026,1026,1026,1026,1026,1026,1026,1026,1026,1026,1026,1026,1026,1026,1026,1026,1026,1026,1026,1026,1026,1026,1026,1026,1026,1026,1026,1025,1025,1025,1025,1025,1025,1025,1025,1025,1025,1025,1025,1025,1025,1025,1025,1025,1025,1025,1025,1025,1025,1025,1025,1025,1025,1025,1025,1025,1025,1025,1025,1025,1025,1025,1025,1025,1025,1025,1025,1025,1025,1025,1025,1025,1025,1025,1025,1025,1025,1025,1025,1025,1025,1025,1025,1025,1025,1025,1025,1025,1025,1025,1025,1025,1025,1025,1025,1025,1025,1025,1025,1025,1025,1025,1025,1025,1025,1025,1025,1025,1024,1024,1024,1024,1024,1024,1024,1024,1024,1024,1024,1024,1024,1024,1024,1024,1024,1024,1024,1024,1024,1024,1024,1024,1024,1024,1024,1024,1024,1024,1024,1024,1024,1024,1024,1024,1024,1024,1024,1024

lead:II
count:800
points:1024,1024,1024,1024,1024,1024,1024,1024,1024,1024,1024,1024,1024,1024,1024,1024,1024,1024,1024,1024,1024,1024,1024,1024,1024,1024,1024,1024,1024,1024,1024,1024,1024,1024,1024,1024,1024,1024,1024,1024,1024,1024,1024,1024,1024,1024,1024,1024,1024,1024,1024,1024,1024,1024,1024,1024,1024,1024,1024,1024,1024,1024,1024,1024,1024,1024,1024,1024,1024,1052,1080,1108,1135,1163,1191,1218,1245,1271,1298,1324,1349,1375,1399,1424,1448,1471,1493,1516,1537,1558,1578,1597,1616,1634,1651,1667,1683,1698,1712,1725,1737,1748,1758,1767,1776,1783,1789,1795,1799,1803,1805,1807,1807,1807,1806,1805,1804,1802,1799,1797,1793,1790,1786,1781,1776,1771,1765,1759,1752,1745,1738,1730,1722,1713,1704,1695,1686,1676,1665,1655,1644,1633,1621,1609,1597,1585,1572,1559,1546,1533,1519,1505,1491,1477,1463,1448,1434,1419,1404,1389,1373,1358,1343,1327,1312,1296,1281,1249,1249,1241,1232,1224,1216,1208,1200,1193,1185,1178,1171,1164,1157,1151,1144,1138,1132,1126,1120,1115,1109,1104,1099,1094,1089,1085,1080,1076,1072,1068,1064,1061,1057,1054,1051,1048,1045,1043,1040,1038,1036,1034,1032,1031,1029,1028,1027,1026,1025,1025,1024,1024,1024,1024,1024,1024,1024,1024,1024,1024,1024,1024,1024,1024,1024,1024,1024,1024,1024,1024,1024,1024,1024,1024,1024,1024,1024,1024,1024,1024,1024,1024,1024,1024,1024,1024,1024,1024,1024,1024,1024,1024,1024,1024,1024,1024,1024,1024,1024,1024,1024,1024,1024,1024,1024,1024,1024,1024,1024,1024,1024,1024,1024,1024,1024,1024,1024,1024,1024,1024,1024,1024,1024,1024,1024,1024,1024,1024,1024,1024,1024,1024,1024,1024,1024,1024,1024,1024,1024,1024,1024,1024,1024,1024,1024,1024,1024,1024,1024,1024,1024,1024,1024,1024,1024,1024,1024,1024,1024,1024,1024,1024,1024,1024,1024,1024,1024,1024,1024,1024,1024,1024,1024,1024,1024,1024,1024,1024,1024,1024,1024,1024,1024,1024,1024,1024,1024,1024,1024,1024,1024,1024,1024,1024,1024,1024,1024,1024,1024,1024,1024,1024,1024,1024,1024,1024,1024,1024,1024,1024,1024,1024,1024,1024,1024,1024,1024,1024,1024,1024,1024,1024,1024,1024,1024,1024,1024,1024,1024,1024,1024,1024,1024,1024,1024,1024,1024,1024,1024,1024,1024,1024,1024,1024,1024,1024,1024,1024,1024,1024,1024,1024,1024,1024,1024,1024,1024,1024,1024,1024,1024,1024,1024,1024,1024,1024,1024,1024,1024,1024,1024,1024,1024,1024,1024,1024,1024,1024,1024,1024,1024,1024,1024,1024,1024,1024,1024,1024,1024,1024,1024,1024,1024,1024,1024,1024,1024,1024,1024,1024,1024,1024,1024,1024,1024,1024,1024,1024,1024,1024,1024,1024,1024,1024,1024,1024,1024,1024,1024,1024,1024,1024,1024,1024,1024,1024,1024,1024,1024,1024,1024,1024,1024,1024,1024,1024,1024,1024,1024,1024,1024,1024,1024,1024,1024,1024,1024,1024,1024,1024,1024,1024,1024,1024,1024,1024,1024,1024,1024,1024,1024,1024,1024,1024,1024,1024,1024,1024,1024,1024,1024,1024,1024,1024,1024,1024,1024,1024,1024,1024,1024,1024,1024,1024,1024,1024,1024,1024,1024,1024,1024,1024,1024,1024,1024,1024,1024,1024,1024,1024,1024,1024,1024,1024,1024,1024,1024,1024,1024,1024,1024,1024,1024,1024,1024,1024,1024,1024,1024,1024,1024,1024,1024,1024,1024,1024,1024,1024,1024,1024,1024,1024,1024,1024,1024,1024,1024,1024,1024,1024,1024,1024,1024,1024,1024,1024,1024,1024,1024,1024,1024,1024,1024,1024,1024,1024,1024,1024,1024,1024,1024,1024,1024,1024,1024,1024,1024,1024,1024,1024,1024,1024,1024,1024,1024,1024,1024,1024,1024,1024,1024,1024,1024,1024,1024,1024,1024,1024,1024,1024,1024,1024,1024,1024,1024,1024,1024,1024,1024,1024,1024,1024,1024,1024,1024,1024,1024,1024,1024,1024,1024,1024,1024,1024,1024,1024,1024,1024,1024,1024,1024,1024,1024,1024,1024,1024,1024,1024,1024,1024,1024,1024,1024,1024,1024,1024,1024,1024,1024,1024,1024,1024,1024,1024,1024,1024,1024,1024,1024,1024,1024,1024,1024,1024,1024,1024,1024,1024,1024,1024,1024,1024,1024,1024,1024,1024,1024,1024,1024,1024,1024,1024,1024,1024,1024,1024,1024,1024,1024,1024,1024,1024,1024,1024,1024,1024,1024,1024,1024,1024,1024,1024,1024,1024,1024,1024,1024,1024,1024,1024,1024,1024,1024,1024,1024,1024,1024,1024,1024,1024,1024,1024,1024,1024,1024,1024,1024,1024,1024,1024,1024,1024,1024,1024,1024,1024,1024,1024,1024,1024,1024,1024

lead:III
count:800
points:1024,1024,1024,1024,1024,1024,1024,1024,1024,1024,1024,1024,1024,1024,1024,1024,1024,1024,1024,1024,1024,1024,1024,1024,1024,1024,1024,1024,1024,1024,1024,1024,1024,1024,1024,1024,1024,1024,1024,1024,1024,1024,1024,1024,1024,1024,1024,1024,1024,1024,1024,1024,1024,1024,1024,1024,1024,1024,1024,1024,1024,1024,1024,1024,1024,1024,1024,1024,1024,1036,1048,1060,1071,1083,1095,1106,1118,1129,1140,1151,1162,1173,1183,1194,1204,1214,1223,1233,1242,1251,1259,1268,1276,1283,1290,1297,1304,1310,1316,1322,1327,1331,1336,1340,1343,1346,1349,1352,1353,1355,1356,1357,1357,1357,1357,1356,1356,1355,1354,1353,1352,1351,1350,1348,1346,1345,1343,1341,1339,1336,1334,1331,1329,1326,1323,1320,1317,1313,1310,1306,1303,1299,1295,1291,1287,1283,1279,1275,1271,1266,1262,1257,1252,1248,1243,1238,1233,1228,1224,1219,1213,1208,1203,1198,1193,1188,1183,1172,1172,1167,1161,1156,1151,1145,1140,1135,1130,1126,1121,1116,1112,1108,1103,1099,1095,1091,1087,1084,1080,1077,1073,1070,1067,1064,1061,1058,1056,1053,1051,1048,1046,1044,1042,1040,1038,1036,1035,1033,1032,1031,1029,1028,1028,1027,1026,1025,1025,1024,1024,1024,1024,1024,1024,1024,1024,1024,1024,1024,1024,1024,1024,1024,1024,1024,1024,1024,1024,1024,1024,1024,1024,1024,1024,1024,1024,1024,1024,1024,1024,1024,1024,1024,1024,1024,1024,1024,1024,1024,1024,1024,1024,1024,1024,1024,1024,1024,1024,1024,1024,1024,1024,1024,1024,1024,1024,1024,1024,1024,1024,1023,1023,1023,1023,1023,1022,1022,1022,1022,1022,1022,1022,1021,1021,1021,1021,1021,1021,1021,1021,1021,1020,1020,1020,1020,1020,1020,1020,1020,1020,1020,1020,1020,1020,1020,1019,1019,1019,1019,1019,1019,1019,1019,1019,1019,1019,1019,1019,1019,1019,1019,1019,1019,1019,1019,1019,1019,1019,1019,1019,1019,1019,1019,1019,1019,1019,1019,1019,1019,1019,1019,1019,1019,1019,1019,1019,1019,1019,1019,1019,1019,1019,1019,1019,1019,1019,1019,1019,1019,1019,1019,1019,1019,1019,1019,1019,1019,1019,1019,1019,1019,1019,1019,1019,1019,1019,1019,1019,1019,1019,1019,1019,1019,1019,1019,1019,1019,1019,1019,1019,1019,1019,1019,1019,1019,1019,1019,1019,1019,1019,1019,1019,1019,1019,1019,1019,1019,1019,1019,1019,1019,1019,1019,1019,1019,1019,1019,1019,1019,1019,1019,1019,1019,1019,1019,1019,1019,1019,1020,1020,1020,1020,1020,1020,1020,1020,1020,1020,1020,1020,1020,1020,1020,1020,1020,1020,1020,1020,1020,1020,1020,1020,1020,1020,1020,1020,1020,1020,1020,1020,1020,1020,1020,1020,1020,1020,1020,1020,1020,1020,1020,1020,1020,1020,1020,1020,1020,1020,1020,1020,1020,1020,1020,1020,1020,1020,1020,1020,1020,1020,1020,1020,1020,1020,1020,1020,1020,1020,1020,1020,1020,1020,1020,1020,1020,1020,1020,1020,1021,1021,1021,1021,1021,1021,1021,1021,1021,1021,1021,1021,1021,1021,1021,1021,1021,1021,1021,1021,1021,1021,1021,1021,1021,1021,1021,1021,1021,1021,1021,1021,1021,1021,1021,1021,1021,1021,1021,1021,1021,1021,1021,1021,1021,1021,1021,1021,1021,1021,1021,1021,1021,1021,1021,1021,1021,1021,1021,1021,1021,1021,1021,1021,1021,1021,1021,1021,1021,1021,1021,1021,1021,1021,1021,1021,1021,1021,1021,1021,1021,1022,1022,1022,1022,1022,1022,1022,1022,1022,1022,1022,1022,1022,1022,1022,1022,1022,1022,1022,1022,1022,1022,1022,1022,1022,1022,1022,1022,1022,1022,1022,1022,1022,1022,1022,1022,1022,1022,1022,1022,1022,1022,1022,1022,1022,1022,1022,1022,1022,1022,1022,1022,1022,1022,1022,1022,1022,1022,1022,1022,1022,1022,1022,1022,1022,1022,1022,1022,1022,1022,1022,1022,1022,1022,1022,1022,1022,1022,1022,1022,1022,1023,1023,1023,1023,1023,1023,1023,1023,1023,1023,1023,1023,1023,1023,1023,1023,1023,1023,1023,1023,1023,1023,1023,1023,1023,1023,1023,1023,1023,1023,1023,1023,1023,1023,1023,1023,1023,1023,1023,1023,1023,1023,1023,1023,1023,1023,1023,1023,1023,1023,1023,1023,1023,1023,1023,1023,1023,1023,1023,1023,1023,1023,1023,1023,1023,1023,1023,1023,1023,1023,1023,1023,1023,1023,1023,1023,1023,1023,1023,1023,1023,1024,1024,1024,1024,1024,1024,1024,1024,1024,1024,1024,1024,1024,1024,1024,1024,1024,1024,1024,1024,1024,1024,1024,1024,1024,1024,1024,1024,1024,1024,1024,1024,1024,1024,1024,1024,1024,1024,1024,1024

lead:aVR
count:800
points:1024,1024,1024,1024,1024,1024,1024,1024,1024,1024,1024,1024,1024,1024,1024,1024,1024,1024,1024,1024,1024,1024,1024,1024,1024,1024,1024,1024,1024,1024,1024,1024,1024,1024,1024,1024,1024,1024,1024,1024,1024,1024,1024,1024,1024,1024,1024,1024,1024,1024,1024,1024,1024,1024,1024,1024,1024,1024,1024,1024,1024,1024,1024,1024,1024,1024,1024,1024,1024,999,973,948,923,898,873,848,823,799,775,751,728,705,683,660,639,618,597,577,557,539,520,503,486,469,454,439,425,411,399,387,376,366,357,348,340,334,328,323,319,316,313,312,312,312,312,313,315,317,319,322,325,329,333,337,342,347,353,359,365,372,379,386,394,402,411,420,429,439,448,459,469,480,491,502,514,526,538,551,563,576,589,603,616,630,644,658,672,686,701,715,730,745,759,774,789,804,819,850,850,856,863,869,875,882,888,893,899,905,910,916,921,926,931,936,940,945,949,954,958,962,966,970,973,977,980,984,987,990,993,996,998,1001,1003,1005,1007,1009,1011,1013,1015,1016,1018,1019,1020,1021,1022,1022,1023,1023,1024,1024,1024,1024,1024,1024,1024,1024,1024,1024,1024,1024,1024,1024,1024,1024,1024,1024,1024,1024,1024,1024,1024,1024,1024,1024,1024,1024,1024,1024,1024,1024,1024,1024,1024,1024,1024,1024,1024,1024,1024,1024,1024,1024,1024,1024,1024,1024,1024,1024,1024,1024,1024,1024,1024,1024,1024,1024,1024,1024,1024,1024,1024,1023,1023,1023,1023,1023,1023,1023,1023,1023,1023,1022,1022,1022,1022,1022,1022,1022,1022,1022,1022,1022,1022,1022,1022,1022,1022,1022,1022,1022,1022,1021,1021,1021,1021,1021,1021,1021,1021,1021,1021,1021,1021,1021,1021,1021,1021,1021,1021,1021,1021,1021,1021,1021,1021,1021,1021,1021,1021,1021,1021,1021,1021,1021,1021,1021,1021,1021,1021,1021,1021,1021,1021,1021,1021,1021,1021,1021,1021,1021,1021,1021,1021,1021,1021,1021,1021,1021,1021,1021,1021,1021,1021,1021,1021,1021,1021,1021,1021,1021,1021,1021,1021,1021,1021,1021,1021,1021,1021,1021,1021,1021,1021,1021,1021,1021,1021,1021,1021,1021,1021,1021,1021,1021,1021,1021,1021,1021,1021,1021,1021,1021,1021,1021,1021,1021,1021,1021,1021,1021,1021,1021,1021,1021,1021,1021,1021,1021,1021,1021,1021,1021,1021,1021,1021,1021,1021,1021,1021,1021,1021,1021,1021,1021,1021,1021,1021,1021,1021,1021,1022,1022,1022,1022,1022,1022,1022,1022,1022,1022,1022,1022,1022,1022,1022,1022,1022,1022,1022,1022,1022,1022,1022,1022,1022,1022,1022,1022,1022,1022,1022,1022,1022,1022,1022,1022,1022,1022,1022,1022,1022,1022,1022,1022,1022,1022,1022,1022,1022,1022,1022,1022,1022,1022,1022,1022,1022,1022,1022,1022,1022,1022,1022,1022,1022,1022,1022,1022,1022,1022,1022,1022,1022,1022,1022,1022,1022,1022,1022,1022,1022,1022,1022,1022,1022,1022,1022,1022,1022,1022,1022,1022,1022,1022,1022,1022,1022,1022,1022,1022,1022,1022,1022,1022,1022,1022,1022,1022,1022,1022,1022,1022,1022,1022,1022,1022,1022,1022,1022,1022,1022,1022,1022,1022,1022,1022,1022,1022,1022,1022,1022,1022,1022,1022,1022,1022,1022,1022,1022,1022,1023,1023,1023,1023,1023,1023,1023,1023,1023,1023,1023,1023,1023,1023,1023,1023,1023,1023,1023,1023,1023,1023,1023,1023,1023,1023,1023,1023,1023,1023,1023,1023,1023,1023,1023,1023,1023,1023,1023,1023,1023,1023,1023,1023,1023,1023,1023,1023,1023,1023,1023,1023,1023,1023,1023,1023,1023,1023,1023,1023,1023,1023,1023,1023,1023,1023,1023,1023,1023,1023,1023,1023,1023,1023,1023,1023,1023,1023,1023,1023,1023,1023,1023,1023,1023,1023,1023,1023,1023,1023,1023,1023,1023,1023,1023,1023,1023,1023,1023,1023,1023,1023,1023,1023,1023,1023,1023,1023,1023,1023,1023,1023,1023,1023,1023,1023,1023,1023,1023,1023,1023,1023,1023,1023,1023,1023,1023,1023,1023,1023,1023,1023,1023,1023,1023,1023,1023,1023,1023,1023,1024,1024,1024,1024,1024,1024,1024,1024,1024,1024,1024,1024,1024,1024,1024,1024,1024,1024,1024,1024,1024,1024,1024,1024,1024,1024,1024,1024,1024,1024,1024,1024,1024,1024,1024,1024,1024,1024,1024,1024,1024,1024,1024,1024,1024,1024,1024,1024,1024,1024,1024,1024,1024,1024,1024,1024,1024,1024,1024,1024,1024,1024,1024,1024,1024,1024,1024,1024,1024,1024

lead:aVL
count:800
points:1024,1024,1024,1024,1024,1024,1024,1024,1024,1024,1024,1024,1024,1024,1024,1024,1024,1024,1024,1024,1024,1024,1024,1024,1024,1024,1024,1024,1024,1024,1024,1024,1024,1024,1024,1024,1024,1024,1024,1024,1024,1024,1024,1024,1024,1024,1024,1024,1024,1024,1024,1024,1024,1024,1024,1024,1024,1024,1024,1024,1024,1024,1024,1024,1024,1024,1024,1024,1024,1026,1029,1031,1034,1036,1038,1041,1043,1045,1048,1050,1052,1054,1057,1059,1061,1063,1065,1067,1069,1070,1072,1074,1075,1077,1078,1080,1081,1082,1084,1085,1086,1087,1088,1089,1089,1090,1090,1091,1091,1092,1092,1092,1092,1092,1092,1092,1091,1091,1090,1090,1089,1089,1088,1087,1086,1085,1084,1082,1081,1080,1078,1077,1075,1074,1072,1070,1068,1066,1064,1062,1060,1058,1055,1053,1051,1048,1046,1043,1041,1038,1036,1033,1030,1027,1024,1022,1019,1016,1013,1010,1007,1004,1001,998,995,992,989,983,983,984,986,987,989,990,992,993,994,996,997,998,1000,1001,1002,1003,1004,1005,1006,1007,1008,1009,1010,1011,1012,1013,1014,1014,1015,1016,1017,1017,1018,1018,1019,1020,1020,1021,1021,1021,1022,1022,1022,1023,1023,1023,1023,1024,1024,1024,1024,1024,1024,1024,1024,1024,1024,1024,1024,1024,1024,1024,1024,1024,1024,1024,1024,1024,1024,1024,1024,1024,1024,1024,1024,1024,1024,1024,1024,1024,1024,1024,1024,1024,1024,1024,1024,1024,1024,1024,1024,1024,1024,1024,1024,1024,1024,1024,1024,1024,1024,1024,1024,1024,1024,1024,1024,1024,1024,1024,1024,1025,1025,1025,1025,1026,1026,1026,1026,1026,1027,1027,1027,1027,1027,1027,1027,1028,1028,1028,1028,1028,1028,1028,1028,1028,1029,1029,1029,1029,1029,1029,1029,1029,1029,1029,1029,1029,1029,1029,1029,1029,1029,1030,1030,1030,1030,1030,1030,1030,1030,1030,1030,1030,1030,1030,1030,1030,1030,1030,1030,1030,1030,1030,1030,1030,1030,1030,1030,1030,1030,1030,1030,1030,1030,1030,1030,1030,1030,1030,1030,1030,1030,1030,1030,1030,1030,1030,1030,1030,1030,1030,1030,1030,1030,1030,1030,1030,1030,1030,1030,1030,1030,1030,1030,1030,1030,1030,1030,1030,1030,1030,1030,1030,1030,1030,1030,1030,1030,1030,1030,1030,1030,1030,1030,1030,1030,1030,1030,1030,1030,1030,1030,1030,1030,1030,1030,1029,1029,1029,1029,1029,1029,1029,1029,1029,1029,1029,1029,1029,1029,1029,1029,1029,1029,1029,1029,1029,1029,1029,1029,1029,1029,1029,1029,1029,1029,1029,1029,1029,1029,1029,1029,1029,1029,1029,1029,1029,1029,1029,1029,1029,1029,1029,1029,1029,1029,1029,1029,1029,1029,1029,1029,1029,1029,1029,1029,1029,1029,1029,1029,1029,1029,1029,1029,1029,1029,1028,1028,1028,1028,1028,1028,1028,1028,1028,1028,1028,1028,1028,1028,1028,1028,1028,1028,1028,1028,1028,1028,1028,1028,1028,1028,1028,1028,1028,1028,1028,1028,1028,1028,1028,1028,1028,1028,1028,1028,1028,1028,1028,1028,1028,1028,1028,1028,1028,1028,1028,1028,1028,1028,1028,1028,1028,1028,1028,1028,1028,1028,1028,1028,1028,1028,1028,1028,1028,1028,1027,1027,1027,1027,1027,1027,1027,1027,1027,1027,1027,1027,1027,1027,1027,1027,1027,1027,1027,1027,1027,1027,1027,1027,1027,1027,1027,1027,1027,1027,1027,1027,1027,1027,1027,1027,1027,1027,1027,1027,1027,1027,1027,1027,1027,1027,1027,1027,1027,1027,1027,1027,1027,1027,1027,1027,1027,1027,1027,1027,1027,1027,1027,1027,1027,1027,1027,1027,1027,1027,1026,1026,1026,1026,1026,1026,1026,1026,1026,1026,1026,1026,1026,1026,1026,1026,1026,1026,1026,1026,1026,1026,1026,1026,1026,1026,1026,1026,1026,1026,1026,1026,1026,1026,1026,1026,1026,1026,1026,1026,1026,1026,1026,1026,1026,1026,1026,1026,1026,1026,1026,1026,1026,1026,1026,1026,1026,1026,1026,1026,1026,1026,1026,1026,1026,1026,1026,1026,1026,1026,1025,1025,1025,1025,1025,1025,1025,1025,1025,1025,1025,1025,1025,1025,1025,1025,1025,1025,1025,1025,1025,1025,1025,1025,1025,1025,1025,1025,1025,1025,1025,1025,1025,1025,1025,1025,1025,1025,1025,1025,1025,1025,1025,1025,1025,1025,1025,1025,1025,1025,1025,1025,1025,1025,1025,1025,1025,1025,1025,1025,1025,1025,1025,1025,1025,1025,1025,1025,1025,1025,1024,1024,1024,1024,1024,1024,1024,1024,1024,1024,1024,1024,1024,1024,1024,1024,1024,1024,1024,1024,1024,1024,1024,1024,1024,1024,1024,1024,1024,1024,1024,1024,1024,1024,1024

lead:aVF
count:800
points:1024,1024,1024,1024,1024,1024,1024,1024,1024,1024,1024,1024,1024,1024,1024,1024,1024,1024,1024,1024,1024,1024,1024,1024,1024,1024,1024,1024,1024,1024,1024,1024,1024,1024,1024,1024,1024,1024,1024,1024,1024,1024,1024,1024,1024,1024,1024,1024,1024,1024,1024,1024,1024,1024,1024,1024,1024,1024,1024,1024,1024,1024,1024,1024,1024,1024,1024,1024,1024,1047,1070,1093,1116,1138,1161,1183,1206,1228,1249,1271,1292,1312,1333,1353,1372,1392,1410,1428,1446,1463,1480,1496,1511,1526,1540,1553,1566,1578,1590,1600,1610,1619,1628,1635,1642,1648,1654,1658,1662,1665,1667,1668,1668,1668,1668,1667,1666,1664,1662,1660,1658,1655,1652,1648,1644,1640,1636,1631,1626,1621,1615,1609,1603,1596,1589,1582,1575,1567,1559,1551,1543,1534,1525,1516,1507,1498,1488,1478,1468,1458,1447,1437,1426,1415,1404,1393,1381,1370,1358,1347,1335,1323,1312,1300,1288,1276,1264,1240,1240,1232,1224,1216,1208,1200,1193,1186,1179,1172,1165,1158,1152,1145,1139,1133,1127,1122,1116,1111,1106,1101,1096,1091,1087,1082,1078,1074,1070,1066,1063,1059,1056,1053,1050,1047,1044,1042,1040,1037,1035,1034,1032,1030,1029,1028,1027,1026,1025,1025,1024,1024,1024,1024,1024,1024,1024,1024,1024,1024,1024,1024,1024,1024,1024,1024,1024,1024,1024,1024,1024,1024,1024,1024,1024,1024,1024,1024,1024,1024,1024,1024,1024,1024,1024,1024,1024,1024,1024,1024,1024,1024,1024,1024,1024,1024,1024,1024,1024,1024,1024,1024,1024,1024,1024,1024,1024,1024,1024,1024,1024,1024,1024,1023,1023,1023,1023,1023,1023,1023,1023,1023,1023,1022,1022,1022,1022,1022,1022,1022,1022,1022,1022,1022,1022,1022,1022,1022,1022,1022,1022,1022,1022,1021,1021,1021,1021,1021,1021,1021,1021,1021,1021,1021,1021,1021,1021,1021,1021,1021,1021,1021,1021,1021,1021,1021,1021,1021,1021,1021,1021,1021,1021,1021,1021,1021,1021,1021,1021,1021,1021,1021,1021,1021,1021,1021,1021,1021,1021,1021,1021,1021,1021,1021,1021,1021,1021,1021,1021,1021,1021,1021,1021,1021,1021,1021,1021,1021,1021,1021,1021,1021,1021,1021,1021,1021,1021,1021,1021,1021,1021,1021,1021,1021,1021,1021,1021,1021,1021,1021,1021,1021,1021,1021,1021,1021,1021,1021,1021,1021,1021,1021,1021,1021,1021,1021,1021,1021,1021,1021,1021,1021,1021,1021,1021,1021,1021,1021,1021,1021,1021,1021,1021,1021,1021,1021,1021,1021,1021,1021,1021,1021,1021,1021,1021,1021,1021,1021,1021,1021,1021,1021,1022,1022,1022,1022,1022,1022,1022,1022,1022,1022,1022,1022,1022,1022,1022,1022,1022,1022,1022,1022,1022,1022,1022,1022,1022,1022,1022,1022,1022,1022,1022,1022,1022,1022,1022,1022,1022,1022,1022,1022,1022,1022,1022,1022,1022,1022,1022,1022,1022,1022,1022,1022,1022,1022,1022,1022,1022,1022,1022,1022,1022,1022,1022,1022,1022,1022,1022,1022,1022,1022,1022,1022,1022,1022,1022,1022,1022,1022,1022,1022,1022,1022,1022,1022,1022,1022,1022,1022,1022,1022,1022,1022,1022,1022,1022,1022,1022,1022,1022,1022,1022,1022,1022,1022,1022,1022,1022,1022,1022,1022,1022,1022,1022,1022,1022,1022,1022,1022,1022,1022,1022,1022,1022,1022,1022,1022,1022,1022,1022,1022,1022,1022,1022,1022,1022,1022,1022,1022,1022,1022,1023,1023,1023,1023,1023,1023,1023,1023,1023,1023,1023,1023,1023,1023,1023,1023,1023,1023,1023,1023,1023,1023,1023,1023,1023,1023,1023,1023,1023,1023,1023,1023,1023,1023,1023,1023,1023,1023,1023,1023,1023,1023,1023,1023,1023,1023,1023,1023,1023,1023,1023,1023,1023,1023,1023,1023,1023,1023,1023,1023,1023,1023,1023,1023,1023,1023,1023,1023,1023,1023,1023,1023,1023,1023,1023,1023,1023,1023,1023,1023,1023,1023,1023,1023,1023,1023,1023,1023,1023,1023,1023,1023,1023,1023,1023,1023,1023,1023,1023,1023,1023,1023,1023,1023,1023,1023,1023,1023,1023,1023,1023,1023,1023,1023,1023,1023,1023,1023,1023,1023,1023,1023,1023,1023,1023,1023,1023,1023,1023,1023,1023,1023,1023,1023,1023,1023,1023,1023,1023,1023,1024,1024,1024,1024,1024,1024,1024,1024,1024,1024,1024,1024,1024,1024,1024,1024,1024,1024,1024,1024,1024,1024,1024,1024,1024,1024,1024,1024,1024,1024,1024,1024,1024,1024,1024,1024,1024,1024,1024,1024,1024,1024,1024,1024,1024,1024,1024,1024,1024,1024,1024,1024,1024,1024,1024,1024,1024,1024,1024,1024,1024,1024,1024,1024,1024,1024,1024,1024,1024,1024

lead:V1
count:800
points:1024,1001,978,955,932,909,886,864,842,819,798,776,755,734,714,694,674,655,636,618,600,583,566,550,535,520,506,492,479,467,456,445,435,426,417,410,403,397,391,387,383,380,378,376,376,377,377,378,379,381,383,385,388,391,394,398,402,406,411,416,421,427,432,439,445,452,459,467,474,482,491,499,508,517,526,536,546,556,566,576,587,597,608,619,631,642,654,665,677,689,701,713,726,738,750,763,775,788,801,813,826,835,844,852,861,869,878,886,894,901,909,916,923,930,937,944,950,956,962,968,974,980,985,990,995,1000,1005,1009,1014,1018,1022,1026,1029,1033,1036,1039,1042,1045,1047,1050,1052,1054,1056,1057,1059,1060,1061,1062,1063,1064,1064,1065,1065,1065,1065,1064,1064,1064,1064,1064,1064,1063,1063,1063,1063,1062,1062,1061,1061,1061,1060,1060,1059,1058,1058,1057,1057,1056,1056,1055,1054,1054,1053,1052,1052,1051,1050,1049,1049,1047,1047,1047,1047,1047,1047,1047,1047,1047,1047,1046,1046,1046,1045,1044,1044,1043,1042,1040,1040,1039,1038,1038,1037,1036,1036,1035,1035,1034,1034,1033,1033,1032,1032,1031,1031,1030,1030,1030,1029,1029,1029,1028,1028,1028,1028,1027,1027,1027,1027,1026,1026,1026,1026,1026,1025,1025,1025,1025,1025,1025,1025,1025,1024,1024,1024,1024,1024,1024,1024,1024,1024,1024,1024,1024,1024,1024,1024,1023,1023,1023,1023,1023,1023,1023,1023,1023,1023,1023,1023,1023,1023,1023,1023,1023,1023,1023,1023,1023,1023,1023,1023,1023,1023,1023,1023,1023,1023,1023,1023,1023,1023,1023,1023,1023,1023,1023,1023,1023,1023,1023,1023,1023,1023,1023,1023,1023,1023,1023,1023,1023,1023,1023,1023,1023,1023,1023,1023,1023,1023,1023,1023,1023,1023,1023,1023,1023,1023,1023,1023,1023,1023,1023,1023,1023,1023,1023,1023,1023,1023,1023,1023,1023,1023,1023,1023,1023,1023,1023,1023,1023,1023,1023,1023,1023,1023,1023,1023,1023,1023,1023,1023,1023,1023,1023,1023,1023,1023,1023,1023,1023,1023,1023,1023,1023,1023,1023,1023,1023,1023,1023,1023,1023,1023,1023,1023,1023,1023,1023,1023,1023,1023,1023,1023,1023,1023,1023,1023,1023,1023,1023,1023,1023,1023,1023,1023,1023,1023,1023,1023,1023,1023,1023,1023,1023,1023,1023,1023,1023,1023,1023,1023,1023,1023,1023,1023,1023,1023,1023,1023,1023,1023,1023,1023,1023,1023,1023,1023,1023,1023,1023,1023,1023,1023,1023,1023,1023,1023,1023,1023,1023,1023,1023,1023,1023,1023,1023,1023,1023,1023,1023,1023,1023,1023,1023,1023,1023,1023,1023,1023,1023,1023,1023,1023,1023,1023,1023,1023,1023,1023,1023,1023,1023,1023,1023,1023,1024,1024,1024,1024,1024,1024,1024,1024,1024,1024,1024,1024,1024,1024,1024,1024,1024,1024,1024,1024,1024,1024,1024,1024,1024,1024,1024,1024,1024,1024,1024,1024,1024,1024,1024,1024,1024,1024,1024,1024,1024,1024,1024,1024,1024,1024,1024,1024,1024,1024,1024,1024,1024,1024,1024,1024,1024,1024,1024,1024,1024,1024,1024,1024,1024,1024,1024,1024,1024,1024,1024,1024,1024,1024,1024,1024,1024,1024,1024,1024,1024,1024,1024,1024,1024,1024,1024,1024,1024,1024,1024,1024,1024,1024,1024,1024,1024,1024,1024,1024,1024,1024,1024,1024,1024,1024,1024,1024,1024,1024,1024,1024,1024,1024,1024,1024,1024,1024,1024,1024,1024,1024,1024,1024,1024,1024,1024,1024,1024,1024,1024,1024,1024,1024,1024,1024,1024,1024,1024,1024,1024,1024,1024,1024,1024,1024,1024,1024,1024,1024,1024,1024,1024,1024,1024,1024,1024,1024,1024,1024,1024,1024,1024,1024,1024,1024,1024,1024,1024,1024,1024,1024,1024,1024,1024,1024,1024,1024,1024,1024,1024,1024,1024,1024,1024,1024,1024,1024,1024,1024,1024,1024,1024,1024,1024,1024,1024,1024,1024,1024,1024,1024,1024,1024,1024,1024,1024,1024,1024,1024,1024,1024,1024,1024,1024,1024,1024,1024,1024,1024,1024,1024,1024,1024,1024,1024,1024,1024,1024,1024,1024,1024,1024,1024,1024,1024,1024,1024,1024,1024,1024,1024,1024,1024,1024,1024,1024,1024,1024,1024,1024,1024,1024,1024,1024,1024,1024,1024,1024,1024,1024,1024,1024,1024,1024,1024,1024,1024,1024,1024,1024,1024,1024,1024,1024,1024,1024,1024,1024,1024,1024,1024,1024,1024,1024,1024,1024,1024,1024,1024,1024,1024,1024,1024,1024,1024,1024,1024,1024,1024,1024,1024,1024,1024,1024

lead:V2
count:800
points:1024,1007,991,974,958,941,925,909,893,877,861,845,830,815,800,786,772,758,744,731,718,706,694,682,671,661,650,641,631,623,614,607,600,593,587,581,576,572,568,565,562,560,559,557,557,557,558,558,559,560,561,563,565,567,569,571,574,577,580,583,586,590,594,598,602,607,611,616,621,626,632,637,643,649,655,661,667,674,680,687,694,701,708,715,723,730,738,745,753,761,769,777,785,793,801,809,817,825,833,841,850,857,864,870,877,883,890,896,902,908,914,919,925,930,936,941,946,951,955,960,964,969,973,977,981,984,988,992,995,998,1001,1004,1007,1010,1012,1015,1017,1019,1021,1023,1024,1026,1027,1029,1030,1031,1032,1033,1033,1034,1034,1034,1034,1034,1034,1034,1034,1034,1034,1034,1034,1034,1033,1033,1033,1033,1033,1032,1032,1032,1032,1031,1031,1031,1030,1030,1030,1029,1029,1028,1028,1028,1027,1027,1027,1026,1026,1025,1025,1024,1024,1024,1024,1024,1024,1024,1024,1024,1024,1024,1024,1024,1024,1024,1024,1024,1024,1024,1024,1024,1024,1024,1024,1023,1023,1023,1023,1023,1023,1023,1023,1023,1023,1022,1022,1022,1022,1022,1022,1022,1022,1022,1022,1022,1022,1022,1022,1022,1022,1022,1022,1022,1022,1021,1021,1021,1021,1021,1021,1021,1021,1021,1021,1021,1021,1021,1021,1021,1021,1021,1021,1021,1021,1021,1021,1021,1021,1021,1021,1021,1021,1021,1021,1021,1021,1021,1021,1021,1021,1021,1021,1021,1021,1021,1021,1021,1021,1021,1021,1021,1021,1021,1021,1021,1021,1021,1021,1021,1021,1021,1021,1021,1021,1021,1021,1021,1021,1021,1021,1021,1021,1021,1021,1021,1021,1021,1021,1021,1021,1021,1021,1021,1021,1021,1021,1021,1021,1021,1021,1021,1021,1021,1021,1021,1021,1021,1021,1021,1021,1021,1021,1021,1021,1021,1021,1021,1021,1021,1021,1021,1021,1021,1021,1021,1021,1021,1021,1021,1021,1021,1021,1021,1021,1021,1021,1021,1021,1021,1021,1021,1021,1021,1021,1021,1021,1021,1021,1021,1021,1021,1021,1021,1021,1021,1021,1021,1021,1021,1021,1021,1021,1021,1021,1022,1022,1022,1022,1022,1022,1022,1022,1022,1022,1022,1022,1022,1022,1022,1022,1022,1022,1022,1022,1022,1022,1022,1022,1022,1022,1022,1022,1022,1022,1022,1022,1022,1022,1022,1022,1022,1022,1022,1022,1022,1022,1022,1022,1022,1022,1022,1022,1022,1022,1022,1022,1022,1022,1022,1022,1022,1022,1022,1022,1022,1022,1022,1022,1022,1022,1022,1022,1022,1022,1022,1022,1022,1022,1022,1022,1022,1022,1022,1022,1022,1022,1022,1022,1022,1022,1022,1022,1022,1022,1022,1022,1022,1022,1022,1022,1022,1022,1022,1022,1022,1022,1022,1022,1022,1022,1022,1022,1022,1022,1022,1022,1022,1022,1022,1022,1022,1022,1022,1022,1022,1022,1022,1022,1022,1022,1022,1022,1022,1022,1022,1022,1022,1022,1022,1022,1022,1022,1022,1022,1022,1022,1022,1022,1022,1022,1022,1022,1022,1022,1022,1022,1022,1022,1022,1022,1022,1022,1022,1022,1022,1022,1022,1023,1023,1023,1023,1023,1023,1023,1023,1023,1023,1023,1023,1023,1023,1023,1023,1023,1023,1023,1023,1023,1023,1023,1023,1023,1023,1023,1023,1023,1023,1023,1023,1023,1023,1023,1023,1023,1023,1023,1023,1023,1023,1023,1023,1023,1023,1023,1023,1023,1023,1023,1023,1023,1023,1023,1023,1023,1023,1023,1023,1023,1023,1023,1023,1023,1023,1023,1023,1023,1023,1023,1023,1023,1023,1023,1023,1023,1023,1023,1023,1023,1023,1023,1023,1023,1023,1023,1023,1023,1023,1023,1023,1023,1023,1023,1023,1023,1023,1023,1023,1023,1023,1023,1023,1023,1023,1023,1023,1023,1023,1023,1023,1023,1023,1023,1023,1023,1023,1023,1023,1023,1023,1023,1023,1023,1023,1023,1023,1023,1023,1023,1023,1023,1023,1023,1023,1023,1023,1023,1023,1023,1023,1023,1023,1023,1023,1023,1023,1023,1023,1023,1023,1023,1023,1023,1023,1023,1023,1023,1023,1023,1023,1023,1024,1024,1024,1024,1024,1024,1024,1024,1024,1024,1024,1024,1024,1024,1024,1024,1024,1024,1024,1024,1024,1024,1024,1024,1024,1024,1024,1024,1024,1024,1024,1024,1024,1024,1024,1024,1024,1024,1024,1024,1024,1024,1024,1024,1024,1024,1024,1024,1024,1024,1024,1024,1024,1024,1024,1024,1024,1024,1024,1024,1024,1024,1024,1024,1024,1024,1024,1024,1024,1024,1024,1024,1024,1024,1024,1024,1024,1024,1024,1024,1024

lead:V3
count:800
points:1024,1016,1009,1001,993,986,978,971,963,956,949,941,934,927,921,914,907,901,895,889,883,877,871,866,861,856,851,847,843,839,835,831,828,825,822,819,817,815,813,812,811,810,809,808,808,808,808,809,809,809,810,810,811,811,812,813,813,814,815,816,817,819,820,821,822,824,825,827,828,830,832,833,835,837,839,841,843,845,847,849,851,853,855,858,860,862,865,867,869,872,874,877,879,882,884,887,889,892,895,897,900,904,907,911,915,918,922,925,929,932,935,938,942,945,947,950,953,956,958,961,963,966,968,970,973,975,977,979,980,982,984,986,987,989,990,991,993,994,995,996,997,998,999,999,1000,1000,1001,1001,1002,1002,1002,1002,1002,1002,1002,1002,1002,1002,1002,1002,1002,1002,1002,1002,1002,1002,1002,1002,1002,1002,1002,1002,1002,1002,1002,1002,1002,1002,1001,1001,1001,1001,1001,1001,1001,1001,1001,1001,1001,1001,1001,1001,1001,1001,1001,1001,1001,1001,1001,1002,1002,1002,1003,1004,1004,1005,1006,1008,1008,1009,1009,1010,1010,1011,1011,1011,1012,1012,1012,1013,1013,1013,1014,1014,1014,1015,1015,1015,1015,1015,1016,1016,1016,1016,1016,1017,1017,1017,1017,1017,1017,1017,1018,1018,1018,1018,1018,1018,1018,1018,1018,1018,1019,1019,1019,1019,1019,1019,1019,1019,1019,1019,1019,1019,1019,1019,1019,1019,1019,1019,1019,1019,1019,1019,1019,1019,1019,1019,1019,1019,1019,1019,1019,1019,1019,1019,1019,1019,1019,1019,1019,1019,1019,1019,1019,1019,1019,1019,1019,1019,1019,1019,1019,1019,1019,1019,1019,1019,1019,1019,1019,1019,1019,1019,1019,1019,1019,1019,1019,1019,1019,1019,1019,1019,1019,1019,1019,1019,1019,1019,1019,1019,1019,1019,1019,1019,1019,1020,1020,1020,1020,1020,1020,1020,1020,1020,1020,1020,1020,1020,1020,1020,1020,1020,1020,1020,1020,1020,1020,1020,1020,1020,1020,1020,1020,1020,1020,1020,1020,1020,1020,1020,1020,1020,1020,1020,1020,1020,1020,1020,1020,1020,1020,1020,1020,1020,1020,1020,1020,1020,1020,1020,1020,1020,1020,1020,1020,1020,1020,1020,1020,1020,1020,1020,1020,1020,1020,1020,1020,1020,1020,1020,1020,1020,1020,1020,1020,1020,1020,1020,1020,1020,1020,1020,1020,1020,1020,1020,1020,1020,1020,1020,1020,1020,1020,1020,1020,1020,1020,1020,1021,1021,1021,1021,1021,1021,1021,1021,1021,1021,1021,1021,1021,1021,1021,1021,1021,1021,1021,1021,1021,1021,1021,1021,1021,1021,1021,1021,1021,1021,1021,1021,1021,1021,1021,1021,1021,1021,1021,1021,1021,1021,1021,1021,1021,1021,1021,1021,1021,1021,1021,1021,1021,1021,1021,1021,1021,1021,1021,1021,1021,1021,1021,1021,1021,1021,1021,1021,1021,1021,1021,1021,1021,1021,1021,1021,1021,1021,1021,1021,1021,1021,1021,1021,1021,1021,1021,1021,1021,1021,1021,1021,1021,1021,1021,1021,1021,1021,1021,1021,1021,1021,1021,1022,1022,1022,1022,1022,1022,1022,1022,1022,1022,1022,1022,1022,1022,1022,1022,1022,1022,1022,1022,1022,1022,1022,1022,1022,1022,1022,1022,1022,1022,1022,1022,1022,1022,1022,1022,1022,1022,1022,1022,1022,1022,1022,1022,1022,1022,1022,1022,1022,1022,1022,1022,1022,1022,1022,1022,1022,1022,1022,1022,1022,1022,1022,1022,1022,1022,1022,1022,1022,1022,1022,1022,1022,1022,1022,1022,1022,1022,1022,1022,1022,1022,1022,1022,1022,1022,1022,1022,1022,1022,1022,1022,1022,1022,1022,1022,1022,1022,1022,1022,1022,1022,1022,1023,1023,1023,1023,1023,1023,1023,1023,1023,1023,1023,1023,1023,1023,1023,1023,1023,1023,1023,1023,1023,1023,1023,1023,1023,1023,1023,1023,1023,1023,1023,1023,1023,1023,1023,1023,1023,1023,1023,1023,1023,1023,1023,1023,1023,1023,1023,1023,1023,1023,1023,1023,1023,1023,1023,1023,1023,1023,1023,1023,1023,1023,1023,1023,1023,1023,1023,1023,1023,1023,1023,1023,1023,1023,1023,1023,1023,1023,1023,1023,1023,1023,1023,1023,1023,1023,1023,1023,1023,1023,1023,1023,1023,1023,1023,1023,1023,1023,1023,1023,1023,1023,1023,1024,1024,1024,1024,1024,1024,1024,1024,1024,1024,1024,1024,1024,1024,1024,1024,1024,1024,1024,1024,1024,1024,1024,1024,1024,1024,1024,1024,1024,1024,1024,1024,1024,1024,1024,1024,1024,1024,1024,1024,1024,1024,1024,1024,1024,1024,1024,1024,1024,1024,1024

lead:V4
count:800
points:1024,1027,1029,1032,1035,1037,1040,1043,1045,1048,1050,1053,1055,1058,1060,1062,1065,1067,1069,1071,1073,1075,1077,1079,1081,1082,1084,1086,1087,1088,1090,1091,1092,1093,1094,1095,1096,1097,1097,1098,1098,1099,1099,1099,1099,1099,1099,1099,1098,1098,1098,1097,1097,1096,1096,1095,1094,1093,1092,1091,1090,1089,1088,1087,1086,1084,1083,1081,1080,1078,1077,1075,1073,1072,1070,1068,1066,1064,1062,1060,1058,1056,1054,1052,1049,1047,1045,1043,1040,1038,1036,1033,1031,1028,1026,1024,1021,1019,1016,1014,1011,1010,1009,1008,1007,1005,1004,1003,1002,1001,1000,999,998,997,996,995,993,992,991,991,990,989,988,987,986,985,984,983,983,982,981,980,980,979,979,978,977,977,976,976,976,975,975,974,974,974,974,973,973,973,973,973,973,973,973,973,973,973,973,973,973,974,974,974,974,974,974,974,975,975,975,975,975,976,976,976,976,977,977,977,977,978,978,978,979,979,979,979,980,980,980,980,980,980,981,981,981,981,982,982,983,984,985,986,987,989,991,995,995,996,997,998,999,1000,1000,1001,1002,1003,1004,1004,1005,1006,1006,1007,1007,1008,1009,1009,1010,1010,1010,1011,1011,1012,1012,1012,1013,1013,1013,1014,1014,1014,1015,1015,1015,1015,1016,1016,1016,1016,1016,1016,1017,1017,1017,1017,1017,1017,1017,1017,1017,1018,1018,1018,1018,1018,1018,1018,1018,1018,1018,1018,1018,1018,1018,1018,1018,1018,1018,1018,1018,1018,1018,1018,1018,1018,1018,1018,1018,1018,1018,1018,1018,1018,1018,1018,1018,1018,1018,1018,1018,1018,1018,1018,1018,1018,1018,1018,1018,1018,1018,1018,1018,1018,1018,1018,1018,1018,1018,1018,1018,1018,1018,1018,1018,1018,1018,1018,1018,1018,1018,1018,1018,1018,1018,1018,1018,1019,1019,1019,1019,1019,1019,1019,1019,1019,1019,1019,1019,1019,1019,1019,1019,1019,1019,1019,1019,1019,1019,1019,1019,1019,1019,1019,1019,1019,1019,1019,1019,1019,1019,1019,1019,1019,1019,1019,1019,1019,1019,1019,1019,1019,1019,1019,1019,1019,1019,1019,1019,1019,1019,1019,1019,1019,1019,1019,1019,1019,1019,1019,1019,1019,1019,1019,1019,1019,1019,1019,1019,1019,1019,1019,1019,1019,1019,1019,1019,1019,1019,1019,1019,1020,1020,1020,1020,1020,1020,1020,1020,1020,1020,1020,1020,1020,1020,1020,1020,1020,1020,1020,1020,1020,1020,1020,1020,1020,1020,1020,1020,1020,1020,1020,1020,1020,1020,1020,1020,1020,1020,1020,1020,1020,1020,1020,1020,1020,1020,1020,1020,1020,1020,1020,1020,1020,1020,1020,1020,1020,1020,1020,1020,1020,1020,1020,1020,1020,1020,1020,1020,1020,1020,1020,1020,1020,1020,1020,1020,1020,1020,1020,1020,1020,1020,1020,1020,1021,1021,1021,1021,1021,1021,1021,1021,1021,1021,1021,1021,1021,1021,1021,1021,1021,1021,1021,1021,1021,1021,1021,1021,1021,1021,1021,1021,1021,1021,1021,1021,1021,1021,1021,1021,1021,1021,1021,1021,1021,1021,1021,1021,1021,1021,1021,1021,1021,1021,1021,1021,1021,1021,1021,1021,1021,1021,1021,1021,1021,1021,1021,1021,1021,1021,1021,1021,1021,1021,1021,1021,1021,1021,1021,1021,1021,1021,1021,1021,1021,1021,1021,1021,1021,1022,1022,1022,1022,1022,1022,1022,1022,1022,1022,1022,1022,1022,1022,1022,1022,1022,1022,1022,1022,1022,1022,1022,1022,1022,1022,1022,1022,1022,1022,1022,1022,1022,1022,1022,1022,1022,1022,1022,1022,1022,1022,1022,1022,1022,1022,1022,1022,1022,1022,1022,1022,1022,1022,1022,1022,1022,1022,1022,1022,1022,1022,1022,1022,1022,1022,1022,1022,1022,1022,1022,1022,1022,1022,1022,1022,1022,1022,1022,1022,1022,1022,1022,1022,1023,1023,1023,1023,1023,1023,1023,1023,1023,1023,1023,1023,1023,1023,1023,1023,1023,1023,1023,1023,1023,1023,1023,1023,1023,1023,1023,1023,1023,1023,1023,1023,1023,1023,1023,1023,1023,1023,1023,1023,1023,1023,1023,1023,1023,1023,1023,1023,1023,1023,1023,1023,1023,1023,1023,1023,1023,1023,1023,1023,1023,1023,1023,1023,1023,1023,1023,1023,1023,1023,1023,1023,1023,1023,1023,1023,1023,1023,1023,1023,1023,1023,1023,1023,1024,1024,1024,1024,1024,1024,1024,1024,1024,1024,1024,1024,1024,1024,1024,1024,1024,1024,1024,1024,1024,1024,1024,1024,1024,1024,1024,1024,1024,1024,1024,1024,1024,1024,1024,1024,1024,1024,1024,1024,1024,1024

lead:V5
count:800
points:1024,1036,1049,1061,1074,1086,1098,1110,1122,1134,1146,1157,1169,1180,1191,1202,1212,1222,1232,1242,1252,1261,1270,1279,1287,1295,1303,1310,1317,1323,1329,1335,1340,1345,1350,1354,1358,1361,1364,1366,1368,1370,1371,1372,1372,1372,1371,1371,1370,1369,1367,1366,1364,1362,1359,1357,1354,1351,1347,1344,1340,1336,1331,1327,1322,1317,1312,1307,1301,1295,1289,1283,1277,1270,1264,1257,1250,1243,1235,1228,1220,1212,1204,1196,1188,1180,1172,1163,1155,1146,1137,1129,1120,1111,1102,1093,1084,1075,1066,1057,1048,1044,1040,1037,1033,1030,1027,1024,1020,1017,1014,1011,1009,1006,1003,1000,998,995,993,991,988,986,984,982,980,978,976,974,972,971,969,968,966,965,964,962,961,960,959,958,957,956,956,955,954,954,953,953,953,952,952,952,952,952,952,952,952,952,953,953,953,953,953,954,954,954,955,955,955,956,956,957,957,957,958,958,959,959,960,961,961,962,962,963,963,964,965,965,966,967,967,967,967,967,967,968,968,968,969,970,970,971,973,974,976,978,980,986,986,987,989,990,991,993,994,995,996,997,998,999,1000,1001,1002,1002,1003,1004,1005,1005,1006,1007,1007,1008,1009,1009,1010,1010,1011,1011,1012,1012,1012,1013,1013,1013,1014,1014,1014,1015,1015,1015,1015,1016,1016,1016,1016,1016,1016,1017,1017,1017,1017,1017,1017,1017,1017,1017,1018,1018,1018,1018,1018,1018,1018,1018,1018,1018,1018,1018,1018,1018,1018,1018,1018,1018,1018,1018,1018,1018,1018,1018,1018,1018,1018,1018,1018,1018,1018,1018,1018,1018,1018,1018,1018,1018,1018,1018,1018,1018,1018,1018,1018,1018,1018,1018,1018,1018,1018,1018,1018,1018,1018,1018,1018,1018,1018,1018,1018,1018,1018,1018,1018,1018,1018,1018,1018,1018,1018,1018,1018,1018,1018,1018,1018,1018,1018,1018,1018,1018,1019,1019,1019,1019,1019,1019,1019,1019,1019,1019,1019,1019,1019,1019,1019,1019,1019,1019,1019,1019,1019,1019,1019,1019,1019,1019,1019,1019,1019,1019,1019,1019,1019,1019,1019,1019,1019,1019,1019,1019,1019,1019,1019,1019,1019,1019,1019,1019,1019,1019,1019,1019,1019,1019,1019,1019,1019,1019,1019,1019,1019,1019,1019,1019,1019,1019,1019,1019,1019,1019,1019,1019,1019,1019,1019,1019,1019,1019,1019,1019,1019,1019,1019,1020,1020,1020,1020,1020,1020,1020,1020,1020,1020,1020,1020,1020,1020,1020,1020,1020,1020,1020,1020,1020,1020,1020,1020,1020,1020,1020,1020,1020,1020,1020,1020,1020,1020,1020,1020,1020,1020,1020,1020,1020,1020,1020,1020,1020,1020,1020,1020,1020,1020,1020,1020,1020,1020,1020,1020,1020,1020,1020,1020,1020,1020,1020,1020,1020,1020,1020,1020,1020,1020,1020,1020,1020,1020,1020,1020,1020,1020,1020,1020,1020,1020,1021,1021,1021,1021,1021,1021,1021,1021,1021,1021,1021,1021,1021,1021,1021,1021,1021,1021,1021,1021,1021,1021,1021,1021,1021,1021,1021,1021,1021,1021,1021,1021,1021,1021,1021,1021,1021,1021,1021,1021,1021,1021,1021,1021,1021,1021,1021,1021,1021,1021,1021,1021,1021,1021,1021,1021,1021,1021,1021,1021,1021,1021,1021,1021,1021,1021,1021,1021,1021,1021,1021,1021,1021,1021,1021,1021,1021,1021,1021,1021,1021,1021,1022,1022,1022,1022,1022,1022,1022,1022,1022,1022,1022,1022,1022,1022,1022,1022,1022,1022,1022,1022,1022,1022,1022,1022,1022,1022,1022,1022,1022,1022,1022,1022,1022,1022,1022,1022,1022,1022,1022,1022,1022,1022,1022,1022,1022,1022,1022,1022,1022,1022,1022,1022,1022,1022,1022,1022,1022,1022,1022,1022,1022,1022,1022,1022,1022,1022,1022,1022,1022,1022,1022,1022,1022,1022,1022,1022,1022,1022,1022,1022,1022,1022,1023,1023,1023,1023,1023,1023,1023,1023,1023,1023,1023,1023,1023,1023,1023,1023,1023,1023,1023,1023,1023,1023,1023,1023,1023,1023,1023,1023,1023,1023,1023,1023,1023,1023,1023,1023,1023,1023,1023,1023,1023,1023,1023,1023,1023,1023,1023,1023,1023,1023,1023,1023,1023,1023,1023,1023,1023,1023,1023,1023,1023,1023,1023,1023,1023,1023,1023,1023,1023,1023,1023,1023,1023,1023,1023,1023,1023,1023,1023,1023,1023,1023,1024,1024,1024,1024,1024,1024,1024,1024,1024,1024,1024,1024,1024,1024,1024,1024,1024,1024,1024,1024,1024,1024,1024,1024,1024,1024,1024,1024,1024,1024,1024,1024,1024,1024,1024,1024,1024,1024,1024,1024,1024

lead:V6
count:800
points:1024,1044,1065,1085,1105,1125,1145,1165,1184,1203,1223,1241,1260,1278,1296,1314,1331,1348,1365,1381,1396,1411,1426,1440,1454,1467,1479,1491,1502,1513,1523,1532,1541,1549,1556,1563,1569,1575,1579,1583,1587,1589,1591,1592,1592,1592,1592,1591,1589,1588,1586,1583,1581,1577,1574,1570,1566,1561,1556,1551,1546,1540,1534,1527,1520,1513,1505,1498,1490,1481,1473,1464,1454,1445,1435,1425,1415,1405,1394,1383,1372,1361,1349,1337,1326,1314,1302,1289,1277,1264,1252,1239,1226,1213,1200,1187,1174,1161,1148,1134,1121,1114,1108,1101,1095,1088,1082,1076,1070,1065,1059,1053,1048,1043,1038,1033,1028,1023,1019,1014,1010,1006,1002,998,994,990,987,984,980,977,974,971,969,966,964,961,959,957,955,953,952,950,949,947,946,945,944,944,943,943,942,942,942,942,942,942,942,942,943,943,943,943,943,944,944,944,945,945,946,946,947,947,948,948,949,950,950,951,952,952,953,954,955,956,957,958,958,959,960,963,963,964,965,966,967,968,969,971,972,973,974,975,976,977,978,980,981,983,983,985,986,987,989,990,992,993,994,995,996,997,998,999,1000,1001,1002,1003,1004,1005,1005,1006,1007,1008,1008,1009,1009,1010,1010,1011,1011,1012,1012,1013,1013,1014,1014,1014,1015,1015,1015,1015,1016,1016,1016,1016,1017,1017,1017,1017,1017,1017,1018,1018,1018,1018,1018,1018,1018,1018,1018,1018,1018,1019,1019,1019,1019,1019,1019,1019,1019,1019,1019,1019,1019,1019,1019,1019,1019,1019,1019,1019,1019,1019,1019,1019,1019,1019,1019,1019,1019,1019,1019,1019,1019,1019,1019,1019,1019,1019,1019,1019,1019,1019,1019,1019,1019,1019,1019,1019,1019,1019,1019,1019,1019,1019,1019,1019,1019,1019,1019,1019,1019,1019,1019,1019,1019,1019,1019,1019,1019,1019,1019,1019,1019,1019,1019,1019,1019,1019,1019,1019,1019,1019,1019,1019,1019,1019,1019,1019,1019,1019,1019,1019,1019,1019,1019,1019,1019,1019,1019,1019,1019,1019,1019,1019,1019,1019,1019,1020,1020,1020,1020,1020,1020,1020,1020,1020,1020,1020,1020,1020,1020,1020,1020,1020,1020,1020,1020,1020,1020,1020,1020,1020,1020,1020,1020,1020,1020,1020,1020,1020,1020,1020,1020,1020,1020,1020,1020,1020,1020,1020,1020,1020,1020,1020,1020,1020,1020,1020,1020,1020,1020,1020,1020,1020,1020,1020,1020,1020,1020,1020,1020,1020,1020,1020,1020,1020,1020,1020,1020,1020,1020,1020,1020,1020,1020,1020,1020,1020,1020,1020,1020,1020,1020,1020,1020,1020,1020,1020,1020,1020,1020,1021,1021,1021,1021,1021,1021,1021,1021,1021,1021,1021,1021,1021,1021,1021,1021,1021,1021,1021,1021,1021,1021,1021,1021,1021,1021,1021,1021,1021,1021,1021,1021,1021,1021,1021,1021,1021,1021,1021,1021,1021,1021,1021,1021,1021,1021,1021,1021,1021,1021,1021,1021,1021,1021,1021,1021,1021,1021,1021,1021,1021,1021,1021,1021,1021,1021,1021,1021,1021,1021,1021,1021,1021,1021,1021,1021,1021,1021,1021,1021,1021,1021,1021,1021,1021,1021,1021,1021,1021,1021,1021,1021,1021,1021,1022,1022,1022,1022,1022,1022,1022,1022,1022,1022,1022,1022,1022,1022,1022,1022,1022,1022,1022,1022,1022,1022,1022,1022,1022,1022,1022,1022,1022,1022,1022,1022,1022,1022,1022,1022,1022,1022,1022,1022,1022,1022,1022,1022,1022,1022,1022,1022,1022,1022,1022,1022,1022,1022,1022,1022,1022,1022,1022,1022,1022,1022,1022,1022,1022,1022,1022,1022,1022,1022,1022,1022,1022,1022,1022,1022,1022,1022,1022,1022,1022,1022,1022,1022,1022,1022,1022,1022,1022,1022,1022,1022,1022,1022,1023,1023,1023,1023,1023,1023,1023,1023,1023,1023,1023,1023,1023,1023,1023,1023,1023,1023,1023,1023,1023,1023,1023,1023,1023,1023,1023,1023,1023,1023,1023,1023,1023,1023,1023,1023,1023,1023,1023,1023,1023,1023,1023,1023,1023,1023,1023,1023,1023,1023,1023,1023,1023,1023,1023,1023,1023,1023,1023,1023,1023,1023,1023,1023,1023,1023,1023,1023,1023,1023,1023,1023,1023,1023,1023,1023,1023,1023,1023,1023,1023,1023,1023,1023,1023,1023,1023,1023,1023,1023,1023,1023,1023,1023,1024,1024,1024,1024,1024,1024,1024,1024,1024,1024,1024,1024,1024,1024,1024,1024,1024,1024,1024,1024,1024,1024,1024,1024,1024,1024,1024,1024,1024,1024,1024,1024,1024,1024,1024,1024,1024,1024,1024,1024,1024,1024,1024,1024,1024,1024,1024

