pathology:atr
group:arrhythmia
title:Atrioventricular rhythm
name:Атриовентрикулярный ритм
leads:12

lead:I
count:520
points:1024,1024,1024,1024,1024,1024,1024,1024,1024,1024,1024,1024,1024,1024,1024,1024,1024,1024,1024,1024,1024,1024,1024,1024,1024,1024,1024,1024,1024,1024,1024,1024,1024,1024,1024,1024,1024,1024,1024,1024,1024,1024,1024,1024,1024,1024,1024,1024,1024,1024,1024,1024,1024,1024,1024,1024,1024,1024,1024,1024,1024,1024,1024,1024,1024,1024,1024,1024,1024,1024,1024,1024,1024,1024,1024,1024,1024,1024,1024,1024,1024,1024,1024,1024,1024,1024,1024,1024,1024,1024,1024,1024,1024,1024,1024,1024,1024,1024,1024,1024,1024,1024,1024,1024,1024,1024,1024,1024,1024,1024,1024,1024,1024,1024,1024,1024,1024,1024,1024,1024,1024,1024,1024,1024,1024,1024,1024,1024,1024,1024,1024,1024,1023,1023,1023,1023,1022,1022,1022,1021,1021,1020,1020,1019,1018,1017,1016,1015,1014,1012,1011,1009,1008,1004,1004,1001,999,997,995,993,991,989,987,985,983,999,1015,1031,1048,1064,1080,1096,1112,1128,1145,1161,1177,1193,1209,1225,1241,1258,1274,1290,1306,1322,1338,1354,1371,1403,1403,1383,1363,1343,1324,1304,1285,1265,1246,1227,1209,1191,1173,1155,1138,1121,1105,1089,1074,1059,1044,1031,1017,1005,993,981,971,961,951,943,935,927,921,915,910,906,902,900,898,896,896,922,943,962,977,990,1000,1008,1014,1018,1021,1023,1024,1024,1024,1024,1024,1024,1024,1024,1024,1024,1024,1024,1024,1024,1024,1024,1024,1024,1024,1024,1024,1024,1024,1024,1024,1024,1024,1024,1024,1024,1024,1024,1024,1024,1024,1024,1024,1024,1024,1024,1024,1024,1024,1024,1024,1024,1024,1024,1024,1024,1024,1024,1024,1024,1024,1024,1024,1024,1024,1024,1024,1024,1024,1024,1024,1024,1024,1024,1024,1024,1024,1024,1024,1024,1024,1024,1024,1024,1024,1024,1024,1024,1024,1024,1024,1024,1024,1024,1024,1025,1025,1025,1026,1026,1027,1027,1028,1029,1029,1030,1031,1032,1033,1033,1034,1036,1037,1038,1039,1040,1041,1043,1044,1045,1047,1048,1050,1051,1053,1054,1056,1057,1059,1061,1062,1064,1066,1067,1069,1071,1073,1075,1076,1078,1080,1082,1084,1085,1087,1089,1091,1093,1095,1096,1098,1100,1102,1103,1105,1107,1109,1110,1112,1113,1115,1117,1118,1120,1121,1123,1124,1126,1127,1128,1130,1131,1132,1133,1134,1135,1136,1137,1138,1139,1140,1141,1142,1142,1143,1144,1144,1145,1145,1146,1146,1146,1146,1147,1147,1147,1147,1147,1147,1146,1146,1145,1145,1144,1143,1142,1140,1139,1138,1136,1134,1133,1131,1129,1127,1125,1122,1120,1118,1115,1113,1110,1108,1105,1102,1100,1097,1094,1091,1088,1085,1083,1080,1077,1074,1071,1069,1066,1063,1061,1058,1056,1053,1051,1048,1046,1044,1042,1040,1038,1036,1035,1033,1032,1030,1029,1028,1027,1026,1026,1025,1025,1024,1024,1024,1024,1024,1024,1024,1024,1024,1024,1024,1024,1024,1024,1024,1024,1024,1024,1024,1024,1024,1024

lead:II
count:520
points:1024,1024,1024,1024,1024,1024,1024,1024,1024,1024,1024,1024,1024,1024,1024,1024,1024,1024,1024,1024,1024,1024,1024,1024,1024,1024,1024,1024,1024,1024,1024,1024,1024,1024,1024,1024,1024,1024,1024,1024,1024,1024,1024,1024,1024,1024,1024,1024,1024,1024,1024,1024,1024,1024,1024,1024,1024,1024,1024,1024,1024,1024,1024,1024,1024,1024,1024,1024,1024,1024,1024,1024,1024,1024,1024,1024,1024,1024,1024,1024,1024,1024,1024,1024,1024,1024,1024,1024,1024,1024,1024,1024,1024,1024,1024,1024,1024,1024,1024,1024,1024,1024,1024,1024,1024,1024,1024,1024,1024,1024,1024,1024,1024,1024,1024,1024,1024,1024,1024,1024,1024,1024,1024,1024,1024,1024,1024,1024,1024,1024,1023,1023,1023,1023,1022,1022,1021,1021,1020,1019,1018,1017,1016,1015,1013,1012,1010,1008,1006,1004,1001,998,995,988,988,983,977,971,966,960,954,949,943,937,932,958,983,1009,1035,1061,1087,1112,1138,1164,1190,1216,1241,1267,1293,1319,1345,1370,1396,1422,1448,1474,1499,1525,1551,1603,1603,1575,1548,1521,1494,1468,1441,1415,1389,1363,1338,1313,1289,1265,1241,1219,1196,1175,1154,1133,1114,1095,1077,1060,1043,1028,1013,999,987,975,964,954,945,937,930,925,920,916,913,911,911,934,953,969,983,994,1003,1010,1015,1019,1021,1023,1024,1024,1024,1024,1024,1024,1024,1024,1024,1024,1024,1024,1024,1024,1024,1024,1024,1024,1024,1024,1024,1024,1024,1024,1024,1024,1024,1024,1024,1024,1024,1024,1024,1024,1024,1024,1024,1024,1024,1024,1024,1024,1024,1024,1024,1024,1024,1024,1024,1024,1024,1024,1024,1024,1024,1024,1024,1024,1024,1024,1024,1024,1024,1024,1024,1024,1024,1024,1024,1024,1024,1024,1024,1024,1024,1024,1024,1024,1024,1024,1024,1024,1024,1024,1024,1024,1024,1024,1025,1025,1025,1026,1026,1027,1028,1028,1029,1030,1031,1032,1033,1034,1036,1037,1038,1040,1041,1043,1044,1046,1048,1050,1051,1053,1055,1057,1059,1061,1063,1066,1068,1070,1072,1074,1077,1079,1081,1084,1086,1089,1091,1094,1096,1098,1101,1103,1106,1108,1111,1113,1116,1118,1121,1123,1126,1128,1131,1133,1136,1138,1140,1143,1145,1147,1149,1151,1154,1156,1158,1160,1162,1164,1166,1167,1169,1171,1172,1174,1176,1177,1179,1180,1181,1182,1184,1185,1186,1187,1188,1189,1189,1190,1191,1191,1192,1192,1192,1193,1193,1193,1193,1193,1193,1192,1192,1191,1190,1189,1187,1186,1184,1182,1180,1178,1176,1173,1171,1168,1165,1162,1159,1156,1153,1150,1146,1143,1139,1135,1132,1128,1124,1120,1116,1112,1108,1105,1101,1097,1093,1089,1085,1082,1078,1074,1071,1067,1064,1061,1058,1055,1052,1049,1046,1043,1041,1039,1037,1035,1033,1031,1030,1028,1027,1026,1025,1025,1024,1024,1024,1024,1024,1024,1024,1024,1024,1024,1024,1024,1024,1024,1024,1024,1024,1024,1024,1024,1024,1024

lead:III
count:520
points:1024,1024,1024,1024,1024,1024,1024,1024,1024,1024,1024,1024,1024,1024,1024,1024,1024,1024,1024,1024,1024,1024,1024,1024,1024,1024,1024,1024,1024,1024,1024,1024,1024,1024,1024,1024,1024,1024,1024,1024,1024,1024,1024,1024,1024,1024,1024,1024,1024,1024,1024,1024,1024,1024,1024,1024,1024,1024,1024,1024,1024,1024,1024,1024,1024,1024,1024,1024,1024,1024,1024,1024,1024,1024,1024,1024,1024,1024,1024,1024,1024,1024,1024,1024,1024,1024,1024,1024,1024,1024,1024,1024,1024,1024,1024,1024,1024,1024,1024,1024,1024,1024,1024,1024,1024,1024,1024,1024,1024,1024,1024,1024,1024,1024,1024,1024,1024,1024,1024,1024,1024,1024,1024,1024,1024,1024,1024,1024,1024,1024,1024,1024,1024,1023,1023,1023,1023,1023,1022,1022,1022,1021,1021,1020,1019,1019,1018,1017,1016,1015,1014,1013,1012,1009,1009,1005,1001,998,994,991,987,984,980,976,973,982,992,1002,1011,1021,1031,1040,1050,1060,1069,1079,1089,1098,1108,1118,1127,1137,1146,1156,1166,1175,1185,1195,1204,1224,1224,1216,1209,1202,1195,1188,1181,1174,1167,1160,1153,1147,1140,1134,1127,1121,1115,1110,1104,1099,1093,1088,1084,1079,1075,1070,1067,1063,1059,1056,1053,1051,1048,1046,1044,1043,1042,1041,1040,1039,1039,1036,1034,1031,1030,1028,1027,1026,1025,1025,1024,1024,1024,1024,1024,1024,1024,1024,1024,1024,1024,1024,1024,1024,1024,1024,1024,1024,1024,1024,1024,1024,1024,1024,1024,1024,1024,1024,1024,1024,1024,1024,1024,1024,1024,1024,1024,1024,1024,1024,1024,1024,1024,1024,1024,1024,1024,1024,1024,1024,1024,1024,1024,1024,1024,1024,1024,1024,1024,1024,1024,1024,1024,1024,1024,1024,1024,1024,1024,1024,1024,1024,1024,1024,1024,1024,1024,1024,1024,1024,1024,1024,1024,1024,1024,1024,1024,1024,1024,1024,1024,1024,1024,1024,1025,1025,1025,1025,1025,1026,1026,1026,1027,1027,1027,1028,1028,1028,1029,1029,1030,1030,1031,1031,1031,1032,1033,1033,1034,1034,1035,1035,1036,1037,1037,1038,1038,1039,1040,1040,1041,1042,1042,1043,1044,1044,1045,1046,1046,1047,1048,1048,1049,1050,1050,1051,1052,1052,1053,1054,1054,1055,1056,1056,1057,1058,1058,1059,1059,1060,1060,1061,1062,1062,1063,1063,1064,1064,1064,1065,1065,1066,1066,1067,1067,1067,1068,1068,1068,1068,1069,1069,1069,1069,1069,1070,1070,1070,1070,1070,1070,1070,1070,1070,1070,1070,1070,1069,1069,1069,1069,1068,1068,1067,1067,1066,1065,1065,1064,1063,1063,1062,1061,1060,1059,1058,1057,1056,1055,1054,1053,1052,1051,1050,1049,1048,1047,1046,1045,1044,1043,1042,1041,1040,1039,1038,1037,1036,1035,1034,1033,1032,1032,1031,1030,1029,1029,1028,1027,1027,1026,1026,1026,1025,1025,1025,1024,1024,1024,1024,1024,1024,1024,1024,1024,1024,1024,1024,1024,1024,1024,1024,1024,1024,1024,1024,1024,1024,1024,1024

lead:aVR
count:520
points:1024,1024,1024,1024,1024,1024,1024,1024,1024,1024,1024,1024,1024,1024,1024,1024,1024,1024,1024,1024,1024,1024,1024,1024,1024,1024,1024,1024,1024,1024,1024,1024,1024,1024,1024,1024,1024,1024,1024,1024,1024,1024,1024,1024,1024,1024,1024,1024,1024,1024,1024,1024,1024,1024,1024,1024,1024,1024,1024,1024,1024,1024,1024,1024,1024,1024,1024,1024,1024,1024,1024,1024,1024,1024,1024,1024,1024,1024,1024,1024,1024,1024,1024,1024,1024,1024,1024,1024,1024,1024,1024,1024,1024,1024,1024,1024,1024,1024,1024,1024,1024,1024,1024,1024,1024,1024,1024,1024,1024,1024,1024,1024,1024,1024,1024,1024,1024,1024,1024,1024,1024,1024,1024,1024,1024,1024,1024,1024,1024,1024,1025,1025,1025,1025,1026,1026,1026,1027,1028,1028,1029,1030,1031,1032,1034,1035,1037,1038,1040,1042,1045,1047,1050,1057,1057,1061,1065,1070,1074,1079,1083,1088,1092,1096,1101,1077,1052,1028,1004,980,956,931,907,883,859,834,810,786,762,738,713,689,665,641,617,592,568,544,520,471,471,498,525,553,579,606,633,659,685,711,736,761,785,809,833,856,878,899,920,941,960,979,997,1014,1031,1046,1061,1075,1088,1099,1110,1120,1129,1137,1144,1150,1154,1158,1161,1163,1163,1135,1111,1091,1075,1061,1050,1041,1035,1030,1027,1025,1024,1024,1024,1024,1024,1024,1024,1024,1024,1024,1024,1024,1024,1024,1024,1024,1024,1024,1024,1024,1024,1024,1024,1024,1024,1024,1024,1024,1024,1024,1024,1024,1024,1024,1024,1024,1024,1024,1024,1024,1024,1024,1024,1024,1024,1024,1024,1024,1024,1024,1024,1024,1024,1024,1024,1024,1024,1024,1024,1024,1024,1024,1024,1024,1024,1024,1024,1024,1024,1024,1024,1024,1024,1024,1024,1024,1024,1024,1024,1024,1024,1024,1024,1024,1024,1024,1024,1024,1023,1023,1023,1022,1022,1021,1020,1020,1019,1018,1017,1016,1015,1014,1012,1011,1010,1008,1007,1005,1004,1002,1000,998,997,995,993,991,989,987,985,983,980,978,976,974,971,969,967,964,962,960,957,955,952,950,947,945,942,940,937,935,932,930,927,925,922,920,918,915,913,910,908,906,904,901,899,897,895,893,891,889,887,885,883,881,879,878,876,874,873,871,870,869,867,866,865,864,863,862,861,860,859,858,858,857,857,856,856,856,856,856,856,856,856,856,857,858,859,860,861,863,864,866,868,870,873,875,877,880,883,886,889,892,895,899,902,906,909,913,917,920,924,928,932,936,940,944,948,951,955,959,963,967,970,974,977,981,984,987,991,994,997,999,1002,1005,1007,1009,1011,1013,1015,1017,1018,1020,1021,1022,1023,1023,1024,1024,1024,1024,1024,1024,1024,1024,1024,1024,1024,1024,1024,1024,1024,1024,1024,1024,1024,1024,1024,1024

lead:aVL
count:520
points:1024,1024,1024,1024,1024,1024,1024,1024,1024,1024,1024,1024,1024,1024,1024,1024,1024,1024,1024,1024,1024,1024,1024,1024,1024,1024,1024,1024,1024,1024,1024,1024,1024,1024,1024,1024,1024,1024,1024,1024,1024,1024,1024,1024,1024,1024,1024,1024,1024,1024,1024,1024,1024,1024,1024,1024,1024,1024,1024,1024,1024,1024,1024,1024,1024,1024,1024,1024,1024,1024,1024,1024,1024,1024,1024,1024,1024,1024,1024,1024,1024,1024,1024,1024,1024,1024,1024,1024,1024,1024,1024,1024,1024,1024,1024,1024,1024,1024,1024,1024,1024,1024,1024,1024,1024,1024,1024,1024,1024,1024,1024,1024,1024,1024,1024,1024,1024,1024,1024,1024,1024,1024,1024,1024,1024,1024,1024,1024,1024,1024,1024,1024,1024,1024,1024,1024,1024,1024,1024,1024,1024,1023,1023,1023,1023,1023,1023,1023,1023,1022,1022,1022,1022,1021,1021,1022,1023,1024,1025,1025,1026,1027,1028,1029,1030,1034,1037,1041,1045,1049,1052,1056,1060,1064,1067,1071,1075,1079,1082,1086,1090,1094,1097,1101,1105,1109,1112,1116,1120,1127,1127,1120,1113,1106,1098,1091,1084,1077,1070,1063,1056,1049,1043,1036,1030,1024,1018,1012,1007,1001,996,991,986,981,977,973,969,965,962,958,955,953,950,948,946,945,944,943,942,941,941,958,972,984,994,1002,1009,1014,1017,1020,1022,1023,1024,1024,1024,1024,1024,1024,1024,1024,1024,1024,1024,1024,1024,1024,1024,1024,1024,1024,1024,1024,1024,1024,1024,1024,1024,1024,1024,1024,1024,1024,1024,1024,1024,1024,1024,1024,1024,1024,1024,1024,1024,1024,1024,1024,1024,1024,1024,1024,1024,1024,1024,1024,1024,1024,1024,1024,1024,1024,1024,1024,1024,1024,1024,1024,1024,1024,1024,1024,1024,1024,1024,1024,1024,1024,1024,1024,1024,1024,1024,1024,1024,1024,1024,1024,1024,1024,1024,1024,1024,1024,1024,1024,1025,1025,1025,1025,1025,1026,1026,1026,1026,1027,1027,1027,1028,1028,1029,1029,1029,1030,1030,1031,1031,1032,1032,1033,1033,1034,1034,1035,1035,1036,1037,1037,1038,1038,1039,1040,1040,1041,1042,1042,1043,1044,1044,1045,1046,1046,1047,1047,1048,1049,1049,1050,1051,1051,1052,1053,1053,1054,1055,1055,1056,1056,1057,1057,1058,1059,1059,1060,1060,1061,1061,1062,1062,1063,1063,1063,1064,1064,1065,1065,1065,1066,1066,1066,1066,1067,1067,1067,1067,1068,1068,1068,1068,1068,1068,1068,1068,1068,1068,1068,1068,1068,1068,1068,1067,1067,1067,1066,1066,1066,1065,1064,1064,1063,1063,1062,1061,1060,1060,1059,1058,1057,1056,1055,1054,1053,1052,1051,1050,1049,1048,1047,1046,1045,1044,1043,1042,1041,1040,1039,1038,1037,1036,1035,1034,1034,1033,1032,1031,1030,1030,1029,1028,1028,1027,1027,1026,1026,1025,1025,1025,1025,1024,1024,1024,1024,1024,1024,1024,1024,1024,1024,1024,1024,1024,1024,1024,1024,1024,1024,1024,1024,1024,1024,1024,1024

lead:aVF
count:520
points:1024,1024,1024,1024,1024,1024,1024,1024,1024,1024,1024,1024,1024,1024,1024,1024,1024,1024,1024,1024,1024,1024,1024,1024,1024,1024,1024,1024,1024,1024,1024,1024,1024,1024,1024,1024,1024,1024,1024,1024,1024,1024,1024,1024,1024,1024,1024,1024,1024,1024,1024,1024,1024,1024,1024,1024,1024,1024,1024,1024,1024,1024,1024,1024,1024,1024,1024,1024,1024,1024,1024,1024,1024,1024,1024,1024,1024,1024,1024,1024,1024,1024,1024,1024,1024,1024,1024,1024,1024,1024,1024,1024,1024,1024,1024,1024,1024,1024,1024,1024,1024,1024,1024,1024,1024,1024,1024,1024,1024,1024,1024,1024,1024,1024,1024,1024,1024,1024,1024,1024,1024,1024,1024,1024,1024,1024,1024,1024,1024,1024,1023,1023,1023,1023,1023,1022,1022,1021,1021,1020,1019,1018,1018,1016,1015,1014,1013,1011,1009,1007,1005,1003,1000,994,994,989,984,978,973,968,963,957,952,947,941,962,982,1003,1023,1044,1064,1084,1105,1125,1146,1166,1187,1207,1228,1248,1269,1289,1310,1330,1351,1371,1391,1412,1432,1473,1473,1453,1434,1414,1394,1375,1355,1336,1317,1298,1280,1262,1244,1226,1209,1192,1176,1160,1145,1130,1116,1102,1089,1076,1064,1053,1042,1032,1023,1014,1006,999,993,987,982,978,974,971,969,968,968,979,989,997,1004,1009,1014,1017,1020,1021,1023,1023,1024,1024,1024,1024,1024,1024,1024,1024,1024,1024,1024,1024,1024,1024,1024,1024,1024,1024,1024,1024,1024,1024,1024,1024,1024,1024,1024,1024,1024,1024,1024,1024,1024,1024,1024,1024,1024,1024,1024,1024,1024,1024,1024,1024,1024,1024,1024,1024,1024,1024,1024,1024,1024,1024,1024,1024,1024,1024,1024,1024,1024,1024,1024,1024,1024,1024,1024,1024,1024,1024,1024,1024,1024,1024,1024,1024,1024,1024,1024,1024,1024,1024,1024,1024,1024,1024,1024,1024,1024,1025,1025,1025,1026,1026,1027,1027,1028,1029,1029,1030,1031,1032,1033,1034,1035,1036,1037,1038,1039,1040,1042,1043,1044,1046,1047,1048,1050,1051,1053,1055,1056,1058,1059,1061,1063,1064,1066,1068,1070,1071,1073,1075,1077,1079,1081,1082,1084,1086,1088,1090,1092,1093,1095,1097,1099,1101,1102,1104,1106,1108,1109,1111,1113,1114,1116,1118,1119,1121,1122,1124,1125,1127,1128,1129,1131,1132,1133,1134,1135,1137,1138,1139,1140,1140,1141,1142,1143,1144,1144,1145,1145,1146,1146,1147,1147,1147,1148,1148,1148,1148,1148,1148,1148,1148,1147,1147,1146,1145,1144,1143,1142,1140,1139,1137,1136,1134,1132,1130,1128,1126,1123,1121,1119,1116,1114,1111,1109,1106,1103,1100,1097,1095,1092,1089,1086,1083,1080,1078,1075,1072,1069,1066,1064,1061,1058,1056,1053,1051,1049,1046,1044,1042,1040,1038,1037,1035,1033,1032,1031,1029,1028,1027,1026,1026,1025,1025,1024,1024,1024,1024,1024,1024,1024,1024,1024,1024,1024,1024,1024,1024,1024,1024,1024,1024,1024,1024,1024,1024

lead:V1
count:520
points:1024,1024,1024,1024,1024,1024,1024,1024,1024,1024,1024,1024,1024,1024,1024,1024,1024,1024,1024,1024,1024,1024,1024,1024,1024,1024,1024,1024,1024,1024,1024,1024,1024,1024,1024,1024,1024,1024,1024,1024,1024,1024,1024,1024,1024,1024,1024,1024,1024,1024,1024,1024,1024,1024,1024,1024,1024,1024,1024,1024,1024,1024,1024,1024,1024,1024,1024,1024,1024,1024,1024,1024,1024,1024,1024,1024,1024,1024,1024,1024,1024,1024,1024,1024,1024,1024,1024,1024,1024,1024,1024,1024,1024,1024,1024,1024,1024,1024,1024,1024,1024,1024,1024,1024,1024,1024,1024,1024,1024,1024,1024,1024,1024,1024,1024,1024,1024,1024,1024,1024,1024,1024,1024,1024,1024,1024,1024,1024,1024,1024,1024,1024,1024,1024,1024,1025,1025,1025,1025,1025,1026,1026,1026,1026,1027,1027,1028,1028,1029,1030,1030,1031,1032,1034,1034,1034,1035,1036,1037,1039,1041,1043,1046,1048,1051,1051,1050,1048,1045,1042,1037,1032,1027,1020,1013,1006,997,989,979,969,959,948,937,925,913,901,888,876,863,837,837,827,817,807,797,787,777,767,758,748,739,730,720,712,703,694,686,678,670,663,655,648,642,635,629,624,618,613,608,604,600,596,593,590,587,585,583,582,581,580,580,669,745,809,862,906,941,969,989,1004,1014,1020,1023,1024,1024,1025,1025,1026,1027,1027,1028,1029,1029,1030,1030,1031,1032,1032,1033,1034,1034,1035,1036,1036,1037,1038,1038,1039,1039,1040,1041,1041,1042,1043,1043,1044,1045,1045,1046,1047,1047,1048,1049,1049,1050,1050,1051,1052,1052,1053,1054,1054,1055,1056,1056,1057,1058,1058,1059,1060,1060,1061,1061,1062,1063,1063,1064,1065,1065,1066,1067,1067,1068,1069,1069,1070,1070,1071,1072,1072,1073,1074,1074,1075,1076,1077,1077,1077,1077,1077,1077,1078,1078,1078,1078,1079,1079,1080,1080,1081,1082,1082,1083,1084,1085,1085,1086,1087,1088,1089,1090,1091,1093,1094,1095,1096,1097,1099,1100,1101,1103,1104,1106,1107,1108,1110,1111,1113,1115,1116,1118,1119,1121,1122,1124,1126,1127,1129,1131,1132,1134,1136,1137,1139,1140,1142,1144,1145,1147,1148,1150,1152,1153,1155,1156,1158,1159,1160,1162,1163,1164,1166,1167,1168,1170,1171,1172,1173,1174,1175,1176,1177,1178,1179,1180,1181,1181,1182,1183,1183,1184,1185,1185,1186,1186,1186,1187,1187,1187,1187,1187,1188,1188,1187,1187,1187,1186,1185,1184,1183,1182,1181,1179,1177,1175,1173,1171,1169,1166,1164,1161,1158,1155,1152,1149,1146,1142,1139,1135,1132,1128,1125,1121,1117,1113,1110,1106,1102,1098,1094,1091,1087,1083,1080,1076,1073,1069,1066,1063,1060,1056,1054,1051,1048,1045,1043,1041,1038,1036,1034,1033,1031,1030,1028,1027,1026,1025,1025,1024,1024,1024,1024,1024,1024,1024,1024,1024,1024,1024,1024,1024,1024,1024,1024,1024,1024,1024,1024,1024,1024

lead:V2
count:520
points:1024,1024,1024,1024,1024,1024,1024,1024,1024,1024,1024,1024,1024,1024,1024,1024,1024,1024,1024,1024,1024,1024,1024,1024,1024,1024,1024,1024,1024,1024,1024,1024,1024,1024,1024,1024,1024,1024,1024,1024,1024,1024,1024,1024,1024,1024,1024,1024,1024,1024,1024,1024,1024,1024,1024,1024,1024,1024,1024,1024,1024,1024,1024,1024,1024,1024,1024,1024,1024,1024,1024,1024,1024,1024,1024,1024,1024,1024,1024,1024,1024,1024,1024,1024,1024,1024,1024,1024,1024,1024,1024,1024,1024,1024,1024,1024,1024,1024,1024,1024,1024,1024,1024,1024,1024,1024,1024,1024,1024,1024,1024,1024,1024,1024,1024,1024,1024,1024,1024,1024,1024,1024,1024,1024,1024,1024,1024,1024,1024,1024,1024,1024,1024,1024,1024,1024,1024,1024,1024,1024,1024,1024,1024,1024,1024,1024,1024,1024,1024,1024,1024,1024,1024,1024,1024,1024,1024,1024,1024,1024,1024,1024,1024,1024,1024,1024,1025,1026,1028,1030,1032,1035,1039,1042,1047,1051,1056,1062,1067,1073,1079,1086,1093,1100,1107,1114,1122,1129,1137,1152,1152,1127,1102,1077,1052,1027,1003,979,955,931,907,884,862,840,818,797,776,756,737,718,700,683,666,650,635,620,607,594,582,571,561,552,544,537,530,525,521,517,515,513,513,615,702,776,838,888,929,960,984,1001,1012,1019,1023,1024,1024,1025,1025,1026,1027,1028,1028,1029,1030,1031,1031,1032,1033,1034,1034,1035,1036,1037,1037,1038,1039,1040,1040,1041,1042,1043,1043,1044,1045,1046,1046,1047,1048,1049,1049,1050,1051,1052,1052,1053,1054,1055,1055,1056,1057,1058,1058,1059,1060,1061,1061,1062,1063,1064,1064,1065,1066,1067,1067,1068,1069,1070,1070,1071,1072,1073,1073,1074,1075,1076,1076,1077,1078,1079,1079,1080,1081,1082,1082,1083,1084,1085,1085,1085,1086,1086,1086,1086,1087,1087,1088,1089,1089,1090,1091,1092,1093,1094,1096,1097,1098,1100,1101,1103,1104,1106,1108,1110,1112,1113,1115,1118,1120,1122,1124,1126,1129,1131,1133,1136,1138,1141,1143,1146,1148,1151,1153,1156,1159,1161,1164,1167,1170,1172,1175,1178,1181,1183,1186,1189,1191,1194,1197,1200,1202,1205,1207,1210,1213,1215,1218,1220,1222,1225,1227,1229,1232,1234,1236,1238,1240,1242,1244,1246,1248,1250,1251,1253,1254,1256,1257,1259,1260,1261,1262,1263,1264,1265,1266,1267,1268,1268,1269,1269,1270,1270,1270,1270,1270,1270,1270,1269,1268,1267,1266,1264,1262,1260,1257,1255,1252,1249,1245,1242,1238,1234,1230,1226,1221,1217,1212,1207,1202,1197,1192,1186,1181,1175,1170,1164,1158,1153,1147,1141,1136,1130,1124,1119,1113,1108,1103,1097,1092,1087,1082,1078,1073,1068,1064,1060,1056,1052,1049,1046,1042,1040,1037,1034,1032,1030,1029,1027,1026,1025,1025,1024,1024,1024,1024,1024,1024,1024,1024,1024,1024,1024,1024,1024,1024,1024,1024,1024,1024,1024,1024,1024

lead:V3
count:520
points:1024,1024,1024,1024,1024,1024,1024,1024,1024,1024,1024,1024,1024,1024,1024,1024,1024,1024,1024,1024,1024,1024,1024,1024,1024,1024,1024,1024,1024,1024,1024,1024,1024,1024,1024,1024,1024,1024,1024,1024,1024,1024,1024,1024,1024,1024,1024,1024,1024,1024,1024,1024,1024,1024,1024,1024,1024,1024,1024,1024,1024,1024,1024,1024,1024,1024,1024,1024,1024,1024,1024,1024,1024,1024,1024,1024,1024,1024,1024,1024,1024,1024,1024,1024,1024,1024,1024,1024,1024,1024,1024,1024,1024,1024,1024,1024,1024,1024,1024,1024,1024,1024,1024,1024,1024,1024,1024,1024,1024,1024,1024,1024,1024,1024,1024,1024,1024,1024,1024,1024,1024,1024,1024,1024,1024,1024,1024,1024,1024,1024,1024,1024,1024,1024,1024,1023,1023,1023,1023,1023,1022,1022,1022,1022,1021,1021,1020,1020,1019,1018,1018,1017,1016,1014,1014,1014,1013,1012,1011,1009,1007,1005,1002,1000,997,998,1000,1004,1010,1017,1026,1037,1048,1062,1077,1093,1110,1129,1149,1170,1192,1215,1238,1263,1288,1314,1340,1367,1394,1448,1448,1412,1375,1339,1303,1267,1232,1197,1162,1127,1094,1060,1028,995,964,933,904,875,847,819,793,768,744,721,699,678,658,640,623,607,592,579,567,557,547,540,533,528,525,522,522,622,708,780,841,891,930,961,984,1001,1012,1019,1023,1024,1024,1025,1025,1026,1027,1028,1028,1029,1030,1031,1031,1032,1033,1034,1034,1035,1036,1037,1037,1038,1039,1040,1040,1041,1042,1043,1043,1044,1045,1045,1046,1047,1048,1048,1049,1050,1051,1051,1052,1053,1054,1054,1055,1056,1057,1057,1058,1059,1060,1060,1061,1062,1063,1063,1064,1065,1065,1066,1067,1068,1068,1069,1070,1071,1071,1072,1073,1074,1074,1075,1076,1077,1077,1078,1079,1080,1080,1081,1082,1083,1083,1085,1085,1085,1085,1085,1086,1086,1087,1087,1088,1089,1090,1091,1092,1093,1095,1096,1097,1099,1101,1103,1104,1106,1108,1111,1113,1115,1117,1120,1122,1125,1127,1130,1133,1136,1139,1142,1145,1148,1151,1154,1157,1160,1163,1167,1170,1173,1177,1180,1183,1187,1190,1193,1197,1200,1204,1207,1211,1214,1217,1221,1224,1228,1231,1234,1237,1241,1244,1247,1250,1253,1256,1259,1262,1265,1268,1271,1273,1276,1278,1281,1283,1286,1288,1290,1292,1294,1296,1298,1300,1302,1303,1305,1306,1307,1309,1310,1311,1312,1313,1313,1314,1315,1315,1316,1316,1316,1316,1316,1315,1315,1313,1312,1310,1308,1306,1304,1301,1298,1294,1290,1286,1282,1278,1273,1268,1263,1258,1252,1247,1241,1235,1229,1223,1216,1210,1203,1197,1190,1183,1177,1170,1163,1157,1150,1143,1137,1130,1124,1117,1111,1105,1099,1093,1087,1082,1077,1072,1067,1062,1058,1053,1050,1046,1042,1039,1036,1034,1032,1030,1028,1026,1025,1025,1024,1024,1024,1024,1024,1024,1024,1024,1024,1024,1024,1024,1024,1024,1024,1024,1024,1024,1024,1024,1024

lead:V4
count:520
points:1024,1024,1024,1024,1024,1024,1024,1024,1024,1024,1024,1024,1024,1024,1024,1024,1024,1024,1024,1024,1024,1024,1024,1024,1024,1024,1024,1024,1024,1024,1024,1024,1024,1024,1024,1024,1024,1024,1024,1024,1024,1024,1024,1024,1024,1024,1024,1024,1024,1024,1024,1024,1024,1024,1024,1024,1024,1024,1024,1024,1024,1024,1024,1024,1024,1024,1024,1024,1024,1024,1024,1024,1024,1024,1024,1024,1024,1024,1024,1024,1024,1024,1024,1024,1024,1024,1024,1024,1024,1024,1024,1024,1024,1024,1024,1024,1024,1024,1024,1024,1024,1024,1024,1024,1024,1024,1024,1024,1024,1024,1024,1024,1024,1024,1024,1024,1024,1024,1024,1024,1024,1024,1024,1024,1024,1024,1024,1024,1024,1024,1024,1024,1023,1023,1023,1023,1023,1022,1022,1022,1021,1021,1020,1019,1019,1018,1017,1016,1015,1014,1012,1011,1009,1006,1006,1005,1004,1002,1000,996,992,988,983,978,973,974,978,985,994,1005,1019,1036,1055,1076,1099,1125,1152,1182,1213,1246,1281,1317,1354,1393,1433,1473,1515,1557,1599,1685,1685,1643,1601,1559,1517,1475,1434,1393,1353,1313,1273,1235,1197,1159,1123,1087,1053,1019,987,955,925,895,867,840,815,791,768,747,727,708,691,676,662,650,639,630,623,617,613,610,610,692,763,823,873,914,947,972,991,1005,1014,1020,1023,1024,1024,1025,1025,1026,1026,1027,1028,1028,1029,1030,1030,1031,1031,1032,1033,1033,1034,1034,1035,1036,1036,1037,1038,1038,1039,1039,1040,1041,1041,1042,1042,1043,1044,1044,1045,1046,1046,1047,1047,1048,1049,1049,1050,1050,1051,1052,1052,1053,1054,1054,1055,1055,1056,1057,1057,1058,1059,1059,1060,1060,1061,1062,1062,1063,1063,1064,1065,1065,1066,1067,1067,1068,1068,1069,1070,1070,1071,1071,1072,1073,1073,1075,1075,1075,1075,1075,1075,1076,1076,1077,1078,1079,1080,1081,1082,1083,1085,1086,1088,1090,1091,1093,1095,1097,1099,1102,1104,1106,1109,1111,1114,1117,1119,1122,1125,1128,1131,1134,1137,1140,1144,1147,1150,1154,1157,1160,1164,1167,1171,1174,1178,1182,1185,1189,1192,1196,1200,1203,1207,1210,1214,1217,1221,1224,1228,1231,1235,1238,1242,1245,1248,1251,1255,1258,1261,1264,1267,1270,1272,1275,1278,1280,1283,1285,1288,1290,1292,1295,1297,1299,1300,1302,1304,1306,1307,1308,1310,1311,1312,1313,1314,1315,1315,1316,1316,1317,1317,1317,1317,1317,1317,1316,1315,1313,1312,1310,1307,1305,1302,1299,1295,1292,1288,1283,1279,1274,1269,1264,1259,1254,1248,1242,1236,1230,1224,1217,1211,1204,1198,1191,1184,1177,1171,1164,1157,1150,1144,1137,1131,1124,1118,1111,1105,1099,1093,1088,1082,1077,1072,1067,1062,1058,1054,1050,1046,1043,1039,1036,1034,1032,1030,1028,1026,1025,1025,1024,1024,1024,1024,1024,1024,1024,1024,1024,1024,1024,1024,1024,1024,1024,1024,1024,1024,1024,1024,1024

lead:V5
count:520
points:1024,1024,1024,1024,1024,1024,1024,1024,1024,1024,1024,1024,1024,1024,1024,1024,1024,1024,1024,1024,1024,1024,1024,1024,1024,1024,1024,1024,1024,1024,1024,1024,1024,1024,1024,1024,1024,1024,1024,1024,1024,1024,1024,1024,1024,1024,1024,1024,1024,1024,1024,1024,1024,1024,1024,1024,1024,1024,1024,1024,1024,1024,1024,1024,1024,1024,1024,1024,1024,1024,1024,1024,1024,1024,1024,1024,1024,1024,1024,1024,1024,1024,1024,1024,1024,1024,1024,1024,1024,1024,1024,1024,1024,1024,1024,1024,1024,1024,1024,1024,1024,1024,1024,1024,1024,1024,1024,1024,1024,1024,1024,1024,1024,1024,1024,1024,1024,1024,1024,1024,1024,1024,1024,1024,1024,1024,1024,1024,1024,1024,1024,1023,1023,1023,1023,1023,1022,1022,1021,1021,1020,1020,1019,1018,1017,1016,1015,1014,1012,1011,1009,1007,1005,1000,1000,1000,998,996,992,988,983,977,971,964,958,959,964,972,983,997,1013,1033,1056,1082,1110,1140,1174,1209,1247,1287,1329,1372,1417,1464,1512,1561,1611,1662,1713,1816,1816,1775,1733,1692,1651,1610,1569,1529,1489,1450,1411,1373,1336,1299,1263,1228,1194,1161,1129,1098,1068,1039,1012,985,960,936,914,893,873,855,839,824,810,798,787,778,771,765,761,758,758,811,857,895,927,953,974,991,1003,1012,1018,1021,1023,1024,1024,1024,1025,1025,1026,1026,1026,1027,1027,1028,1028,1028,1029,1029,1030,1030,1030,1031,1031,1032,1032,1032,1033,1033,1034,1034,1034,1035,1035,1036,1036,1036,1037,1037,1038,1038,1038,1039,1039,1040,1040,1040,1041,1041,1042,1042,1042,1043,1043,1044,1044,1044,1045,1045,1046,1046,1046,1047,1047,1048,1048,1048,1049,1049,1050,1050,1050,1051,1051,1052,1052,1052,1053,1053,1054,1054,1054,1055,1055,1056,1056,1057,1057,1057,1057,1057,1058,1058,1059,1059,1060,1061,1062,1063,1064,1065,1066,1067,1069,1070,1072,1074,1075,1077,1079,1081,1083,1085,1088,1090,1092,1095,1097,1100,1102,1105,1108,1110,1113,1116,1119,1122,1125,1128,1131,1134,1137,1140,1143,1146,1149,1153,1156,1159,1162,1165,1169,1172,1175,1178,1182,1185,1188,1191,1194,1197,1200,1203,1206,1209,1212,1215,1218,1221,1223,1226,1229,1231,1234,1236,1239,1241,1243,1246,1248,1250,1252,1254,1256,1257,1259,1261,1262,1264,1265,1266,1267,1268,1269,1270,1271,1272,1272,1273,1273,1274,1274,1274,1274,1274,1274,1273,1272,1271,1269,1268,1266,1263,1261,1258,1255,1252,1249,1245,1241,1237,1233,1229,1224,1220,1215,1210,1205,1200,1194,1189,1183,1178,1172,1166,1161,1155,1149,1143,1138,1132,1126,1120,1115,1109,1104,1099,1093,1088,1083,1078,1074,1069,1065,1061,1057,1053,1049,1046,1043,1040,1037,1035,1032,1030,1029,1027,1026,1025,1025,1024,1024,1024,1024,1024,1024,1024,1024,1024,1024,1024,1024,1024,1024,1024,1024,1024,1024,1024,1024,1024

lead:V6
count:520
points:1024,1024,1024,1024,1024,1024,1024,1024,1024,1024,1024,1024,1024,1024,1024,1024,1024,1024,1024,1024,1024,1024,1024,1024,1024,1024,1024,1024,1024,1024,1024,1024,1024,1024,1024,1024,1024,1024,1024,1024,1024,1024,1024,1024,1024,1024,1024,1024,1024,1024,1024,1024,1024,1024,1024,1024,1024,1024,1024,1024,1024,1024,1024,1024,1024,1024,1024,1024,1024,1024,1024,1024,1024,1024,1024,1024,1024,1024,1024,1024,1024,1024,1024,1024,1024,1024,1024,1024,1024,1024,1024,1024,1024,1024,1024,1024,1024,1024,1024,1024,1024,1024,1024,1024,1024,1024,1024,1024,1024,1024,1024,1024,1024,1024,1024,1024,1024,1024,1024,1024,1024,1024,1024,1024,1024,1024,1024,1024,1024,1024,1024,1023,1023,1023,1023,1022,1022,1022,1021,1021,1020,1019,1018,1017,1016,1015,1014,1013,1011,1009,1008,1006,1003,998,998,994,989,985,980,975,971,966,962,957,952,986,1020,1053,1087,1121,1154,1188,1222,1255,1289,1323,1356,1390,1424,1457,1491,1525,1558,1592,1626,1659,1693,1727,1760,1828,1828,1793,1759,1724,1690,1656,1622,1589,1556,1523,1491,1459,1428,1398,1368,1339,1310,1283,1256,1230,1205,1181,1158,1136,1115,1096,1077,1059,1043,1028,1014,1002,990,980,972,964,958,953,950,947,947,963,976,987,996,1004,1010,1014,1018,1021,1022,1023,1024,1024,1024,1024,1024,1024,1024,1025,1025,1025,1025,1025,1025,1025,1025,1026,1026,1026,1026,1026,1026,1026,1026,1027,1027,1027,1027,1027,1027,1027,1027,1028,1028,1028,1028,1028,1028,1028,1028,1029,1029,1029,1029,1029,1029,1029,1029,1030,1030,1030,1030,1030,1030,1030,1030,1031,1031,1031,1031,1031,1031,1031,1031,1032,1032,1032,1032,1032,1032,1032,1032,1033,1033,1033,1033,1033,1033,1033,1033,1034,1034,1034,1034,1034,1034,1034,1034,1035,1035,1035,1035,1036,1036,1037,1038,1038,1039,1040,1041,1042,1043,1044,1045,1046,1048,1049,1051,1052,1053,1055,1057,1058,1060,1062,1064,1065,1067,1069,1071,1073,1075,1077,1079,1082,1084,1086,1088,1090,1093,1095,1097,1100,1102,1104,1107,1109,1111,1114,1116,1118,1121,1123,1125,1128,1130,1132,1135,1137,1139,1141,1143,1146,1148,1150,1152,1154,1156,1158,1160,1162,1164,1165,1167,1169,1171,1172,1174,1175,1177,1178,1179,1181,1182,1183,1184,1185,1186,1187,1188,1189,1190,1190,1191,1191,1192,1192,1192,1193,1193,1193,1193,1193,1193,1192,1192,1191,1190,1189,1187,1186,1184,1182,1180,1178,1176,1173,1171,1168,1165,1162,1159,1156,1153,1150,1146,1143,1139,1135,1132,1128,1124,1120,1116,1112,1108,1105,1101,1097,1093,1089,1085,1082,1078,1074,1071,1067,1064,1061,1058,1055,1052,1049,1046,1043,1041,1039,1037,1035,1033,1031,1030,1028,1027,1026,1025,1025,1024,1024,1024,1024,1024,1024,1024,1024,1024,1024,1024,1024,1024,1024,1024,1024,1024,1024,1024,1024,1024,1024

