pathology:atrflu
group:arrhythmia
title:Atrial flutter (TA) 75:1 aVF HRCD1
name:Трепетание предсердий
leads:12

lead:I
count:0
points:

lead:II
count:0
points:

lead:III
count:700
points:1024,1024,1024,1024,1025,1025,1026,1026,1027,1028,1029,1029,1031,1032,1033,1034,1035,1037,1038,1040,1041,1043,1044,1046,1048,1050,1052,1053,1055,1057,1059,1061,1063,1065,1067,1069,1071,1073,1075,1076,1078,1080,1082,1084,1085,1087,1089,1090,1092,1093,1095,1096,1097,1098,1099,1100,1101,1102,1103,1104,1104,1105,1105,1106,1106,1106,1106,1106,1106,1106,1106,1105,1105,1105,1104,1104,1103,1103,1102,1102,1101,1100,1099,1099,1098,1097,1096,1095,1094,1093,1092,1091,1090,1088,1087,1086,1085,1083,1082,1081,1080,1078,1077,1076,1074,1073,1071,1070,1069,1067,1066,1065,1063,1062,1061,1059,1058,1057,1055,1054,1053,1052,1051,1049,1048,1047,1046,1045,1044,1043,1042,1042,1041,1040,1039,1039,1038,1037,1037,1036,1036,1036,1035,1035,1035,1034,1034,1034,1034,1034,1034,1035,1035,1036,1036,1037,1038,1039,1040,1041,1043,1044,1046,1047,1049,1051,1053,1055,1057,1059,1062,1064,1067,1069,1072,1075,1078,1081,1084,1087,1090,1093,1097,1100,1103,1107,1110,1114,1118,1121,1125,1129,1133,1137,1141,1145,1148,1152,1156,1160,1164,1172,1172,1186,1199,1213,1226,1240,1253,1267,1280,1294,1307,1321,1334,1348,1361,1375,1388,1402,1415,1429,1442,1456,1469,1420,1371,1324,1278,1235,1195,1158,1125,1097,1073,1054,1040,1032,1029,1029,1029,1029,1030,1030,1030,1031,1031,1032,1032,1033,1034,1034,1035,1036,1037,1038,1039,1040,1041,1043,1044,1045,1046,1048,1049,1051,1052,1054,1055,1057,1058,1060,1062,1063,1065,1067,1068,1070,1072,1073,1075,1076,1076,1077,1078,1078,1079,1079,1080,1081,1081,1082,1082,1083,1083,1084,1084,1085,1085,1086,1086,1087,1087,1088,1088,1089,1089,1090,1090,1090,1091,1091,1092,1092,1092,1093,1093,1093,1094,1094,1094,1094,1094,1095,1095,1095,1095,1095,1095,1095,1096,1096,1096,1096,1096,1096,1095,1095,1095,1094,1094,1093,1093,1092,1091,1090,1089,1088,1086,1085,1084,1082,1081,1079,1078,1076,1074,1072,1071,1069,1067,1065,1063,1061,1059,1057,1055,1053,1051,1050,1048,1046,1044,1042,1040,1039,1037,1035,1034,1032,1031,1029,1028,1027,1026,1025,1024,1023,1022,1021,1021,1020,1020,1019,1019,1019,1019,1019,1019,1019,1019,1020,1020,1020,1021,1021,1022,1022,1023,1023,1024,1025,1026,1027,1028,1028,1029,1031,1032,1033,1034,1035,1036,1038,1039,1040,1042,1043,1044,1046,1047,1049,1050,1052,1054,1055,1057,1058,1060,1062,1063,1065,1067,1070,1070,1071,1072,1073,1074,1074,1075,1076,1077,1078,1079,1079,1080,1081,1082,1083,1083,1084,1085,1086,1086,1087,1088,1089,1089,1090,1091,1091,1092,1092,1093,1094,1094,1095,1095,1096,1096,1097,1097,1097,1098,1098,1098,1099,1099,1099,1100,1100,1100,1100,1100,1100,1101,1101,1101,1101,1101,1101,1101,1101,1100,1100,1100,1099,1099,1098,1098,1097,1096,1096,1095,1094,1093,1092,1091,1090,1089,1088,1087,1086,1085,1084,1083,1081,1080,1079,1078,1077,1076,1075,1074,1072,1071,1070,1069,1068,1068,1067,1066,1065,1064,1064,1063,1062,1062,1061,1061,1061,1060,1060,1060,1060,1060,1060,1060,1060,1060,1060,1060,1061,1061,1061,1061,1062,1062,1062,1063,1063,1063,1064,1064,1065,1065,1066,1066,1067,1068,1068,1069,1069,1070,1071,1071,1072,1073,1074,1074,1075,1076,1077,1077,1078,1079,1080,1080,1081,1082,1083,1083,1084,1085,1086,1086,1087,1088,1089,1089,1090,1091,1091,1092,1092,1093,1094,1094,1095,1095,1096,1096,1097,1097,1098,1098,1098,1099,1099,1099,1100,1100,1100,1100,1100,1101,1101,1101,1101,1101,1101,1101,1100,1100,1099,1099,1098,1097,1097,1096,1095,1093,1092,1091,1090,1088,1087,1085,1083,1082,1080,1078,1076,1074,1072,1070,1068,1066,1064,1062,1060,1058,1056,1054,1052,1051,1049,1047,1045,1043,1041,1040,1038,1037,1035,1034,1033,1031,1030,1029,1028,1027,1027,1026,1025,1025,1024,1024,1024

lead:aVR
count:700
points:1024,1024,1024,1023,1022,1022,1020,1019,1018,1016,1014,1012,1010,1008,1005,1002,1000,997,993,990,987,983,980,976,972,968,964,960,956,952,948,944,940,935,931,927,923,919,914,910,906,902,898,895,891,887,884,881,877,874,871,868,866,863,861,859,856,855,853,852,850,849,848,848,847,847,847,847,847,847,848,849,850,851,852,854,856,858,860,862,864,867,869,872,875,878,881,885,888,892,896,899,903,907,911,916,920,924,929,933,938,943,947,952,957,961,966,971,976,980,985,990,994,999,1004,1008,1013,1017,1022,1026,1030,1034,1038,1042,1046,1050,1053,1057,1060,1063,1067,1070,1072,1075,1078,1080,1082,1084,1086,1088,1089,1091,1092,1093,1093,1094,1095,1095,1095,1095,1094,1094,1093,1092,1091,1090,1088,1086,1084,1082,1079,1076,1073,1070,1067,1063,1060,1056,1052,1047,1043,1038,1033,1028,1023,1018,1012,1007,1001,995,989,983,976,970,963,957,950,943,936,929,922,915,907,900,893,885,878,870,862,855,847,832,832,814,797,779,761,744,726,709,691,673,656,638,621,603,585,568,550,533,515,497,480,462,445,514,582,649,713,773,830,881,928,968,1001,1028,1047,1059,1062,1062,1062,1062,1061,1060,1059,1058,1057,1055,1054,1052,1050,1048,1045,1043,1040,1038,1035,1032,1028,1025,1022,1018,1015,1011,1007,1003,999,995,990,986,982,977,973,968,964,959,954,950,945,940,935,931,927,923,920,916,912,908,904,900,896,893,889,885,881,878,874,871,867,864,861,857,854,851,848,845,842,839,836,834,831,829,826,824,822,820,818,816,814,812,810,809,808,806,805,804,803,802,801,801,800,800,800,799,799,800,800,801,803,804,807,809,812,816,819,823,828,832,837,843,849,854,861,867,874,881,888,895,903,910,918,926,934,941,949,957,965,973,981,989,997,1005,1012,1020,1027,1034,1041,1048,1054,1061,1066,1072,1077,1083,1087,1092,1096,1099,1103,1106,1108,1111,1112,1114,1115,1115,1116,1116,1115,1115,1115,1114,1113,1112,1111,1110,1109,1108,1106,1105,1103,1101,1099,1097,1095,1092,1090,1087,1085,1082,1079,1076,1073,1070,1067,1064,1060,1057,1054,1050,1046,1043,1039,1035,1031,1028,1024,1020,1016,1012,1008,1004,1000,991,991,988,984,981,977,973,970,966,963,959,955,952,949,945,942,938,935,932,929,925,922,919,916,913,910,908,905,902,900,897,895,892,890,888,885,883,881,879,878,876,874,873,871,870,869,868,867,866,865,864,863,863,862,862,862,861,861,862,862,863,865,866,868,871,874,877,880,884,889,893,898,903,908,914,920,926,932,938,945,951,958,965,972,979,986,993,999,1006,1013,1020,1027,1033,1039,1046,1052,1057,1063,1068,1073,1078,1083,1087,1091,1094,1097,1100,1103,1105,1107,1108,1109,1110,1110,1110,1109,1109,1108,1107,1106,1105,1103,1101,1100,1097,1095,1093,1090,1087,1084,1081,1077,1074,1070,1066,1062,1058,1054,1050,1045,1041,1036,1031,1026,1021,1016,1011,1005,1000,995,989,984,978,973,967,962,956,951,945,940,934,929,924,918,913,908,903,898,893,888,883,879,874,870,866,861,857,854,850,846,843,840,837,834,831,829,826,824,822,821,819,818,817,816,815,815,814,814,814,815,815,816,818,819,821,823,826,828,831,834,838,841,845,849,853,857,862,867,871,876,881,887,892,897,903,908,914,919,925,930,935,941,946,951,957,962,967,972,976,981,985,989,993,997,1001,1004,1007,1010,1013,1015,1017,1019,1020,1022,1023,1023,1024

lead:aVL
count:700
points:1024,1024,1024,1024,1024,1024,1024,1024,1025,1025,1025,1025,1025,1026,1026,1026,1026,1027,1027,1027,1028,1028,1028,1029,1029,1030,1030,1030,1031,1031,1032,1032,1032,1033,1033,1034,1034,1035,1035,1035,1036,1036,1037,1037,1037,1038,1038,1038,1039,1039,1039,1040,1040,1040,1040,1041,1041,1041,1041,1041,1041,1041,1042,1042,1042,1042,1042,1042,1042,1042,1041,1041,1041,1041,1040,1040,1039,1039,1039,1038,1037,1037,1036,1035,1035,1034,1033,1032,1031,1030,1030,1029,1028,1027,1026,1024,1023,1022,1021,1020,1019,1018,1017,1015,1014,1013,1012,1011,1010,1008,1007,1006,1005,1004,1002,1001,1000,999,998,997,996,995,994,993,992,991,990,989,988,988,987,986,985,985,984,983,983,982,982,981,981,981,980,980,980,980,980,980,980,980,980,980,980,980,980,980,980,980,980,980,980,980,981,981,981,981,981,981,982,982,982,982,982,983,983,983,983,984,984,984,984,985,985,985,986,986,986,986,987,987,987,988,988,988,989,989,989,990,990,990,991,991,991,988,985,982,979,976,973,970,967,964,961,957,954,951,948,945,942,939,936,933,930,927,923,932,941,949,957,964,971,978,984,989,993,996,998,1000,1000,1000,1000,1001,1001,1001,1001,1001,1001,1002,1002,1002,1003,1003,1004,1004,1004,1005,1006,1006,1007,1007,1008,1009,1009,1010,1011,1011,1012,1013,1014,1015,1015,1016,1017,1018,1019,1020,1020,1021,1022,1023,1024,1025,1027,1028,1030,1031,1033,1034,1036,1037,1038,1040,1041,1043,1044,1045,1047,1048,1049,1050,1052,1053,1054,1055,1056,1057,1058,1060,1061,1062,1062,1063,1064,1065,1066,1067,1068,1068,1069,1070,1070,1071,1071,1072,1072,1073,1073,1073,1073,1074,1074,1074,1074,1074,1074,1074,1074,1074,1073,1073,1072,1071,1071,1070,1068,1067,1066,1065,1063,1062,1060,1058,1056,1055,1053,1051,1049,1047,1044,1042,1040,1038,1035,1033,1031,1028,1026,1024,1021,1019,1017,1015,1013,1010,1008,1006,1004,1002,1000,999,997,995,994,992,991,990,988,987,986,985,985,984,984,983,983,983,983,983,983,983,983,983,983,983,983,983,984,984,984,984,984,985,985,985,986,986,986,987,987,987,988,988,989,989,990,990,990,991,991,992,993,993,994,994,995,995,996,996,997,997,998,999,999,1000,1000,1001,1003,1004,1005,1006,1007,1008,1009,1010,1011,1012,1013,1014,1015,1016,1017,1018,1019,1020,1021,1022,1023,1023,1024,1025,1026,1027,1028,1028,1029,1030,1030,1031,1032,1032,1033,1033,1034,1034,1035,1035,1036,1036,1037,1037,1037,1038,1038,1038,1038,1038,1039,1039,1039,1039,1039,1039,1039,1038,1038,1037,1036,1035,1034,1033,1032,1031,1029,1028,1026,1024,1022,1020,1018,1016,1014,1011,1009,1007,1004,1002,999,997,994,992,989,987,985,982,980,977,975,973,971,969,967,965,963,961,960,958,957,956,954,953,953,952,951,951,950,950,950,950,950,950,951,951,952,952,953,953,954,955,956,957,958,959,960,961,962,964,965,967,968,970,971,973,975,976,978,980,982,984,986,988,990,992,994,996,998,1000,1002,1004,1006,1008,1010,1013,1015,1017,1019,1021,1023,1025,1027,1029,1031,1033,1034,1036,1038,1040,1041,1043,1044,1046,1047,1049,1050,1051,1053,1054,1055,1056,1057,1058,1059,1059,1060,1061,1061,1061,1062,1062,1062,1062,1062,1062,1062,1062,1062,1062,1061,1061,1061,1060,1060,1059,1059,1058,1057,1057,1056,1055,1055,1054,1053,1052,1051,1050,1049,1048,1047,1046,1045,1044,1043,1042,1041,1040,1039,1038,1037,1036,1035,1034,1034,1033,1032,1031,1030,1030,1029,1028,1028,1027,1027,1026,1026,1025,1025,1025,1024,1024,1024,1024

lead:aVF
count:700
points:1024,1024,1024,1025,1025,1026,1027,1028,1030,1031,1033,1035,1037,1039,1041,1043,1046,1049,1052,1054,1058,1061,1064,1067,1071,1074,1078,1081,1085,1089,1092,1096,1100,1104,1108,1111,1115,1119,1123,1126,1130,1133,1137,1140,1144,1147,1150,1153,1156,1159,1162,1164,1167,1169,1171,1173,1175,1176,1178,1179,1180,1181,1182,1183,1183,1184,1184,1184,1183,1183,1183,1182,1181,1180,1179,1178,1177,1175,1174,1172,1171,1169,1167,1165,1162,1160,1158,1155,1152,1150,1147,1144,1141,1138,1135,1132,1129,1125,1122,1119,1115,1112,1108,1105,1101,1098,1094,1091,1087,1083,1080,1076,1073,1069,1066,1062,1059,1056,1052,1049,1046,1043,1040,1037,1034,1031,1029,1026,1023,1021,1019,1016,1014,1012,1010,1009,1007,1006,1004,1003,1002,1001,1000,999,998,998,998,997,997,998,998,998,999,1000,1001,1003,1004,1006,1008,1010,1013,1015,1018,1021,1024,1027,1031,1035,1039,1043,1047,1052,1056,1061,1066,1071,1076,1082,1087,1093,1099,1105,1111,1117,1123,1129,1136,1142,1149,1156,1163,1170,1177,1184,1191,1198,1205,1212,1219,1227,1234,1249,1249,1269,1290,1311,1331,1352,1373,1394,1414,1435,1456,1476,1497,1518,1538,1559,1580,1600,1621,1642,1663,1683,1704,1626,1549,1474,1402,1334,1271,1213,1161,1116,1078,1048,1027,1014,1009,1009,1010,1010,1010,1011,1012,1013,1014,1015,1016,1018,1019,1021,1023,1025,1027,1029,1032,1034,1037,1040,1042,1045,1048,1051,1054,1058,1061,1064,1068,1071,1075,1079,1082,1086,1090,1093,1097,1101,1105,1109,1113,1115,1118,1120,1123,1125,1128,1130,1132,1135,1137,1140,1142,1144,1147,1149,1151,1153,1156,1158,1160,1162,1164,1166,1168,1170,1172,1173,1175,1177,1178,1180,1181,1183,1184,1186,1187,1188,1189,1190,1191,1192,1193,1194,1195,1195,1196,1197,1197,1198,1198,1198,1198,1198,1198,1198,1198,1197,1196,1195,1193,1191,1189,1187,1184,1181,1178,1175,1171,1167,1163,1159,1155,1150,1145,1141,1136,1130,1125,1120,1114,1109,1103,1097,1092,1086,1080,1075,1069,1063,1058,1052,1047,1042,1037,1032,1027,1022,1017,1013,1009,1005,1001,997,994,991,988,985,983,981,979,977,976,975,974,974,974,974,974,974,975,975,976,977,977,978,979,981,982,983,985,986,988,990,992,994,996,998,1000,1002,1005,1007,1010,1013,1015,1018,1021,1024,1027,1030,1033,1036,1039,1043,1046,1049,1053,1056,1059,1063,1066,1070,1073,1080,1080,1083,1085,1088,1090,1093,1096,1098,1101,1103,1106,1108,1110,1113,1115,1118,1120,1122,1124,1127,1129,1131,1133,1135,1137,1139,1141,1143,1145,1147,1148,1150,1152,1153,1155,1156,1158,1159,1160,1162,1163,1164,1165,1166,1167,1167,1168,1169,1170,1170,1171,1171,1171,1171,1172,1172,1172,1172,1171,1171,1170,1169,1167,1166,1164,1162,1160,1157,1154,1152,1148,1145,1142,1138,1134,1131,1127,1123,1118,1114,1110,1105,1101,1096,1092,1088,1083,1079,1074,1070,1066,1061,1057,1053,1050,1046,1042,1039,1036,1032,1030,1027,1024,1022,1020,1018,1017,1015,1014,1013,1013,1012,1012,1012,1012,1013,1013,1014,1014,1015,1016,1017,1019,1020,1021,1023,1024,1026,1028,1030,1032,1034,1037,1039,1041,1044,1047,1049,1052,1055,1058,1061,1064,1067,1070,1074,1077,1080,1083,1087,1090,1094,1097,1100,1104,1107,1111,1114,1117,1121,1124,1128,1131,1134,1137,1140,1144,1147,1150,1153,1155,1158,1161,1164,1166,1169,1171,1173,1175,1178,1180,1181,1183,1185,1186,1188,1189,1190,1191,1192,1193,1194,1194,1195,1195,1195,1195,1195,1195,1194,1194,1193,1191,1190,1188,1186,1184,1182,1179,1176,1173,1170,1167,1164,1160,1156,1153,1149,1145,1140,1136,1132,1128,1123,1119,1114,1110,1105,1101,1096,1092,1088,1083,1079,1075,1071,1067,1063,1059,1056,1052,1049,1046,1043,1040,1038,1035,1033,1031,1030,1028,1027,1026,1025,1024,1024

lead:V1
count:700
points:1024,1024,1024,1024,1024,1024,1024,1025,1025,1025,1025,1026,1026,1026,1027,1027,1027,1028,1028,1029,1029,1030,1030,1031,1031,1032,1032,1033,1033,1034,1034,1035,1035,1036,1037,1037,1038,1038,1039,1039,1040,1041,1041,1042,1042,1043,1043,1043,1044,1044,1045,1045,1046,1046,1046,1046,1047,1047,1047,1047,1048,1048,1048,1048,1048,1048,1048,1048,1048,1048,1048,1048,1048,1048,1048,1048,1047,1047,1047,1047,1047,1047,1047,1046,1046,1046,1046,1045,1045,1045,1045,1044,1044,1044,1044,1043,1043,1043,1042,1042,1042,1041,1041,1041,1040,1040,1040,1040,1039,1039,1039,1038,1038,1038,1037,1037,1037,1036,1036,1036,1035,1035,1035,1035,1034,1034,1034,1034,1033,1033,1033,1033,1032,1032,1032,1032,1032,1032,1032,1031,1031,1031,1031,1031,1031,1031,1031,1031,1031,1031,1031,1031,1031,1031,1031,1031,1031,1031,1031,1030,1030,1030,1030,1030,1030,1030,1030,1029,1029,1029,1029,1029,1029,1028,1028,1028,1028,1027,1027,1027,1027,1027,1026,1026,1026,1026,1025,1025,1025,1024,1024,1024,1024,1023,1023,1023,1022,1022,1022,1022,1021,1021,1021,1018,1015,1012,1009,1006,1003,1000,997,994,992,989,986,983,980,977,974,971,968,965,962,959,957,911,867,824,782,743,706,672,642,616,594,577,564,557,554,572,590,608,626,644,662,680,697,714,731,748,764,780,796,812,827,842,856,870,883,897,909,921,933,944,954,964,973,982,990,998,1005,1011,1017,1022,1026,1030,1033,1035,1037,1038,1038,1040,1042,1044,1046,1047,1049,1051,1053,1055,1056,1058,1060,1062,1063,1065,1067,1068,1070,1072,1073,1075,1076,1078,1079,1080,1082,1083,1084,1086,1087,1088,1089,1090,1091,1092,1093,1094,1095,1096,1096,1097,1098,1098,1099,1099,1100,1100,1101,1101,1101,1101,1102,1102,1102,1102,1101,1101,1101,1100,1100,1099,1099,1098,1097,1096,1095,1094,1093,1092,1090,1089,1088,1086,1085,1083,1082,1080,1078,1077,1075,1073,1071,1069,1068,1066,1064,1062,1060,1059,1057,1055,1053,1052,1050,1049,1047,1045,1044,1043,1041,1040,1039,1038,1037,1036,1035,1034,1033,1032,1032,1031,1031,1031,1030,1030,1030,1030,1030,1030,1030,1030,1031,1031,1031,1031,1031,1032,1032,1032,1033,1033,1034,1034,1034,1035,1035,1036,1036,1037,1038,1038,1039,1039,1040,1041,1042,1042,1043,1044,1044,1045,1046,1047,1048,1048,1049,1050,1051,1052,1052,1053,1054,1056,1056,1056,1057,1057,1058,1059,1059,1060,1060,1061,1061,1062,1062,1063,1063,1064,1064,1065,1065,1066,1066,1067,1067,1068,1068,1069,1069,1069,1070,1070,1071,1071,1071,1072,1072,1072,1073,1073,1073,1073,1074,1074,1074,1074,1075,1075,1075,1075,1075,1075,1075,1075,1076,1076,1076,1076,1076,1076,1075,1075,1075,1074,1073,1073,1072,1071,1069,1068,1067,1065,1064,1062,1060,1059,1057,1055,1053,1051,1048,1046,1044,1042,1040,1037,1035,1033,1030,1028,1026,1024,1022,1019,1017,1015,1013,1012,1010,1008,1006,1005,1003,1002,1001,999,998,997,997,996,995,995,995,994,994,994,995,995,995,995,996,996,997,998,998,999,1000,1001,1002,1003,1005,1006,1007,1009,1010,1012,1013,1015,1017,1018,1020,1022,1024,1026,1028,1030,1032,1034,1036,1038,1040,1042,1045,1047,1049,1051,1053,1056,1058,1060,1062,1064,1066,1069,1071,1073,1075,1077,1079,1081,1083,1085,1086,1088,1090,1092,1093,1095,1096,1098,1099,1101,1102,1103,1104,1105,1106,1107,1108,1109,1110,1110,1111,1111,1112,1112,1112,1112,1112,1112,1112,1112,1111,1111,1110,1109,1108,1107,1106,1105,1103,1102,1100,1099,1097,1095,1093,1091,1089,1087,1085,1083,1080,1078,1076,1073,1071,1069,1066,1064,1061,1059,1057,1054,1052,1050,1047,1045,1043,1041,1039,1037,1035,1034,1032,1030,1029,1028,1026,1025,1024,1023,1022,1022,1021,1021,1020,1020

lead:V2
count:0
points:

lead:V3
count:700
points:1024,1024,1024,1025,1025,1026,1027,1028,1029,1030,1032,1033,1035,1037,1039,1041,1043,1045,1048,1050,1053,1055,1058,1061,1064,1067,1070,1073,1076,1080,1083,1086,1089,1092,1096,1099,1102,1105,1109,1112,1115,1118,1121,1124,1127,1129,1132,1135,1137,1140,1142,1144,1146,1148,1150,1152,1153,1155,1156,1157,1158,1159,1160,1160,1161,1161,1161,1161,1161,1160,1160,1160,1159,1158,1157,1156,1155,1154,1153,1152,1150,1149,1147,1145,1143,1142,1140,1137,1135,1133,1131,1128,1126,1123,1121,1118,1116,1113,1110,1107,1105,1102,1099,1096,1093,1090,1087,1084,1081,1078,1075,1073,1070,1067,1064,1061,1058,1056,1053,1050,1048,1045,1043,1040,1038,1035,1033,1031,1029,1027,1025,1023,1022,1020,1018,1017,1016,1014,1013,1012,1011,1010,1010,1009,1008,1008,1008,1008,1008,1008,1008,1009,1009,1010,1012,1013,1015,1017,1019,1021,1024,1026,1029,1033,1036,1039,1043,1047,1051,1056,1060,1065,1070,1075,1080,1086,1091,1097,1103,1109,1115,1121,1127,1134,1141,1147,1154,1161,1168,1175,1183,1190,1197,1205,1212,1220,1227,1235,1243,1250,1258,1274,1274,1289,1305,1321,1337,1353,1369,1384,1400,1416,1432,1448,1464,1479,1495,1511,1527,1543,1559,1574,1590,1606,1622,1502,1383,1267,1155,1050,951,861,781,711,653,607,573,553,547,567,588,609,630,650,671,691,711,731,750,770,789,807,825,843,861,878,894,910,926,941,955,969,983,995,1007,1019,1030,1040,1049,1058,1066,1073,1080,1085,1090,1095,1098,1101,1103,1104,1104,1109,1113,1117,1121,1125,1130,1134,1138,1142,1146,1150,1154,1158,1162,1166,1170,1173,1177,1181,1184,1188,1191,1194,1198,1201,1204,1207,1210,1213,1216,1218,1221,1223,1226,1228,1230,1232,1234,1236,1238,1239,1241,1242,1243,1245,1246,1246,1247,1248,1249,1249,1249,1249,1249,1249,1249,1248,1247,1245,1244,1242,1239,1237,1234,1231,1227,1223,1219,1215,1211,1206,1201,1196,1190,1185,1179,1174,1168,1162,1156,1149,1143,1137,1131,1124,1118,1112,1105,1099,1093,1087,1081,1075,1069,1063,1058,1053,1048,1043,1038,1033,1029,1025,1021,1018,1015,1012,1009,1007,1005,1003,1002,1000,1000,999,999,999,999,999,1000,1000,1001,1001,1002,1003,1004,1005,1006,1007,1008,1009,1011,1012,1014,1015,1017,1019,1021,1023,1025,1027,1029,1031,1033,1036,1038,1040,1043,1045,1048,1051,1053,1056,1059,1061,1064,1067,1070,1073,1075,1078,1081,1087,1087,1090,1092,1095,1097,1100,1103,1105,1108,1110,1113,1115,1118,1120,1123,1125,1128,1130,1132,1135,1137,1139,1141,1143,1145,1147,1149,1151,1153,1155,1157,1159,1160,1162,1163,1165,1166,1168,1169,1170,1171,1173,1174,1175,1175,1176,1177,1178,1178,1179,1179,1180,1180,1180,1181,1181,1181,1181,1180,1179,1178,1176,1174,1172,1169,1166,1162,1159,1154,1150,1145,1141,1135,1130,1124,1119,1113,1106,1100,1094,1087,1080,1074,1067,1060,1054,1047,1040,1034,1027,1021,1014,1008,1002,996,991,985,980,975,971,966,962,958,955,952,949,947,945,943,942,941,940,940,940,940,941,942,943,944,945,947,949,951,953,955,958,961,964,967,970,974,977,981,985,989,994,998,1003,1007,1012,1017,1022,1027,1032,1038,1043,1049,1054,1060,1065,1071,1077,1083,1088,1094,1100,1106,1111,1117,1123,1128,1134,1140,1145,1151,1156,1161,1166,1171,1176,1181,1186,1190,1195,1199,1203,1207,1211,1215,1218,1222,1225,1228,1231,1233,1236,1238,1240,1242,1243,1245,1246,1247,1247,1248,1248,1248,1248,1248,1247,1246,1245,1243,1241,1239,1236,1234,1231,1227,1224,1220,1216,1212,1208,1203,1198,1193,1188,1183,1178,1172,1167,1161,1155,1150,1144,1138,1132,1127,1121,1115,1110,1104,1099,1093,1088,1083,1078,1073,1069,1064,1060,1056,1052,1049,1046,1043,1040,1037,1035,1033,1032,1030,1029,1028,1028

lead:V4
count:700
points:1024,1024,1024,1025,1026,1026,1027,1029,1030,1032,1033,1035,1037,1039,1042,1044,1047,1050,1053,1056,1059,1062,1066,1069,1073,1076,1080,1084,1088,1092,1095,1099,1103,1107,1111,1115,1119,1123,1127,1131,1135,1138,1142,1146,1149,1152,1156,1159,1162,1165,1168,1170,1173,1175,1177,1180,1181,1183,1185,1186,1187,1188,1189,1190,1190,1191,1191,1191,1190,1190,1190,1189,1188,1187,1186,1185,1184,1182,1181,1179,1177,1175,1173,1171,1169,1166,1164,1161,1159,1156,1153,1150,1147,1144,1141,1137,1134,1131,1127,1124,1120,1117,1113,1109,1106,1102,1098,1095,1091,1087,1084,1080,1076,1073,1069,1066,1062,1059,1055,1052,1049,1046,1042,1039,1036,1034,1031,1028,1025,1023,1021,1018,1016,1014,1012,1010,1009,1007,1006,1004,1003,1002,1001,1000,1000,999,999,999,999,999,999,1000,1001,1002,1004,1006,1008,1011,1014,1017,1020,1024,1028,1032,1036,1041,1046,1052,1057,1063,1069,1075,1082,1088,1095,1103,1110,1118,1126,1134,1142,1150,1159,1167,1176,1185,1194,1204,1213,1223,1232,1242,1252,1262,1272,1282,1292,1302,1313,1323,1333,1354,1354,1376,1399,1421,1444,1466,1489,1511,1533,1556,1578,1601,1623,1646,1668,1690,1713,1735,1758,1780,1803,1825,1847,1714,1582,1454,1331,1214,1105,1005,916,839,774,723,686,664,656,674,691,708,726,743,760,777,794,810,826,842,858,874,889,904,919,933,947,960,973,985,998,1009,1020,1031,1041,1050,1059,1068,1076,1083,1090,1096,1101,1106,1110,1114,1117,1119,1121,1122,1122,1126,1131,1135,1140,1144,1149,1153,1158,1162,1166,1171,1175,1179,1183,1188,1192,1196,1200,1204,1207,1211,1215,1218,1222,1225,1229,1232,1235,1238,1241,1244,1247,1249,1252,1254,1257,1259,1261,1263,1265,1266,1268,1270,1271,1272,1273,1274,1275,1276,1276,1277,1277,1277,1277,1277,1277,1276,1275,1273,1271,1268,1266,1263,1259,1256,1252,1247,1243,1238,1232,1227,1221,1215,1209,1203,1196,1190,1183,1176,1169,1162,1155,1147,1140,1133,1125,1118,1111,1103,1096,1089,1082,1075,1069,1062,1056,1050,1044,1038,1033,1028,1023,1018,1014,1010,1006,1003,999,997,994,992,991,989,988,988,988,988,988,988,989,989,990,990,991,992,993,994,995,997,998,1000,1001,1003,1005,1007,1009,1011,1013,1015,1017,1020,1022,1025,1027,1030,1033,1036,1038,1041,1044,1047,1050,1053,1057,1060,1063,1066,1069,1073,1076,1079,1082,1089,1089,1092,1095,1099,1102,1105,1108,1111,1114,1117,1120,1123,1126,1129,1132,1135,1138,1141,1143,1146,1149,1152,1154,1157,1159,1162,1164,1166,1169,1171,1173,1175,1177,1179,1181,1183,1184,1186,1187,1189,1190,1192,1193,1194,1195,1196,1197,1198,1199,1199,1200,1200,1201,1201,1201,1201,1201,1201,1201,1200,1198,1196,1194,1191,1188,1185,1181,1176,1172,1167,1162,1156,1150,1144,1138,1131,1125,1118,1111,1103,1096,1088,1081,1073,1066,1058,1050,1043,1035,1028,1021,1014,1007,1000,993,987,981,975,970,964,959,955,951,947,943,940,937,935,933,932,931,930,930,930,930,931,932,933,934,936,937,939,942,944,947,950,953,956,959,963,967,971,975,980,984,989,994,999,1004,1009,1015,1021,1026,1032,1038,1044,1050,1056,1062,1068,1075,1081,1087,1094,1100,1106,1113,1119,1125,1132,1138,1144,1150,1156,1162,1168,1174,1180,1185,1191,1196,1201,1206,1211,1216,1220,1225,1229,1233,1237,1241,1244,1247,1250,1253,1256,1258,1261,1263,1264,1266,1267,1268,1269,1270,1270,1270,1270,1270,1269,1268,1266,1264,1262,1260,1257,1254,1251,1247,1244,1239,1235,1231,1226,1221,1216,1210,1205,1199,1194,1188,1182,1176,1169,1163,1157,1151,1144,1138,1132,1126,1120,1114,1108,1102,1096,1091,1086,1081,1076,1071,1066,1062,1058,1054,1051,1047,1044,1042,1039,1037,1035,1034,1033,1032,1031

lead:V5
count:700
points:1024,1024,1024,1025,1026,1026,1027,1029,1030,1032,1033,1035,1038,1040,1042,1045,1048,1050,1053,1057,1060,1063,1067,1070,1074,1078,1081,1085,1089,1093,1097,1101,1105,1109,1113,1117,1121,1125,1129,1133,1137,1141,1145,1148,1152,1155,1159,1162,1165,1168,1171,1174,1176,1179,1181,1183,1185,1187,1188,1190,1191,1192,1193,1194,1194,1195,1195,1194,1194,1194,1193,1193,1192,1191,1190,1189,1187,1186,1184,1182,1180,1178,1176,1174,1172,1169,1166,1164,1161,1158,1155,1152,1149,1145,1142,1139,1135,1132,1128,1124,1121,1117,1113,1109,1106,1102,1098,1094,1090,1086,1083,1079,1075,1071,1067,1064,1060,1057,1053,1050,1046,1043,1039,1036,1033,1030,1027,1024,1022,1019,1017,1014,1012,1010,1008,1006,1004,1002,1001,1000,998,997,996,995,995,994,994,994,994,994,994,995,996,998,1000,1002,1004,1007,1010,1013,1017,1021,1025,1030,1035,1040,1046,1052,1058,1064,1071,1077,1085,1092,1100,1108,1116,1124,1133,1141,1150,1159,1169,1178,1188,1198,1208,1218,1229,1239,1250,1260,1271,1282,1293,1304,1315,1326,1337,1349,1360,1383,1383,1408,1434,1459,1484,1510,1535,1561,1586,1612,1637,1663,1688,1714,1739,1765,1790,1816,1841,1867,1892,1918,1943,1817,1693,1572,1456,1345,1243,1149,1065,992,931,883,848,827,819,831,842,854,865,876,887,898,909,920,931,941,952,962,972,981,991,1000,1009,1018,1027,1035,1043,1050,1058,1065,1071,1077,1083,1089,1094,1099,1103,1107,1110,1114,1116,1119,1121,1122,1123,1124,1124,1128,1132,1136,1141,1145,1149,1153,1157,1161,1165,1169,1173,1177,1180,1184,1188,1192,1195,1199,1202,1206,1209,1212,1216,1219,1222,1225,1228,1230,1233,1236,1238,1241,1243,1245,1247,1249,1251,1253,1255,1256,1258,1259,1260,1262,1263,1263,1264,1265,1265,1266,1266,1266,1266,1266,1266,1265,1263,1262,1260,1258,1255,1252,1249,1245,1241,1237,1232,1227,1222,1217,1211,1205,1199,1193,1187,1180,1174,1167,1160,1153,1146,1139,1131,1124,1117,1110,1103,1096,1089,1082,1075,1068,1062,1055,1049,1043,1037,1032,1026,1021,1016,1012,1008,1004,1000,997,994,991,989,987,985,984,983,982,982,982,982,983,983,984,984,985,986,986,987,989,990,991,992,994,995,997,999,1001,1003,1005,1007,1009,1011,1014,1016,1018,1021,1024,1026,1029,1032,1035,1038,1040,1043,1046,1050,1053,1056,1059,1062,1065,1068,1072,1075,1081,1081,1085,1088,1091,1094,1097,1100,1104,1107,1110,1113,1116,1119,1122,1125,1128,1131,1133,1136,1139,1142,1144,1147,1150,1152,1155,1157,1159,1162,1164,1166,1168,1170,1172,1174,1176,1177,1179,1181,1182,1184,1185,1186,1187,1188,1189,1190,1191,1192,1193,1193,1194,1194,1194,1195,1195,1195,1195,1194,1193,1192,1190,1187,1185,1182,1179,1175,1171,1166,1162,1157,1151,1146,1140,1134,1128,1121,1114,1108,1101,1094,1086,1079,1072,1065,1057,1050,1043,1036,1028,1022,1015,1008,1002,995,989,983,978,972,967,963,958,954,951,947,944,942,939,938,936,935,934,934,934,935,935,936,937,938,940,941,943,945,948,950,953,956,959,962,966,969,973,977,981,985,990,995,999,1004,1009,1014,1019,1025,1030,1036,1041,1047,1053,1059,1064,1070,1076,1082,1088,1094,1100,1106,1112,1118,1124,1130,1136,1141,1147,1153,1158,1164,1169,1174,1179,1184,1189,1194,1199,1203,1207,1211,1215,1219,1223,1226,1230,1233,1236,1238,1241,1243,1245,1247,1249,1250,1251,1252,1253,1254,1254,1254,1254,1254,1253,1252,1250,1249,1247,1245,1242,1239,1236,1233,1230,1226,1222,1218,1213,1209,1204,1199,1194,1189,1183,1178,1172,1167,1161,1155,1150,1144,1138,1132,1127,1121,1115,1110,1104,1099,1094,1089,1084,1079,1074,1070,1066,1062,1058,1055,1051,1048,1045,1043,1041,1039,1037,1036,1035,1034,1033

lead:V6
count:0
points:

