pathology:avreentrtach
group:arrhythmia
title:AV nodal reentrant tachycardia
name:АВ узловая реципрокная тахикардия
leads:12

lead:I
count:504
points:1024,1024,1024,1024,1024,1024,1024,1024,1024,1024,1024,1024,1024,1024,1024,1024,1024,1024,1024,1024,1024,1024,1024,1024,1024,1024,1024,1024,1024,1024,1024,1024,1024,1024,1024,1024,1024,1024,1024,1024,1024,1024,1024,1024,1024,1024,1024,1024,1024,1024,1024,1024,1024,1024,1024,1024,1024,1024,1024,1024,1024,1024,1024,1024,1024,1024,1024,1024,1024,1024,1024,1024,1024,1024,1024,1024,1024,1024,1024,1024,1024,1024,1024,1024,1024,1024,1024,1024,1024,1024,1024,1024,1024,1024,1024,1024,1024,1024,1024,1024,1024,1024,1024,1024,1024,1024,1024,1024,1024,1024,1024,1024,1024,1024,1024,1024,1024,1024,1024,1024,1024,1024,1023,1023,1023,1023,1023,1023,1023,1022,1022,1022,1021,1021,1021,1020,1020,1019,1019,1018,1018,1017,1017,1016,1015,1014,1013,1012,1011,1010,1009,1008,1006,1004,1004,1001,999,997,995,993,991,989,987,985,983,997,1012,1026,1041,1055,1069,1084,1098,1112,1127,1141,1156,1170,1184,1199,1213,1227,1242,1256,1271,1285,1299,1314,1328,1357,1357,1326,1295,1265,1235,1205,1177,1148,1121,1095,1070,1046,1024,1003,983,965,949,934,922,911,902,895,890,886,886,913,937,957,974,987,998,1007,1013,1018,1021,1023,1024,1024,1024,1024,1023,1022,1020,1018,1016,1013,1010,1007,1004,1000,997,994,991,989,987,985,984,983,983,983,984,986,988,990,993,997,1000,1004,1007,1011,1014,1017,1019,1021,1023,1024,1024,1024,1024,1024,1024,1024,1024,1024,1024,1024,1024,1024,1024,1024,1024,1024,1024,1024,1024,1024,1024,1024,1024,1024,1024,1024,1024,1024,1024,1024,1024,1024,1024,1024,1024,1024,1024,1024,1024,1024,1024,1024,1024,1024,1024,1024,1024,1024,1024,1025,1025,1025,1026,1026,1027,1027,1028,1029,1029,1030,1031,1032,1033,1033,1034,1036,1037,1038,1039,1040,1041,1043,1044,1045,1047,1048,1050,1051,1053,1054,1056,1057,1059,1061,1062,1064,1066,1067,1069,1071,1073,1075,1076,1078,1080,1082,1084,1085,1087,1089,1091,1093,1095,1096,1098,1100,1102,1103,1105,1107,1109,1110,1112,1113,1115,1117,1118,1120,1121,1123,1124,1126,1127,1128,1130,1131,1132,1133,1134,1135,1136,1137,1138,1139,1140,1141,1142,1142,1143,1144,1144,1145,1145,1146,1146,1146,1146,1147,1147,1147,1147,1147,1147,1146,1146,1145,1145,1144,1143,1142,1140,1139,1138,1136,1134,1133,1131,1129,1127,1125,1122,1120,1118,1115,1113,1110,1108,1105,1102,1100,1097,1094,1091,1088,1085,1083,1080,1077,1074,1071,1069,1066,1063,1061,1058,1056,1053,1051,1048,1046,1044,1042,1040,1038,1036,1035,1033,1032,1030,1029,1028,1027,1026,1026,1025,1025,1024,1024,1024,1024,1024,1024,1024,1024,1024,1024,1024,1024,1024,1024,1024,1024,1024,1024,1024,1024,1024,1024

lead:II
count:504
points:1024,1024,1024,1024,1024,1024,1024,1024,1024,1024,1024,1024,1024,1024,1024,1024,1024,1024,1024,1024,1024,1024,1024,1024,1024,1024,1024,1024,1024,1024,1024,1024,1024,1024,1024,1024,1024,1024,1024,1024,1024,1024,1024,1024,1024,1024,1024,1024,1024,1024,1024,1024,1024,1024,1024,1024,1024,1024,1024,1024,1024,1024,1024,1024,1024,1024,1024,1024,1024,1024,1024,1024,1024,1024,1024,1024,1024,1024,1024,1024,1024,1024,1024,1024,1024,1024,1024,1024,1024,1024,1024,1024,1024,1024,1024,1024,1024,1024,1024,1024,1024,1024,1024,1024,1024,1024,1024,1024,1024,1024,1024,1024,1024,1024,1024,1024,1024,1024,1024,1023,1023,1023,1023,1023,1023,1022,1022,1022,1021,1021,1021,1020,1020,1019,1018,1018,1017,1016,1015,1014,1013,1012,1011,1010,1008,1007,1005,1003,1002,1000,998,995,993,988,988,983,977,971,966,960,954,949,943,937,932,952,973,993,1014,1034,1055,1075,1096,1116,1137,1157,1178,1198,1219,1239,1260,1280,1300,1321,1341,1362,1382,1403,1423,1464,1464,1414,1363,1313,1264,1216,1168,1122,1078,1035,994,955,918,883,851,821,795,771,750,732,718,706,698,691,691,737,777,810,838,860,879,893,903,911,916,919,921,922,922,922,922,922,922,922,922,922,922,922,922,922,922,922,922,922,922,922,922,922,922,922,924,927,931,936,942,949,955,963,970,977,983,989,994,998,1001,1004,1004,1004,1004,1005,1005,1006,1006,1007,1007,1008,1008,1009,1009,1010,1010,1011,1011,1011,1012,1012,1013,1013,1014,1014,1015,1015,1016,1016,1017,1017,1017,1018,1018,1019,1019,1020,1020,1021,1021,1022,1022,1023,1023,1024,1024,1024,1024,1024,1025,1025,1025,1026,1026,1027,1028,1028,1029,1030,1031,1032,1033,1034,1036,1037,1038,1040,1041,1043,1044,1046,1048,1050,1051,1053,1055,1057,1059,1061,1063,1066,1068,1070,1072,1074,1077,1079,1081,1084,1086,1089,1091,1094,1096,1098,1101,1103,1106,1108,1111,1113,1116,1118,1121,1123,1126,1128,1131,1133,1136,1138,1140,1143,1145,1147,1149,1151,1154,1156,1158,1160,1162,1164,1166,1167,1169,1171,1172,1174,1176,1177,1179,1180,1181,1182,1184,1185,1186,1187,1188,1189,1189,1190,1191,1191,1192,1192,1192,1193,1193,1193,1193,1193,1193,1192,1192,1191,1190,1189,1187,1186,1184,1182,1180,1178,1176,1173,1171,1168,1165,1162,1159,1156,1153,1150,1146,1143,1139,1135,1132,1128,1124,1120,1116,1112,1108,1105,1101,1097,1093,1089,1085,1082,1078,1074,1071,1067,1064,1061,1058,1055,1052,1049,1046,1043,1041,1039,1037,1035,1033,1031,1030,1028,1027,1026,1025,1025,1024,1024,1024,1024,1024,1024,1024,1024,1024,1024,1024,1024,1024,1024,1024,1024,1024,1024,1024,1024,1024,1024

lead:III
count:504
points:1024,1024,1024,1024,1024,1024,1024,1024,1024,1024,1024,1024,1024,1024,1024,1024,1024,1024,1024,1024,1024,1024,1024,1024,1024,1024,1024,1024,1024,1024,1024,1024,1024,1024,1024,1024,1024,1024,1024,1024,1024,1024,1024,1024,1024,1024,1024,1024,1024,1024,1024,1024,1024,1024,1024,1024,1024,1024,1024,1024,1024,1024,1024,1024,1024,1024,1024,1024,1024,1024,1024,1024,1024,1024,1024,1024,1024,1024,1024,1024,1024,1024,1024,1024,1024,1024,1024,1024,1024,1024,1024,1024,1024,1024,1024,1024,1024,1024,1024,1024,1024,1024,1024,1024,1024,1024,1024,1024,1024,1024,1024,1024,1024,1024,1024,1024,1024,1024,1024,1024,1024,1024,1024,1023,1023,1023,1023,1023,1023,1023,1023,1022,1022,1022,1022,1021,1021,1021,1020,1020,1019,1019,1018,1018,1017,1017,1016,1015,1014,1014,1013,1012,1011,1009,1009,1005,1001,998,994,991,987,984,980,976,973,979,985,991,997,1003,1009,1016,1022,1028,1034,1040,1046,1052,1058,1064,1070,1077,1083,1089,1095,1101,1107,1113,1119,1132,1132,1112,1092,1073,1053,1034,1016,998,980,964,948,932,918,904,892,880,870,861,852,845,840,835,832,829,829,848,864,877,888,897,904,910,914,917,919,921,921,922,922,922,923,924,926,928,930,933,936,939,942,945,948,951,954,957,959,960,962,963,963,963,964,965,967,970,973,976,979,983,987,990,993,996,999,1001,1002,1004,1004,1004,1004,1005,1005,1006,1006,1007,1007,1008,1008,1009,1009,1010,1010,1011,1011,1011,1012,1012,1013,1013,1014,1014,1015,1015,1016,1016,1017,1017,1017,1018,1018,1019,1019,1020,1020,1021,1021,1022,1022,1023,1023,1024,1024,1024,1024,1024,1024,1024,1024,1024,1025,1025,1025,1025,1025,1026,1026,1026,1027,1027,1027,1028,1028,1028,1029,1029,1030,1030,1031,1031,1031,1032,1033,1033,1034,1034,1035,1035,1036,1037,1037,1038,1038,1039,1040,1040,1041,1042,1042,1043,1044,1044,1045,1046,1046,1047,1048,1048,1049,1050,1050,1051,1052,1052,1053,1054,1054,1055,1056,1056,1057,1058,1058,1059,1059,1060,1060,1061,1062,1062,1063,1063,1064,1064,1064,1065,1065,1066,1066,1067,1067,1067,1068,1068,1068,1068,1069,1069,1069,1069,1069,1070,1070,1070,1070,1070,1070,1070,1070,1070,1070,1070,1070,1069,1069,1069,1069,1068,1068,1067,1067,1066,1065,1065,1064,1063,1063,1062,1061,1060,1059,1058,1057,1056,1055,1054,1053,1052,1051,1050,1049,1048,1047,1046,1045,1044,1043,1042,1041,1040,1039,1038,1037,1036,1035,1034,1033,1032,1032,1031,1030,1029,1029,1028,1027,1027,1026,1026,1026,1025,1025,1025,1024,1024,1024,1024,1024,1024,1024,1024,1024,1024,1024,1024,1024,1024,1024,1024,1024,1024,1024,1024,1024,1024,1024,1024

lead:aVR
count:504
points:1024,1024,1024,1024,1024,1024,1024,1024,1024,1024,1024,1024,1024,1024,1024,1024,1024,1024,1024,1024,1024,1024,1024,1024,1024,1024,1024,1024,1024,1024,1024,1024,1024,1024,1024,1024,1024,1024,1024,1024,1024,1024,1024,1024,1024,1024,1024,1024,1024,1024,1024,1024,1024,1024,1024,1024,1024,1024,1024,1024,1024,1024,1024,1024,1024,1024,1024,1024,1024,1024,1024,1024,1024,1024,1024,1024,1024,1024,1024,1024,1024,1024,1024,1024,1024,1024,1024,1024,1024,1024,1024,1024,1024,1024,1024,1024,1024,1024,1024,1024,1024,1024,1024,1024,1024,1024,1024,1024,1024,1024,1024,1024,1024,1024,1024,1024,1024,1024,1024,1024,1025,1025,1025,1025,1025,1025,1026,1026,1026,1027,1027,1028,1028,1029,1029,1030,1030,1031,1032,1033,1034,1035,1036,1037,1038,1040,1041,1043,1044,1046,1048,1050,1052,1057,1057,1061,1065,1070,1074,1079,1083,1088,1092,1096,1101,1081,1061,1040,1020,1000,980,960,940,920,900,879,859,839,819,799,779,759,739,719,698,678,658,638,618,578,578,625,671,718,764,809,853,895,937,977,1015,1051,1086,1118,1148,1175,1200,1222,1241,1258,1271,1282,1290,1296,1296,1254,1217,1186,1161,1140,1123,1110,1100,1093,1088,1085,1084,1083,1083,1083,1084,1084,1085,1087,1088,1090,1091,1093,1095,1097,1099,1100,1102,1103,1105,1105,1106,1107,1107,1106,1105,1102,1098,1094,1089,1083,1077,1071,1065,1059,1054,1048,1044,1041,1038,1036,1036,1036,1035,1035,1035,1034,1034,1034,1034,1033,1033,1033,1033,1032,1032,1032,1032,1031,1031,1031,1030,1030,1030,1030,1029,1029,1029,1029,1028,1028,1028,1027,1027,1027,1027,1026,1026,1026,1026,1025,1025,1025,1025,1024,1024,1024,1024,1024,1023,1023,1023,1022,1022,1021,1020,1020,1019,1018,1017,1016,1015,1014,1012,1011,1010,1008,1007,1005,1004,1002,1000,998,997,995,993,991,989,987,985,983,980,978,976,974,971,969,967,964,962,960,957,955,952,950,947,945,942,940,937,935,932,930,927,925,922,920,918,915,913,910,908,906,904,901,899,897,895,893,891,889,887,885,883,881,879,878,876,874,873,871,870,869,867,866,865,864,863,862,861,860,859,858,858,857,857,856,856,856,856,856,856,856,856,856,857,858,859,860,861,863,864,866,868,870,873,875,877,880,883,886,889,892,895,899,902,906,909,913,917,920,924,928,932,936,940,944,948,951,955,959,963,967,970,974,977,981,984,987,991,994,997,999,1002,1005,1007,1009,1011,1013,1015,1017,1018,1020,1021,1022,1023,1023,1024,1024,1024,1024,1024,1024,1024,1024,1024,1024,1024,1024,1024,1024,1024,1024,1024,1024,1024,1024,1024,1024

lead:aVL
count:504
points:1024,1024,1024,1024,1024,1024,1024,1024,1024,1024,1024,1024,1024,1024,1024,1024,1024,1024,1024,1024,1024,1024,1024,1024,1024,1024,1024,1024,1024,1024,1024,1024,1024,1024,1024,1024,1024,1024,1024,1024,1024,1024,1024,1024,1024,1024,1024,1024,1024,1024,1024,1024,1024,1024,1024,1024,1024,1024,1024,1024,1024,1024,1024,1024,1024,1024,1024,1024,1024,1024,1024,1024,1024,1024,1024,1024,1024,1024,1024,1024,1024,1024,1024,1024,1024,1024,1024,1024,1024,1024,1024,1024,1024,1024,1024,1024,1024,1024,1024,1024,1024,1024,1024,1024,1024,1024,1024,1024,1024,1024,1024,1024,1024,1024,1024,1024,1024,1024,1024,1024,1024,1024,1024,1024,1024,1024,1024,1024,1024,1024,1024,1024,1024,1024,1024,1023,1023,1023,1023,1023,1023,1023,1023,1023,1023,1023,1022,1022,1022,1022,1022,1022,1021,1021,1021,1022,1023,1024,1025,1025,1026,1027,1028,1029,1030,1035,1039,1044,1049,1054,1059,1063,1068,1073,1078,1082,1087,1092,1097,1102,1106,1111,1116,1121,1125,1130,1135,1140,1145,1154,1154,1148,1141,1135,1129,1123,1117,1111,1105,1100,1095,1090,1085,1081,1077,1073,1070,1067,1064,1062,1060,1058,1057,1057,1057,1062,1066,1070,1073,1076,1078,1080,1081,1082,1083,1083,1083,1083,1083,1083,1082,1081,1079,1076,1073,1070,1067,1063,1059,1056,1052,1049,1046,1043,1040,1038,1037,1036,1036,1036,1036,1036,1036,1036,1036,1036,1036,1036,1036,1036,1036,1036,1036,1036,1036,1036,1036,1036,1035,1035,1035,1034,1034,1034,1034,1033,1033,1033,1033,1032,1032,1032,1032,1031,1031,1031,1030,1030,1030,1030,1029,1029,1029,1029,1028,1028,1028,1027,1027,1027,1027,1026,1026,1026,1026,1025,1025,1025,1025,1024,1024,1024,1024,1024,1024,1024,1024,1024,1025,1025,1025,1025,1025,1026,1026,1026,1026,1027,1027,1027,1028,1028,1029,1029,1029,1030,1030,1031,1031,1032,1032,1033,1033,1034,1034,1035,1035,1036,1037,1037,1038,1038,1039,1040,1040,1041,1042,1042,1043,1044,1044,1045,1046,1046,1047,1047,1048,1049,1049,1050,1051,1051,1052,1053,1053,1054,1055,1055,1056,1056,1057,1057,1058,1059,1059,1060,1060,1061,1061,1062,1062,1063,1063,1063,1064,1064,1065,1065,1065,1066,1066,1066,1066,1067,1067,1067,1067,1068,1068,1068,1068,1068,1068,1068,1068,1068,1068,1068,1068,1068,1068,1068,1067,1067,1067,1066,1066,1066,1065,1064,1064,1063,1063,1062,1061,1060,1060,1059,1058,1057,1056,1055,1054,1053,1052,1051,1050,1049,1048,1047,1046,1045,1044,1043,1042,1041,1040,1039,1038,1037,1036,1035,1034,1034,1033,1032,1031,1030,1030,1029,1028,1028,1027,1027,1026,1026,1025,1025,1025,1025,1024,1024,1024,1024,1024,1024,1024,1024,1024,1024,1024,1024,1024,1024,1024,1024,1024,1024,1024,1024,1024,1024,1024,1024

lead:aVF
count:504
points:1024,1024,1024,1024,1024,1024,1024,1024,1024,1024,1024,1024,1024,1024,1024,1024,1024,1024,1024,1024,1024,1024,1024,1024,1024,1024,1024,1024,1024,1024,1024,1024,1024,1024,1024,1024,1024,1024,1024,1024,1024,1024,1024,1024,1024,1024,1024,1024,1024,1024,1024,1024,1024,1024,1024,1024,1024,1024,1024,1024,1024,1024,1024,1024,1024,1024,1024,1024,1024,1024,1024,1024,1024,1024,1024,1024,1024,1024,1024,1024,1024,1024,1024,1024,1024,1024,1024,1024,1024,1024,1024,1024,1024,1024,1024,1024,1024,1024,1024,1024,1024,1024,1024,1024,1024,1024,1024,1024,1024,1024,1024,1024,1024,1024,1024,1024,1024,1024,1024,1024,1023,1023,1023,1023,1023,1023,1022,1022,1022,1022,1021,1021,1020,1020,1019,1019,1018,1017,1017,1016,1015,1014,1013,1012,1011,1010,1008,1007,1006,1004,1002,1000,999,994,994,989,984,978,973,968,963,957,952,947,941,957,972,987,1003,1018,1033,1049,1064,1079,1095,1110,1125,1141,1156,1171,1187,1202,1218,1233,1248,1264,1279,1294,1310,1340,1340,1300,1259,1219,1180,1141,1103,1066,1030,995,962,931,901,874,848,824,803,784,767,752,741,731,725,720,720,757,788,815,838,856,871,882,891,897,901,904,905,906,906,906,906,907,908,909,911,912,914,916,918,919,921,923,925,926,927,928,929,929,929,930,932,934,938,942,947,953,959,965,971,977,983,988,992,996,998,1000,1000,1001,1001,1002,1003,1003,1004,1004,1005,1005,1006,1006,1007,1007,1008,1008,1009,1009,1010,1011,1011,1012,1012,1013,1013,1014,1014,1015,1015,1016,1016,1017,1018,1018,1019,1019,1020,1020,1021,1021,1022,1022,1023,1024,1024,1024,1024,1024,1024,1025,1025,1025,1026,1026,1027,1027,1028,1029,1029,1030,1031,1032,1033,1034,1035,1036,1037,1038,1039,1040,1042,1043,1044,1046,1047,1048,1050,1051,1053,1055,1056,1058,1059,1061,1063,1064,1066,1068,1070,1071,1073,1075,1077,1079,1081,1082,1084,1086,1088,1090,1092,1093,1095,1097,1099,1101,1102,1104,1106,1108,1109,1111,1113,1114,1116,1118,1119,1121,1122,1124,1125,1127,1128,1129,1131,1132,1133,1134,1135,1137,1138,1139,1140,1140,1141,1142,1143,1144,1144,1145,1145,1146,1146,1147,1147,1147,1148,1148,1148,1148,1148,1148,1148,1148,1147,1147,1146,1145,1144,1143,1142,1140,1139,1137,1136,1134,1132,1130,1128,1126,1123,1121,1119,1116,1114,1111,1109,1106,1103,1100,1097,1095,1092,1089,1086,1083,1080,1078,1075,1072,1069,1066,1064,1061,1058,1056,1053,1051,1049,1046,1044,1042,1040,1038,1037,1035,1033,1032,1031,1029,1028,1027,1026,1026,1025,1025,1024,1024,1024,1024,1024,1024,1024,1024,1024,1024,1024,1024,1024,1024,1024,1024,1024,1024,1024,1024,1024,1024

lead:V1
count:504
points:1024,1024,1024,1024,1024,1024,1024,1024,1024,1024,1024,1024,1024,1024,1024,1024,1024,1024,1024,1024,1024,1024,1024,1024,1024,1024,1024,1024,1024,1024,1024,1024,1024,1024,1024,1024,1024,1024,1024,1024,1024,1024,1024,1024,1024,1024,1024,1024,1024,1024,1024,1024,1024,1024,1024,1024,1024,1024,1024,1024,1024,1024,1024,1024,1024,1024,1024,1024,1024,1024,1024,1024,1024,1024,1024,1024,1024,1024,1024,1024,1024,1024,1024,1024,1024,1024,1024,1024,1024,1024,1024,1024,1024,1024,1024,1024,1024,1024,1024,1024,1024,1024,1024,1024,1024,1024,1024,1024,1024,1024,1024,1024,1024,1024,1024,1024,1024,1024,1024,1024,1024,1024,1024,1024,1024,1024,1024,1024,1024,1024,1024,1024,1024,1024,1024,1024,1024,1024,1024,1025,1025,1025,1025,1025,1025,1025,1025,1025,1025,1025,1025,1026,1026,1026,1026,1026,1027,1028,1030,1032,1034,1037,1039,1042,1045,1046,1047,1049,1051,1055,1059,1064,1069,1075,1082,1090,1098,1106,1116,1125,1135,1146,1157,1168,1180,1192,1204,1216,1229,1254,1254,1225,1197,1168,1140,1113,1086,1060,1035,1010,987,965,944,924,906,890,874,861,849,839,831,824,820,816,816,854,887,915,938,957,973,985,994,1000,1004,1007,1008,1009,1009,1008,1007,1007,1006,1006,1005,1005,1004,1004,1003,1003,1002,1002,1002,1001,1001,1001,1001,1001,1001,1001,1001,1002,1002,1003,1004,1005,1006,1008,1009,1011,1013,1015,1017,1019,1021,1025,1025,1025,1026,1026,1027,1027,1028,1029,1029,1030,1030,1031,1031,1031,1032,1032,1033,1033,1034,1034,1035,1035,1035,1036,1036,1036,1037,1037,1037,1037,1038,1038,1038,1038,1038,1039,1039,1039,1039,1039,1039,1039,1039,1039,1039,1039,1039,1040,1040,1040,1041,1041,1042,1042,1043,1043,1044,1045,1046,1046,1047,1048,1049,1050,1051,1052,1053,1055,1056,1057,1058,1060,1061,1062,1064,1065,1067,1068,1070,1071,1073,1075,1076,1078,1080,1081,1083,1085,1086,1088,1090,1092,1093,1095,1097,1099,1101,1102,1104,1106,1108,1109,1111,1113,1115,1116,1118,1120,1122,1123,1125,1127,1128,1130,1131,1133,1134,1136,1137,1139,1140,1141,1143,1144,1145,1146,1148,1149,1150,1151,1152,1153,1154,1155,1155,1156,1157,1158,1158,1159,1159,1160,1160,1161,1161,1161,1162,1162,1162,1162,1162,1162,1162,1161,1161,1160,1159,1158,1157,1156,1155,1153,1152,1150,1148,1146,1144,1142,1139,1137,1135,1132,1129,1127,1124,1121,1118,1115,1112,1109,1106,1103,1099,1096,1093,1090,1087,1083,1080,1077,1074,1071,1068,1065,1062,1059,1057,1054,1051,1049,1047,1044,1042,1040,1038,1036,1034,1033,1031,1030,1029,1028,1027,1026,1025,1025,1024,1024,1024,1024,1024,1024,1024,1024,1024,1024,1024,1024,1024,1024,1024,1024,1024,1024,1024,1024,1024,1024

lead:V2
count:504
points:1024,1024,1024,1024,1024,1024,1024,1024,1024,1024,1024,1024,1024,1024,1024,1024,1024,1024,1024,1024,1024,1024,1024,1024,1024,1024,1024,1024,1024,1024,1024,1024,1024,1024,1024,1024,1024,1024,1024,1024,1024,1024,1024,1024,1024,1024,1024,1024,1024,1024,1024,1024,1024,1024,1024,1024,1024,1024,1024,1024,1024,1024,1024,1024,1024,1024,1024,1024,1024,1024,1024,1024,1024,1024,1024,1024,1024,1024,1024,1024,1024,1024,1024,1024,1024,1024,1024,1024,1024,1024,1024,1024,1024,1024,1024,1024,1024,1024,1024,1024,1024,1024,1024,1024,1024,1024,1024,1024,1024,1024,1024,1024,1024,1024,1024,1024,1024,1024,1024,1024,1024,1024,1024,1024,1024,1024,1024,1024,1024,1024,1024,1024,1024,1024,1024,1024,1024,1024,1024,1024,1024,1024,1024,1024,1024,1024,1024,1024,1024,1024,1024,1024,1024,1024,1024,1024,1024,1024,1024,1024,1024,1024,1024,1024,1024,1025,1027,1032,1037,1045,1054,1065,1077,1090,1106,1122,1140,1159,1179,1201,1223,1246,1271,1296,1321,1348,1375,1402,1429,1485,1485,1437,1389,1342,1295,1249,1205,1161,1119,1078,1039,1002,967,934,904,876,851,828,808,791,778,767,759,753,753,805,849,887,919,944,965,981,993,1002,1008,1011,1013,1014,1014,1011,1008,1005,1003,1000,997,995,993,990,988,987,985,983,982,981,980,979,978,978,978,978,979,980,981,983,985,987,990,993,996,1000,1004,1007,1012,1016,1020,1029,1029,1030,1030,1031,1031,1032,1033,1033,1034,1034,1035,1035,1036,1036,1037,1037,1038,1038,1039,1039,1040,1040,1040,1041,1041,1041,1042,1042,1042,1043,1043,1043,1043,1044,1044,1044,1044,1044,1044,1044,1044,1044,1044,1045,1045,1045,1045,1045,1046,1046,1047,1048,1048,1049,1050,1051,1052,1053,1054,1055,1056,1058,1059,1061,1062,1064,1065,1067,1069,1071,1073,1075,1076,1079,1081,1083,1085,1087,1089,1092,1094,1096,1099,1101,1103,1106,1108,1111,1113,1116,1119,1121,1124,1126,1129,1131,1134,1137,1139,1142,1144,1147,1150,1152,1155,1157,1160,1162,1165,1167,1170,1172,1174,1177,1179,1181,1183,1185,1188,1190,1192,1194,1196,1197,1199,1201,1203,1204,1206,1207,1209,1210,1212,1213,1214,1215,1216,1217,1218,1219,1220,1221,1221,1222,1222,1223,1223,1223,1224,1224,1224,1224,1223,1223,1222,1221,1220,1219,1217,1215,1213,1211,1209,1206,1204,1201,1198,1194,1191,1188,1184,1180,1176,1172,1168,1164,1160,1156,1151,1147,1142,1138,1133,1128,1124,1119,1115,1110,1105,1101,1097,1092,1088,1084,1079,1075,1071,1067,1064,1060,1057,1053,1050,1047,1044,1041,1039,1037,1034,1033,1031,1029,1028,1027,1026,1025,1024,1024,1024,1024,1024,1024,1024,1024,1024,1024,1024,1024,1024,1024,1024,1024,1024,1024,1024,1024,1024,1024

lead:V3
count:504
points:1024,1024,1024,1024,1024,1024,1024,1024,1024,1024,1024,1024,1024,1024,1024,1024,1024,1024,1024,1024,1024,1024,1024,1024,1024,1024,1024,1024,1024,1024,1024,1024,1024,1024,1024,1024,1024,1024,1024,1024,1024,1024,1024,1024,1024,1024,1024,1024,1024,1024,1024,1024,1024,1024,1024,1024,1024,1024,1024,1024,1024,1024,1024,1024,1024,1024,1024,1024,1024,1024,1024,1024,1024,1024,1024,1024,1024,1024,1024,1024,1024,1024,1024,1024,1024,1024,1024,1024,1024,1024,1024,1024,1024,1024,1024,1024,1024,1024,1024,1024,1024,1024,1024,1024,1024,1024,1024,1024,1024,1024,1024,1024,1024,1024,1024,1024,1024,1024,1024,1024,1024,1024,1024,1024,1024,1024,1024,1024,1024,1024,1024,1024,1024,1024,1024,1024,1024,1024,1024,1023,1023,1023,1023,1023,1023,1023,1023,1023,1023,1023,1023,1022,1022,1022,1022,1022,1021,1020,1018,1016,1014,1011,1009,1006,1003,1004,1007,1013,1021,1032,1044,1059,1076,1095,1117,1140,1165,1191,1220,1249,1281,1314,1347,1382,1418,1455,1493,1531,1569,1647,1647,1587,1527,1468,1410,1352,1296,1241,1188,1138,1089,1042,999,958,920,885,853,825,800,779,761,748,738,730,730,788,838,880,915,943,966,984,998,1007,1014,1018,1020,1020,1020,1016,1011,1007,1002,998,994,990,986,982,979,976,973,971,968,966,965,964,963,962,962,962,963,964,966,969,971,975,978,983,987,992,997,1003,1008,1014,1020,1033,1033,1033,1034,1034,1035,1035,1036,1036,1037,1037,1038,1038,1039,1039,1040,1040,1041,1041,1041,1042,1042,1043,1043,1043,1044,1044,1044,1045,1045,1045,1045,1046,1046,1046,1046,1046,1046,1047,1047,1047,1047,1047,1047,1047,1047,1047,1048,1048,1048,1049,1050,1050,1051,1052,1053,1054,1055,1057,1058,1059,1061,1062,1064,1066,1067,1069,1071,1073,1075,1077,1080,1082,1084,1086,1089,1091,1094,1096,1099,1102,1104,1107,1110,1113,1115,1118,1121,1124,1127,1130,1133,1136,1139,1142,1145,1148,1151,1154,1157,1160,1163,1166,1169,1172,1175,1178,1181,1184,1187,1190,1192,1195,1198,1201,1203,1206,1208,1211,1213,1216,1218,1220,1223,1225,1227,1229,1231,1233,1235,1237,1238,1240,1241,1243,1244,1246,1247,1248,1249,1250,1251,1252,1253,1253,1254,1254,1255,1255,1255,1255,1255,1255,1255,1254,1253,1252,1251,1249,1248,1246,1243,1241,1238,1235,1232,1229,1225,1222,1218,1214,1209,1205,1201,1196,1191,1186,1181,1176,1171,1166,1161,1156,1150,1145,1140,1134,1129,1124,1118,1113,1108,1103,1098,1093,1088,1083,1079,1074,1070,1066,1062,1058,1054,1051,1047,1044,1041,1039,1036,1034,1032,1030,1028,1027,1026,1025,1024,1024,1024,1024,1024,1024,1024,1024,1024,1024,1024,1024,1024,1024,1024,1024,1024,1024,1024,1024,1024,1024

lead:V4
count:504
points:1024,1024,1024,1024,1024,1024,1024,1024,1024,1024,1024,1024,1024,1024,1024,1024,1024,1024,1024,1024,1024,1024,1024,1024,1024,1024,1024,1024,1024,1024,1024,1024,1024,1024,1024,1024,1024,1024,1024,1024,1024,1024,1024,1024,1024,1024,1024,1024,1024,1024,1024,1024,1024,1024,1024,1024,1024,1024,1024,1024,1024,1024,1024,1024,1024,1024,1024,1024,1024,1024,1024,1024,1024,1024,1024,1024,1024,1024,1024,1024,1024,1024,1024,1024,1024,1024,1024,1024,1024,1024,1024,1024,1024,1024,1024,1024,1024,1024,1024,1024,1024,1024,1024,1024,1024,1024,1024,1024,1024,1024,1024,1024,1024,1024,1024,1024,1024,1024,1024,1024,1024,1024,1024,1024,1024,1024,1024,1024,1024,1024,1024,1024,1024,1023,1023,1023,1023,1023,1023,1023,1023,1023,1023,1023,1022,1022,1022,1022,1022,1022,1021,1021,1021,1020,1020,1020,1019,1016,1013,1010,1005,1001,995,990,984,985,989,996,1005,1017,1032,1048,1068,1090,1114,1140,1168,1198,1230,1264,1300,1337,1376,1415,1456,1498,1540,1584,1627,1716,1716,1653,1590,1528,1466,1406,1347,1290,1234,1181,1130,1081,1035,992,952,915,882,852,826,804,786,771,761,753,753,808,855,894,928,955,976,993,1006,1015,1021,1025,1027,1028,1028,1022,1016,1011,1005,1000,995,990,985,981,976,973,969,966,963,961,959,957,956,955,955,956,956,958,960,963,966,970,974,979,984,989,995,1001,1008,1014,1021,1035,1035,1035,1036,1036,1036,1037,1037,1038,1038,1038,1039,1039,1040,1040,1040,1041,1041,1041,1042,1042,1042,1043,1043,1043,1043,1044,1044,1044,1044,1044,1045,1045,1045,1045,1045,1045,1045,1045,1046,1046,1046,1046,1046,1046,1046,1046,1046,1047,1047,1048,1048,1049,1050,1051,1052,1053,1054,1055,1057,1058,1059,1061,1063,1064,1066,1068,1070,1072,1074,1076,1078,1080,1083,1085,1087,1090,1092,1095,1097,1100,1102,1105,1108,1111,1114,1116,1119,1122,1125,1128,1131,1134,1137,1140,1143,1146,1149,1152,1155,1158,1161,1164,1167,1170,1173,1175,1178,1181,1184,1187,1190,1192,1195,1198,1200,1203,1205,1208,1210,1213,1215,1217,1219,1222,1224,1226,1228,1230,1231,1233,1235,1236,1238,1239,1241,1242,1243,1245,1246,1247,1247,1248,1249,1250,1250,1251,1251,1251,1252,1252,1252,1252,1251,1251,1250,1249,1247,1246,1244,1242,1240,1237,1235,1232,1229,1226,1222,1218,1215,1211,1207,1202,1198,1193,1189,1184,1179,1174,1169,1164,1159,1154,1148,1143,1138,1133,1127,1122,1117,1112,1107,1102,1097,1092,1087,1082,1078,1074,1069,1065,1061,1057,1054,1050,1047,1044,1041,1038,1036,1034,1032,1030,1028,1027,1026,1025,1024,1024,1024,1024,1024,1024,1024,1024,1024,1024,1024,1024,1024,1024,1024,1024,1024,1024,1024,1024,1024,1024

lead:V5
count:504
points:1024,1024,1024,1024,1024,1024,1024,1024,1024,1024,1024,1024,1024,1024,1024,1024,1024,1024,1024,1024,1024,1024,1024,1024,1024,1024,1024,1024,1024,1024,1024,1024,1024,1024,1024,1024,1024,1024,1024,1024,1024,1024,1024,1024,1024,1024,1024,1024,1024,1024,1024,1024,1024,1024,1024,1024,1024,1024,1024,1024,1024,1024,1024,1024,1024,1024,1024,1024,1024,1024,1024,1024,1024,1024,1024,1024,1024,1024,1024,1024,1024,1024,1024,1024,1024,1024,1024,1024,1024,1024,1024,1024,1024,1024,1024,1024,1024,1024,1024,1024,1024,1024,1024,1024,1024,1024,1024,1024,1024,1024,1024,1024,1024,1024,1024,1024,1024,1024,1024,1024,1024,1024,1024,1024,1024,1024,1024,1024,1024,1024,1024,1023,1023,1023,1023,1023,1023,1023,1023,1023,1023,1022,1022,1022,1022,1022,1022,1021,1021,1021,1021,1020,1020,1019,1019,1019,1017,1014,1010,1005,1000,993,987,979,972,973,977,983,992,1004,1018,1034,1053,1074,1097,1122,1149,1179,1210,1242,1277,1313,1350,1388,1428,1468,1509,1551,1593,1678,1678,1622,1565,1510,1455,1401,1348,1297,1247,1199,1153,1110,1069,1030,994,962,932,905,882,862,846,833,824,816,816,860,897,929,955,976,994,1007,1017,1024,1029,1032,1034,1034,1034,1028,1023,1017,1011,1006,1000,995,990,985,981,977,973,970,967,965,963,961,960,959,959,959,960,962,964,966,969,973,977,981,986,992,997,1003,1009,1016,1022,1035,1035,1036,1036,1036,1036,1037,1037,1037,1037,1037,1038,1038,1038,1038,1038,1039,1039,1039,1039,1039,1039,1040,1040,1040,1040,1040,1040,1040,1040,1041,1041,1041,1041,1041,1041,1041,1041,1041,1041,1041,1041,1041,1041,1041,1041,1042,1042,1042,1043,1043,1044,1044,1045,1046,1046,1047,1048,1049,1050,1052,1053,1054,1055,1057,1058,1060,1061,1063,1065,1067,1068,1070,1072,1074,1076,1078,1080,1082,1084,1087,1089,1091,1093,1096,1098,1100,1103,1105,1108,1110,1113,1115,1117,1120,1122,1125,1128,1130,1133,1135,1138,1140,1142,1145,1147,1150,1152,1155,1157,1159,1162,1164,1166,1168,1171,1173,1175,1177,1179,1181,1183,1185,1187,1188,1190,1192,1194,1195,1197,1198,1200,1201,1202,1203,1205,1206,1207,1208,1209,1209,1210,1211,1211,1212,1212,1213,1213,1213,1214,1214,1214,1214,1213,1213,1212,1211,1210,1209,1207,1206,1204,1202,1200,1197,1195,1192,1189,1186,1183,1179,1176,1172,1169,1165,1161,1157,1153,1149,1145,1141,1136,1132,1128,1123,1119,1114,1110,1106,1101,1097,1093,1089,1085,1081,1077,1073,1069,1065,1062,1058,1055,1052,1049,1046,1043,1041,1038,1036,1034,1032,1030,1029,1028,1027,1026,1025,1024,1024,1024,1024,1024,1024,1024,1024,1024,1024,1024,1024,1024,1024,1024,1024,1024,1024,1024,1024,1024,1024

lead:V6
count:504
points:1024,1024,1024,1024,1024,1024,1024,1024,1024,1024,1024,1024,1024,1024,1024,1024,1024,1024,1024,1024,1024,1024,1024,1024,1024,1024,1024,1024,1024,1024,1024,1024,1024,1024,1024,1024,1024,1024,1024,1024,1024,1024,1024,1024,1024,1024,1024,1024,1024,1024,1024,1024,1024,1024,1024,1024,1024,1024,1024,1024,1024,1024,1024,1024,1024,1024,1024,1024,1024,1024,1024,1024,1024,1024,1024,1024,1024,1024,1024,1024,1024,1024,1024,1024,1024,1024,1024,1024,1024,1024,1024,1024,1024,1024,1024,1024,1024,1024,1024,1024,1024,1024,1024,1024,1024,1024,1024,1024,1024,1024,1024,1024,1024,1024,1024,1024,1024,1024,1024,1024,1024,1024,1024,1024,1024,1024,1024,1024,1024,1024,1024,1023,1023,1023,1023,1023,1023,1023,1023,1023,1022,1022,1022,1022,1022,1022,1021,1021,1021,1021,1020,1020,1020,1019,1019,1014,1009,1004,998,993,988,983,978,973,968,990,1012,1034,1056,1078,1100,1122,1144,1166,1188,1210,1232,1254,1276,1299,1321,1343,1365,1387,1409,1431,1453,1475,1497,1541,1541,1500,1459,1418,1378,1339,1300,1263,1226,1191,1158,1126,1096,1068,1041,1017,996,976,959,945,933,923,917,911,911,937,959,977,993,1005,1015,1023,1029,1034,1036,1038,1039,1039,1039,1034,1029,1024,1019,1014,1009,1005,1000,996,992,989,986,983,980,978,976,975,974,973,973,973,975,977,980,984,988,993,998,1004,1009,1014,1019,1023,1027,1030,1032,1034,1034,1034,1034,1034,1034,1034,1034,1034,1034,1034,1034,1034,1034,1034,1034,1034,1034,1034,1034,1034,1034,1034,1034,1034,1034,1034,1034,1034,1034,1034,1034,1034,1034,1034,1034,1034,1034,1034,1034,1034,1034,1034,1034,1034,1034,1034,1034,1034,1035,1035,1035,1035,1036,1036,1037,1037,1038,1038,1039,1040,1040,1041,1042,1043,1044,1045,1046,1047,1048,1049,1050,1051,1053,1054,1055,1056,1058,1059,1060,1062,1063,1065,1066,1068,1069,1071,1073,1074,1076,1077,1079,1081,1082,1084,1086,1087,1089,1091,1092,1094,1096,1097,1099,1101,1102,1104,1105,1107,1109,1110,1112,1113,1115,1116,1118,1119,1121,1122,1123,1125,1126,1127,1129,1130,1131,1132,1133,1134,1135,1136,1137,1138,1139,1140,1141,1141,1142,1143,1143,1144,1144,1145,1145,1146,1146,1146,1146,1147,1147,1147,1147,1147,1147,1146,1146,1145,1145,1144,1143,1142,1140,1139,1138,1136,1134,1133,1131,1129,1127,1125,1122,1120,1118,1115,1113,1110,1108,1105,1102,1100,1097,1094,1091,1088,1085,1083,1080,1077,1074,1071,1069,1066,1063,1061,1058,1056,1053,1051,1048,1046,1044,1042,1040,1038,1036,1035,1033,1032,1030,1029,1028,1027,1026,1026,1025,1025,1024,1024,1024,1024,1024,1024,1024,1024,1024,1024,1024,1024,1024,1024,1024,1024,1024,1024,1024,1024,1024,1024

