pathology:biatrenlarg
group:hypertrophy
title:Sinus rhythm during biatrial enlargement
name:Синусовый ритм при гипертрофии обоих предсердий
leads:12

lead:I
count:520
points:1024,1024,1024,1025,1026,1027,1028,1030,1031,1033,1035,1037,1040,1042,1045,1048,1051,1053,1056,1059,1062,1065,1068,1071,1074,1077,1080,1082,1085,1087,1090,1092,1093,1095,1097,1098,1099,1100,1100,1101,1101,1101,1101,1100,1100,1100,1099,1098,1098,1097,1096,1096,1095,1094,1094,1093,1092,1092,1091,1091,1091,1091,1091,1091,1091,1091,1091,1091,1092,1092,1092,1093,1093,1094,1094,1095,1095,1096,1096,1097,1097,1098,1098,1099,1099,1099,1100,1100,1100,1101,1101,1101,1101,1101,1100,1099,1097,1095,1092,1090,1086,1083,1079,1075,1071,1067,1062,1058,1054,1050,1046,1042,1038,1035,1032,1030,1028,1026,1025,1024,1024,1024,1024,1024,1024,1024,1024,1024,1024,1024,1024,1024,1024,1024,1023,1023,1023,1023,1022,1022,1022,1021,1020,1020,1019,1018,1017,1016,1015,1013,1012,1010,1008,1004,1004,1001,999,997,995,993,991,989,987,985,983,999,1015,1031,1048,1064,1080,1096,1112,1128,1145,1161,1177,1193,1209,1225,1241,1258,1274,1290,1306,1322,1338,1354,1371,1403,1403,1383,1363,1343,1324,1304,1285,1265,1246,1227,1209,1191,1173,1155,1138,1121,1105,1089,1074,1059,1044,1031,1017,1005,993,981,971,961,951,943,935,927,921,915,910,906,902,900,898,896,896,922,943,962,977,990,1000,1008,1014,1018,1021,1023,1024,1024,1024,1024,1024,1024,1024,1024,1024,1024,1024,1024,1024,1024,1024,1024,1024,1024,1024,1024,1024,1024,1024,1024,1024,1024,1024,1024,1024,1024,1024,1024,1024,1024,1024,1024,1024,1024,1024,1024,1024,1024,1024,1024,1024,1024,1024,1024,1024,1024,1024,1024,1024,1024,1024,1024,1024,1024,1024,1024,1024,1024,1024,1024,1024,1024,1024,1024,1024,1024,1024,1024,1024,1024,1024,1024,1024,1024,1024,1024,1024,1024,1024,1024,1024,1024,1024,1024,1024,1025,1025,1025,1026,1026,1027,1027,1028,1029,1029,1030,1031,1032,1033,1033,1034,1036,1037,1038,1039,1040,1041,1043,1044,1045,1047,1048,1050,1051,1053,1054,1056,1057,1059,1061,1062,1064,1066,1067,1069,1071,1073,1075,1076,1078,1080,1082,1084,1085,1087,1089,1091,1093,1095,1096,1098,1100,1102,1103,1105,1107,1109,1110,1112,1113,1115,1117,1118,1120,1121,1123,1124,1126,1127,1128,1130,1131,1132,1133,1134,1135,1136,1137,1138,1139,1140,1141,1142,1142,1143,1144,1144,1145,1145,1146,1146,1146,1146,1147,1147,1147,1147,1147,1147,1146,1146,1145,1145,1144,1143,1142,1140,1139,1138,1136,1134,1133,1131,1129,1127,1125,1122,1120,1118,1115,1113,1110,1108,1105,1102,1100,1097,1094,1091,1088,1085,1083,1080,1077,1074,1071,1069,1066,1063,1061,1058,1056,1053,1051,1048,1046,1044,1042,1040,1038,1036,1035,1033,1032,1030,1029,1028,1027,1026,1026,1025,1025,1024,1024,1024,1024,1024,1024,1024,1024,1024,1024,1024,1024,1024,1024,1024,1024,1024,1024,1024,1024,1024,1024

lead:II
count:520
points:1024,1024,1024,1025,1025,1025,1026,1027,1028,1029,1030,1031,1032,1034,1035,1037,1039,1040,1042,1044,1046,1049,1051,1053,1056,1058,1061,1063,1066,1069,1071,1074,1077,1080,1083,1086,1089,1092,1095,1098,1101,1106,1112,1117,1122,1128,1133,1138,1142,1147,1151,1155,1159,1162,1165,1168,1171,1173,1174,1176,1177,1178,1178,1177,1177,1177,1176,1175,1174,1172,1171,1169,1167,1165,1163,1160,1158,1155,1152,1149,1146,1143,1139,1136,1132,1128,1125,1121,1117,1113,1109,1105,1101,1096,1092,1088,1084,1080,1075,1071,1067,1064,1060,1056,1053,1050,1046,1044,1041,1038,1036,1034,1032,1030,1028,1027,1026,1025,1024,1024,1024,1024,1024,1024,1024,1024,1024,1024,1024,1024,1024,1024,1023,1023,1023,1023,1022,1022,1021,1021,1020,1019,1018,1016,1015,1014,1012,1010,1008,1005,1002,999,996,988,988,983,977,971,966,960,954,949,943,937,932,958,983,1009,1035,1061,1087,1112,1138,1164,1190,1216,1241,1267,1293,1319,1345,1370,1396,1422,1448,1474,1499,1525,1551,1603,1603,1575,1548,1521,1494,1468,1441,1415,1389,1363,1338,1313,1289,1265,1241,1219,1196,1175,1154,1133,1114,1095,1077,1060,1043,1028,1013,999,987,975,964,954,945,937,930,925,920,916,913,911,911,934,953,969,983,994,1003,1010,1015,1019,1021,1023,1024,1024,1024,1024,1024,1024,1024,1024,1024,1024,1024,1024,1024,1024,1024,1024,1024,1024,1024,1024,1024,1024,1024,1024,1024,1024,1024,1024,1024,1024,1024,1024,1024,1024,1024,1024,1024,1024,1024,1024,1024,1024,1024,1024,1024,1024,1024,1024,1024,1024,1024,1024,1024,1024,1024,1024,1024,1024,1024,1024,1024,1024,1024,1024,1024,1024,1024,1024,1024,1024,1024,1024,1024,1024,1024,1024,1024,1024,1024,1024,1024,1024,1024,1024,1024,1024,1024,1024,1025,1025,1025,1026,1026,1027,1028,1028,1029,1030,1031,1032,1033,1034,1036,1037,1038,1040,1041,1043,1044,1046,1048,1050,1051,1053,1055,1057,1059,1061,1063,1066,1068,1070,1072,1074,1077,1079,1081,1084,1086,1089,1091,1094,1096,1098,1101,1103,1106,1108,1111,1113,1116,1118,1121,1123,1126,1128,1131,1133,1136,1138,1140,1143,1145,1147,1149,1151,1154,1156,1158,1160,1162,1164,1166,1167,1169,1171,1172,1174,1176,1177,1179,1180,1181,1182,1184,1185,1186,1187,1188,1189,1189,1190,1191,1191,1192,1192,1192,1193,1193,1193,1193,1193,1193,1192,1192,1191,1190,1189,1187,1186,1184,1182,1180,1178,1176,1173,1171,1168,1165,1162,1159,1156,1153,1150,1146,1143,1139,1135,1132,1128,1124,1120,1116,1112,1108,1105,1101,1097,1093,1089,1085,1082,1078,1074,1071,1067,1064,1061,1058,1055,1052,1049,1046,1043,1041,1039,1037,1035,1033,1031,1030,1028,1027,1026,1025,1025,1024,1024,1024,1024,1024,1024,1024,1024,1024,1024,1024,1024,1024,1024,1024,1024,1024,1024,1024,1024,1024,1024

lead:III
count:520
points:1024,1024,1024,1024,1024,1024,1024,1024,1024,1024,1024,1024,1024,1024,1024,1024,1024,1024,1024,1024,1024,1024,1024,1024,1024,1024,1024,1024,1024,1024,1024,1024,1024,1024,1024,1024,1024,1024,1024,1024,1024,1024,1026,1028,1031,1035,1039,1044,1049,1055,1061,1068,1074,1080,1086,1091,1096,1100,1104,1107,1109,1111,1111,1111,1110,1109,1107,1105,1103,1100,1097,1093,1089,1085,1081,1077,1072,1068,1063,1058,1054,1050,1046,1042,1038,1035,1032,1030,1028,1026,1025,1024,1024,1024,1024,1024,1024,1024,1024,1024,1024,1024,1024,1024,1024,1024,1024,1024,1024,1024,1024,1024,1024,1024,1024,1024,1024,1024,1024,1024,1024,1024,1024,1024,1024,1024,1024,1024,1024,1024,1024,1024,1024,1024,1024,1023,1023,1023,1023,1023,1022,1022,1021,1021,1020,1020,1019,1018,1017,1016,1015,1013,1012,1009,1009,1005,1001,998,994,991,987,984,980,976,973,982,992,1002,1011,1021,1031,1040,1050,1060,1069,1079,1089,1098,1108,1118,1127,1137,1146,1156,1166,1175,1185,1195,1204,1224,1224,1216,1209,1202,1195,1188,1181,1174,1167,1160,1153,1147,1140,1134,1127,1121,1115,1110,1104,1099,1093,1088,1084,1079,1075,1070,1067,1063,1059,1056,1053,1051,1048,1046,1044,1043,1042,1041,1040,1039,1039,1036,1034,1031,1030,1028,1027,1026,1025,1025,1024,1024,1024,1024,1024,1024,1024,1024,1024,1024,1024,1024,1024,1024,1024,1024,1024,1024,1024,1024,1024,1024,1024,1024,1024,1024,1024,1024,1024,1024,1024,1024,1024,1024,1024,1024,1024,1024,1024,1024,1024,1024,1024,1024,1024,1024,1024,1024,1024,1024,1024,1024,1024,1024,1024,1024,1024,1024,1024,1024,1024,1024,1024,1024,1024,1024,1024,1024,1024,1024,1024,1024,1024,1024,1024,1024,1024,1024,1024,1024,1024,1024,1024,1024,1024,1024,1024,1024,1024,1024,1024,1024,1024,1024,1025,1025,1025,1025,1025,1026,1026,1026,1027,1027,1027,1028,1028,1028,1029,1029,1030,1030,1031,1031,1031,1032,1033,1033,1034,1034,1035,1035,1036,1037,1037,1038,1038,1039,1040,1040,1041,1042,1042,1043,1044,1044,1045,1046,1046,1047,1048,1048,1049,1050,1050,1051,1052,1052,1053,1054,1054,1055,1056,1056,1057,1058,1058,1059,1059,1060,1060,1061,1062,1062,1063,1063,1064,1064,1064,1065,1065,1066,1066,1067,1067,1067,1068,1068,1068,1068,1069,1069,1069,1069,1069,1070,1070,1070,1070,1070,1070,1070,1070,1070,1070,1070,1070,1069,1069,1069,1069,1068,1068,1067,1067,1066,1065,1065,1064,1063,1063,1062,1061,1060,1059,1058,1057,1056,1055,1054,1053,1052,1051,1050,1049,1048,1047,1046,1045,1044,1043,1042,1041,1040,1039,1038,1037,1036,1035,1034,1033,1032,1032,1031,1030,1029,1029,1028,1027,1027,1026,1026,1026,1025,1025,1025,1024,1024,1024,1024,1024,1024,1024,1024,1024,1024,1024,1024,1024,1024,1024,1024,1024,1024,1024,1024,1024,1024,1024,1024

lead:aVR
count:520
points:1024,1024,1023,1023,1022,1021,1019,1017,1016,1013,1011,1008,1006,1003,1000,997,993,990,987,983,980,976,973,969,966,963,960,956,954,951,948,946,944,942,940,939,937,937,936,935,935,935,935,934,932,931,929,926,924,922,919,916,913,911,908,906,904,902,900,899,898,897,897,897,897,898,899,899,901,902,903,905,906,908,910,912,914,916,918,920,922,924,926,927,929,930,932,933,934,934,935,935,935,936,936,938,940,942,945,948,952,956,960,965,970,975,980,985,990,994,999,1003,1007,1011,1014,1017,1020,1022,1023,1024,1024,1024,1024,1024,1024,1024,1024,1024,1024,1024,1024,1024,1025,1025,1025,1025,1026,1026,1027,1027,1028,1029,1030,1031,1032,1034,1035,1037,1039,1041,1044,1046,1050,1057,1057,1061,1065,1070,1074,1079,1083,1088,1092,1096,1101,1077,1052,1028,1004,980,956,931,907,883,859,834,810,786,762,738,713,689,665,641,617,592,568,544,520,471,471,498,525,553,579,606,633,659,685,711,736,761,785,809,833,856,878,899,920,941,960,979,997,1014,1031,1046,1061,1075,1088,1099,1110,1120,1129,1137,1144,1150,1154,1158,1161,1163,1163,1135,1111,1091,1075,1061,1050,1041,1035,1030,1027,1025,1024,1024,1024,1024,1024,1024,1024,1024,1024,1024,1024,1024,1024,1024,1024,1024,1024,1024,1024,1024,1024,1024,1024,1024,1024,1024,1024,1024,1024,1024,1024,1024,1024,1024,1024,1024,1024,1024,1024,1024,1024,1024,1024,1024,1024,1024,1024,1024,1024,1024,1024,1024,1024,1024,1024,1024,1024,1024,1024,1024,1024,1024,1024,1024,1024,1024,1024,1024,1024,1024,1024,1024,1024,1024,1024,1024,1024,1024,1024,1024,1024,1024,1024,1024,1024,1024,1024,1024,1023,1023,1023,1022,1022,1021,1020,1020,1019,1018,1017,1016,1015,1014,1012,1011,1010,1008,1007,1005,1004,1002,1000,998,997,995,993,991,989,987,985,983,980,978,976,974,971,969,967,964,962,960,957,955,952,950,947,945,942,940,937,935,932,930,927,925,922,920,918,915,913,910,908,906,904,901,899,897,895,893,891,889,887,885,883,881,879,878,876,874,873,871,870,869,867,866,865,864,863,862,861,860,859,858,858,857,857,856,856,856,856,856,856,856,856,856,857,858,859,860,861,863,864,866,868,870,873,875,877,880,883,886,889,892,895,899,902,906,909,913,917,920,924,928,932,936,940,944,948,951,955,959,963,967,970,974,977,981,984,987,991,994,997,999,1002,1005,1007,1009,1011,1013,1015,1017,1018,1020,1021,1022,1023,1023,1024,1024,1024,1024,1024,1024,1024,1024,1024,1024,1024,1024,1024,1024,1024,1024,1024,1024,1024,1024,1024,1024

lead:aVL
count:520
points:1024,1024,1024,1025,1025,1026,1026,1027,1028,1029,1030,1032,1033,1035,1036,1038,1039,1041,1043,1044,1046,1048,1050,1051,1053,1055,1056,1058,1059,1061,1062,1063,1064,1065,1066,1067,1067,1068,1068,1068,1068,1068,1067,1066,1064,1061,1059,1055,1052,1048,1044,1040,1036,1032,1029,1025,1022,1019,1017,1015,1013,1012,1012,1012,1013,1014,1015,1016,1018,1019,1021,1024,1026,1029,1032,1034,1037,1040,1043,1046,1049,1052,1054,1057,1059,1061,1063,1065,1066,1067,1068,1068,1068,1068,1068,1067,1066,1065,1064,1062,1060,1058,1056,1053,1051,1049,1046,1044,1041,1039,1037,1034,1032,1030,1029,1027,1026,1025,1025,1024,1024,1024,1024,1024,1024,1024,1024,1024,1024,1024,1024,1024,1024,1024,1024,1024,1024,1024,1024,1024,1024,1024,1023,1023,1023,1023,1023,1023,1023,1022,1022,1022,1022,1021,1021,1022,1023,1024,1025,1025,1026,1027,1028,1029,1030,1034,1037,1041,1045,1049,1052,1056,1060,1064,1067,1071,1075,1079,1082,1086,1090,1094,1097,1101,1105,1109,1112,1116,1120,1127,1127,1120,1113,1106,1098,1091,1084,1077,1070,1063,1056,1049,1043,1036,1030,1024,1018,1012,1007,1001,996,991,986,981,977,973,969,965,962,958,955,953,950,948,946,945,944,943,942,941,941,958,972,984,994,1002,1009,1014,1017,1020,1022,1023,1024,1024,1024,1024,1024,1024,1024,1024,1024,1024,1024,1024,1024,1024,1024,1024,1024,1024,1024,1024,1024,1024,1024,1024,1024,1024,1024,1024,1024,1024,1024,1024,1024,1024,1024,1024,1024,1024,1024,1024,1024,1024,1024,1024,1024,1024,1024,1024,1024,1024,1024,1024,1024,1024,1024,1024,1024,1024,1024,1024,1024,1024,1024,1024,1024,1024,1024,1024,1024,1024,1024,1024,1024,1024,1024,1024,1024,1024,1024,1024,1024,1024,1024,1024,1024,1024,1024,1024,1024,1024,1024,1024,1025,1025,1025,1025,1025,1026,1026,1026,1026,1027,1027,1027,1028,1028,1029,1029,1029,1030,1030,1031,1031,1032,1032,1033,1033,1034,1034,1035,1035,1036,1037,1037,1038,1038,1039,1040,1040,1041,1042,1042,1043,1044,1044,1045,1046,1046,1047,1047,1048,1049,1049,1050,1051,1051,1052,1053,1053,1054,1055,1055,1056,1056,1057,1057,1058,1059,1059,1060,1060,1061,1061,1062,1062,1063,1063,1063,1064,1064,1065,1065,1065,1066,1066,1066,1066,1067,1067,1067,1067,1068,1068,1068,1068,1068,1068,1068,1068,1068,1068,1068,1068,1068,1068,1068,1067,1067,1067,1066,1066,1066,1065,1064,1064,1063,1063,1062,1061,1060,1060,1059,1058,1057,1056,1055,1054,1053,1052,1051,1050,1049,1048,1047,1046,1045,1044,1043,1042,1041,1040,1039,1038,1037,1036,1035,1034,1034,1033,1032,1031,1030,1030,1029,1028,1028,1027,1027,1026,1026,1025,1025,1025,1025,1024,1024,1024,1024,1024,1024,1024,1024,1024,1024,1024,1024,1024,1024,1024,1024,1024,1024,1024,1024,1024,1024,1024,1024

lead:aVF
count:520
points:1024,1024,1024,1024,1025,1025,1025,1026,1026,1027,1027,1028,1029,1030,1031,1031,1032,1034,1035,1036,1037,1038,1040,1041,1042,1044,1045,1047,1048,1050,1051,1053,1055,1056,1058,1060,1061,1063,1065,1067,1068,1069,1070,1073,1076,1080,1085,1090,1096,1102,1109,1116,1122,1129,1135,1141,1147,1151,1155,1159,1161,1163,1163,1163,1162,1161,1159,1157,1154,1151,1147,1143,1139,1135,1130,1125,1121,1116,1111,1106,1101,1096,1092,1088,1084,1080,1077,1075,1072,1071,1069,1069,1068,1066,1063,1061,1058,1056,1054,1051,1049,1047,1045,1043,1041,1039,1037,1035,1034,1032,1031,1030,1028,1027,1026,1026,1025,1025,1024,1024,1024,1024,1024,1024,1024,1024,1024,1024,1024,1024,1024,1024,1024,1023,1023,1023,1023,1022,1022,1021,1020,1020,1019,1018,1017,1015,1014,1012,1010,1008,1006,1004,1001,994,994,989,984,978,973,968,963,957,952,947,941,962,982,1003,1023,1044,1064,1084,1105,1125,1146,1166,1187,1207,1228,1248,1269,1289,1310,1330,1351,1371,1391,1412,1432,1473,1473,1453,1434,1414,1394,1375,1355,1336,1317,1298,1280,1262,1244,1226,1209,1192,1176,1160,1145,1130,1116,1102,1089,1076,1064,1053,1042,1032,1023,1014,1006,999,993,987,982,978,974,971,969,968,968,979,989,997,1004,1009,1014,1017,1020,1021,1023,1023,1024,1024,1024,1024,1024,1024,1024,1024,1024,1024,1024,1024,1024,1024,1024,1024,1024,1024,1024,1024,1024,1024,1024,1024,1024,1024,1024,1024,1024,1024,1024,1024,1024,1024,1024,1024,1024,1024,1024,1024,1024,1024,1024,1024,1024,1024,1024,1024,1024,1024,1024,1024,1024,1024,1024,1024,1024,1024,1024,1024,1024,1024,1024,1024,1024,1024,1024,1024,1024,1024,1024,1024,1024,1024,1024,1024,1024,1024,1024,1024,1024,1024,1024,1024,1024,1024,1024,1024,1024,1025,1025,1025,1026,1026,1027,1027,1028,1029,1029,1030,1031,1032,1033,1034,1035,1036,1037,1038,1039,1040,1042,1043,1044,1046,1047,1048,1050,1051,1053,1055,1056,1058,1059,1061,1063,1064,1066,1068,1070,1071,1073,1075,1077,1079,1081,1082,1084,1086,1088,1090,1092,1093,1095,1097,1099,1101,1102,1104,1106,1108,1109,1111,1113,1114,1116,1118,1119,1121,1122,1124,1125,1127,1128,1129,1131,1132,1133,1134,1135,1137,1138,1139,1140,1140,1141,1142,1143,1144,1144,1145,1145,1146,1146,1147,1147,1147,1148,1148,1148,1148,1148,1148,1148,1148,1147,1147,1146,1145,1144,1143,1142,1140,1139,1137,1136,1134,1132,1130,1128,1126,1123,1121,1119,1116,1114,1111,1109,1106,1103,1100,1097,1095,1092,1089,1086,1083,1080,1078,1075,1072,1069,1066,1064,1061,1058,1056,1053,1051,1049,1046,1044,1042,1040,1038,1037,1035,1033,1032,1031,1029,1028,1027,1026,1026,1025,1025,1024,1024,1024,1024,1024,1024,1024,1024,1024,1024,1024,1024,1024,1024,1024,1024,1024,1024,1024,1024,1024,1024

lead:V1
count:520
points:1024,1024,1025,1026,1027,1028,1030,1032,1035,1037,1040,1043,1047,1050,1054,1058,1062,1067,1071,1075,1079,1084,1088,1092,1097,1101,1105,1108,1112,1116,1119,1122,1124,1127,1129,1131,1132,1133,1134,1135,1135,1135,1134,1132,1130,1128,1125,1121,1117,1113,1108,1102,1096,1090,1083,1076,1069,1062,1054,1047,1039,1023,1023,1018,1014,1010,1005,1001,997,993,989,985,981,977,974,970,967,964,961,958,955,953,950,948,946,945,943,942,941,940,940,939,939,939,940,941,943,946,948,952,955,959,963,968,972,977,982,986,991,996,1000,1004,1008,1012,1015,1017,1020,1022,1023,1024,1024,1024,1024,1024,1024,1024,1024,1024,1024,1024,1024,1024,1024,1024,1024,1024,1024,1024,1024,1024,1024,1024,1024,1024,1024,1025,1025,1025,1025,1025,1025,1025,1026,1026,1026,1030,1035,1039,1043,1048,1052,1056,1060,1065,1069,1066,1063,1060,1058,1055,1052,1049,1046,1043,1040,1037,1035,1032,1029,1026,1023,1020,1017,1014,1012,1009,1006,1003,1000,994,994,979,965,950,935,921,906,892,878,864,850,836,823,810,797,785,772,761,749,738,727,717,707,698,689,681,673,665,658,652,646,640,635,631,627,624,622,620,618,617,617,698,768,827,876,916,948,973,992,1005,1015,1020,1023,1024,1024,1024,1024,1025,1025,1025,1025,1025,1026,1026,1026,1026,1026,1027,1027,1027,1027,1027,1027,1028,1028,1028,1028,1028,1029,1029,1029,1029,1029,1030,1030,1030,1030,1030,1031,1031,1031,1031,1031,1032,1032,1032,1032,1032,1033,1033,1033,1033,1033,1033,1034,1034,1034,1034,1034,1035,1035,1035,1035,1035,1036,1036,1036,1036,1036,1037,1037,1037,1037,1037,1038,1038,1038,1038,1038,1039,1039,1039,1039,1039,1040,1040,1040,1040,1040,1040,1040,1040,1041,1041,1041,1042,1042,1042,1043,1044,1044,1045,1045,1046,1047,1047,1048,1049,1050,1051,1052,1053,1054,1055,1056,1057,1058,1059,1060,1062,1063,1064,1065,1067,1068,1069,1071,1072,1073,1075,1076,1078,1079,1080,1082,1083,1085,1086,1088,1089,1091,1092,1093,1095,1096,1098,1099,1101,1102,1103,1105,1106,1108,1109,1110,1112,1113,1114,1115,1117,1118,1119,1120,1121,1122,1123,1124,1125,1126,1127,1128,1129,1130,1131,1131,1132,1133,1134,1134,1135,1135,1136,1136,1137,1137,1137,1138,1138,1138,1138,1138,1138,1138,1138,1138,1138,1137,1137,1136,1135,1134,1133,1132,1131,1130,1128,1127,1125,1123,1122,1120,1118,1116,1113,1111,1109,1107,1104,1102,1099,1097,1094,1092,1089,1086,1084,1081,1079,1076,1073,1071,1068,1066,1063,1061,1058,1056,1053,1051,1049,1047,1045,1043,1041,1039,1037,1036,1034,1033,1031,1030,1029,1028,1027,1026,1026,1025,1025,1024,1024,1024,1024,1024,1024,1024,1024,1024,1024,1024,1024,1024,1024,1024,1024,1024,1024,1024,1024,1024,1024

lead:V2
count:520
points:1024,1024,1025,1026,1028,1030,1032,1035,1039,1042,1046,1051,1056,1061,1066,1071,1077,1083,1089,1095,1101,1107,1113,1119,1125,1130,1136,1141,1146,1151,1155,1159,1163,1166,1169,1172,1174,1175,1177,1177,1178,1177,1176,1174,1172,1169,1165,1161,1156,1150,1144,1137,1130,1122,1114,1106,1097,1088,1078,1069,1059,1039,1039,1036,1032,1029,1026,1022,1019,1016,1012,1009,1006,1003,1000,997,995,992,990,988,986,984,982,980,979,977,976,975,974,974,973,973,973,973,973,974,975,977,978,980,982,985,987,990,993,996,998,1001,1004,1007,1010,1012,1014,1017,1018,1020,1021,1023,1023,1024,1024,1024,1024,1024,1024,1024,1024,1024,1024,1024,1024,1024,1024,1024,1024,1024,1024,1024,1024,1024,1024,1024,1024,1024,1024,1024,1024,1024,1024,1024,1024,1024,1024,1024,1024,1027,1029,1032,1034,1037,1039,1042,1044,1047,1050,1054,1058,1063,1067,1071,1076,1080,1084,1089,1093,1097,1102,1106,1110,1115,1119,1123,1128,1132,1136,1141,1145,1149,1154,1162,1162,1139,1116,1093,1070,1047,1025,1002,980,958,937,916,895,875,855,835,816,798,780,763,746,730,715,700,686,673,660,649,638,628,618,610,602,596,590,585,581,578,575,573,573,663,740,805,860,904,940,968,989,1003,1013,1020,1023,1024,1024,1024,1025,1025,1025,1026,1026,1026,1026,1027,1027,1027,1028,1028,1028,1029,1029,1029,1030,1030,1030,1031,1031,1031,1031,1032,1032,1032,1033,1033,1033,1034,1034,1034,1035,1035,1035,1036,1036,1036,1036,1037,1037,1037,1038,1038,1038,1039,1039,1039,1040,1040,1040,1041,1041,1041,1041,1042,1042,1042,1043,1043,1043,1044,1044,1044,1045,1045,1045,1046,1046,1046,1046,1047,1047,1047,1048,1048,1048,1049,1049,1050,1050,1050,1050,1050,1050,1050,1051,1051,1052,1052,1053,1054,1054,1055,1056,1057,1058,1059,1060,1061,1062,1064,1065,1066,1068,1069,1071,1072,1074,1075,1077,1079,1081,1082,1084,1086,1088,1090,1092,1094,1096,1098,1100,1102,1104,1106,1109,1111,1113,1115,1117,1119,1122,1124,1126,1128,1130,1133,1135,1137,1139,1141,1143,1146,1148,1150,1152,1154,1156,1158,1160,1162,1163,1165,1167,1169,1171,1172,1174,1176,1177,1179,1180,1181,1183,1184,1185,1187,1188,1189,1190,1191,1192,1193,1193,1194,1195,1195,1196,1196,1197,1197,1198,1198,1198,1198,1198,1198,1198,1197,1197,1196,1195,1194,1192,1191,1189,1187,1185,1183,1180,1178,1175,1173,1170,1167,1163,1160,1157,1153,1150,1146,1142,1139,1135,1131,1127,1123,1119,1115,1111,1107,1103,1099,1095,1091,1087,1083,1080,1076,1072,1069,1065,1062,1059,1055,1052,1049,1047,1044,1042,1039,1037,1035,1033,1031,1030,1029,1027,1026,1025,1025,1024,1024,1024,1024,1024,1024,1024,1024,1024,1024,1024,1024,1024,1024,1024,1024,1024,1024,1024,1024,1024,1024

lead:V3
count:520
points:1024,1024,1025,1026,1028,1031,1033,1037,1041,1045,1049,1054,1060,1065,1071,1077,1084,1090,1097,1104,1111,1117,1124,1131,1137,1144,1150,1156,1162,1167,1172,1176,1181,1184,1188,1191,1193,1195,1196,1197,1197,1197,1196,1194,1191,1188,1184,1180,1174,1169,1162,1155,1148,1140,1131,1123,1113,1104,1094,1084,1074,1054,1054,1051,1048,1045,1043,1040,1037,1034,1032,1029,1027,1024,1022,1020,1018,1016,1014,1012,1010,1009,1007,1006,1005,1004,1003,1002,1001,1001,1000,1000,1000,1000,1000,1001,1001,1002,1003,1004,1005,1006,1007,1008,1009,1011,1012,1013,1015,1016,1017,1018,1019,1020,1021,1022,1023,1023,1024,1024,1024,1024,1024,1024,1024,1024,1024,1024,1024,1024,1024,1024,1024,1024,1024,1024,1024,1024,1024,1024,1024,1024,1024,1024,1024,1023,1023,1023,1023,1023,1023,1023,1022,1022,1022,1022,1023,1023,1024,1024,1025,1025,1025,1026,1026,1037,1048,1059,1070,1081,1092,1103,1113,1124,1135,1146,1157,1168,1179,1190,1201,1211,1222,1233,1244,1255,1266,1277,1288,1309,1309,1282,1254,1226,1198,1171,1143,1116,1089,1063,1037,1011,986,962,937,914,891,869,847,826,806,787,768,750,733,717,702,688,675,663,652,642,632,624,617,611,606,602,600,598,598,683,755,817,869,911,944,971,990,1005,1014,1020,1023,1024,1024,1024,1025,1025,1026,1026,1026,1027,1027,1027,1028,1028,1029,1029,1029,1030,1030,1031,1031,1031,1032,1032,1032,1033,1033,1034,1034,1034,1035,1035,1036,1036,1036,1037,1037,1037,1038,1038,1039,1039,1039,1040,1040,1040,1041,1041,1042,1042,1042,1043,1043,1044,1044,1044,1045,1045,1045,1046,1046,1047,1047,1047,1048,1048,1049,1049,1049,1050,1050,1050,1051,1051,1052,1052,1052,1053,1053,1054,1054,1054,1055,1055,1055,1056,1056,1056,1056,1056,1057,1057,1058,1059,1059,1060,1061,1062,1063,1064,1065,1066,1068,1069,1070,1072,1074,1075,1077,1079,1080,1082,1084,1086,1088,1090,1092,1094,1097,1099,1101,1103,1106,1108,1110,1113,1115,1118,1120,1123,1125,1128,1131,1133,1136,1138,1141,1144,1146,1149,1151,1154,1157,1159,1162,1164,1167,1169,1172,1174,1177,1179,1181,1184,1186,1188,1191,1193,1195,1197,1199,1201,1203,1205,1207,1209,1210,1212,1214,1215,1217,1218,1219,1221,1222,1223,1224,1225,1226,1227,1228,1229,1229,1230,1230,1231,1231,1231,1232,1232,1232,1232,1231,1231,1230,1229,1228,1226,1225,1223,1221,1219,1216,1214,1211,1208,1205,1201,1198,1194,1190,1187,1183,1178,1174,1170,1165,1161,1156,1152,1147,1142,1137,1133,1128,1123,1118,1114,1109,1104,1099,1095,1090,1086,1082,1077,1073,1069,1065,1062,1058,1054,1051,1048,1045,1042,1040,1037,1035,1033,1031,1029,1028,1027,1026,1025,1024,1024,1024,1024,1024,1024,1024,1024,1024,1024,1024,1024,1024,1024,1024,1024,1024,1024,1024,1024,1024,1024

lead:V4
count:520
points:1024,1024,1025,1026,1028,1030,1033,1036,1040,1044,1048,1053,1058,1064,1069,1075,1081,1088,1094,1101,1107,1114,1120,1127,1133,1139,1145,1151,1156,1161,1166,1170,1174,1178,1181,1184,1186,1188,1189,1190,1190,1190,1189,1187,1185,1182,1179,1175,1170,1165,1159,1153,1147,1140,1132,1124,1116,1108,1100,1091,1082,1064,1064,1062,1061,1059,1057,1056,1054,1052,1051,1049,1048,1046,1045,1044,1042,1041,1040,1039,1038,1037,1036,1035,1034,1034,1033,1033,1032,1032,1032,1032,1032,1032,1031,1031,1031,1031,1031,1030,1030,1030,1029,1029,1029,1028,1028,1027,1027,1027,1026,1026,1025,1025,1025,1025,1024,1024,1024,1024,1024,1024,1024,1024,1024,1024,1024,1024,1024,1024,1024,1024,1024,1024,1024,1024,1024,1024,1024,1024,1024,1023,1023,1023,1023,1023,1023,1023,1022,1022,1022,1021,1021,1020,1020,1019,1017,1015,1013,1011,1009,1008,1006,1004,1002,1018,1034,1050,1066,1082,1098,1113,1129,1145,1161,1177,1193,1209,1225,1241,1257,1273,1288,1304,1320,1336,1352,1368,1384,1416,1416,1387,1359,1330,1302,1274,1246,1218,1191,1164,1138,1111,1086,1060,1036,1012,988,966,944,922,902,882,863,845,828,811,796,781,768,755,744,734,724,716,709,703,698,694,691,689,689,755,813,861,902,935,961,982,998,1009,1016,1021,1023,1024,1024,1024,1025,1025,1026,1026,1026,1027,1027,1028,1028,1028,1029,1029,1030,1030,1030,1031,1031,1032,1032,1032,1033,1033,1034,1034,1034,1035,1035,1036,1036,1036,1037,1037,1038,1038,1038,1039,1039,1039,1040,1040,1041,1041,1041,1042,1042,1043,1043,1043,1044,1044,1045,1045,1045,1046,1046,1047,1047,1047,1048,1048,1049,1049,1049,1050,1050,1051,1051,1051,1052,1052,1053,1053,1053,1054,1054,1055,1055,1055,1056,1057,1057,1057,1057,1057,1057,1058,1058,1058,1059,1060,1060,1061,1062,1063,1064,1065,1066,1068,1069,1070,1072,1073,1075,1076,1078,1080,1082,1083,1085,1087,1089,1091,1094,1096,1098,1100,1102,1105,1107,1109,1112,1114,1117,1119,1122,1124,1127,1130,1132,1135,1137,1140,1143,1145,1148,1150,1153,1156,1158,1161,1163,1166,1169,1171,1174,1176,1178,1181,1183,1186,1188,1190,1192,1195,1197,1199,1201,1203,1205,1207,1209,1211,1212,1214,1216,1217,1219,1220,1221,1223,1224,1225,1226,1227,1228,1229,1230,1231,1231,1232,1232,1233,1233,1233,1234,1234,1234,1234,1233,1233,1232,1231,1230,1228,1227,1225,1223,1221,1218,1215,1213,1210,1206,1203,1200,1196,1192,1188,1184,1180,1176,1171,1167,1162,1158,1153,1148,1143,1139,1134,1129,1124,1119,1114,1110,1105,1100,1096,1091,1087,1082,1078,1074,1070,1066,1062,1058,1055,1051,1048,1045,1042,1040,1037,1035,1033,1031,1029,1028,1027,1026,1025,1024,1024,1024,1024,1024,1024,1024,1024,1024,1024,1024,1024,1024,1024,1024,1024,1024,1024,1024,1024,1024,1024

lead:V5
count:520
points:1024,1024,1025,1026,1027,1029,1031,1034,1037,1040,1044,1048,1052,1056,1061,1065,1070,1075,1081,1086,1091,1096,1102,1107,1112,1117,1122,1126,1131,1135,1139,1142,1145,1148,1151,1153,1155,1156,1157,1158,1158,1158,1157,1156,1155,1153,1150,1147,1144,1140,1136,1132,1127,1122,1117,1111,1105,1099,1093,1087,1081,1068,1068,1067,1067,1067,1066,1066,1066,1065,1065,1065,1065,1064,1064,1064,1063,1063,1063,1063,1063,1062,1062,1062,1062,1062,1062,1062,1061,1061,1061,1061,1061,1061,1061,1060,1059,1058,1057,1056,1054,1053,1051,1049,1047,1045,1043,1041,1039,1036,1035,1033,1031,1029,1028,1027,1026,1025,1024,1024,1024,1024,1024,1024,1024,1024,1024,1024,1024,1024,1024,1024,1024,1024,1024,1024,1024,1024,1024,1024,1023,1023,1023,1023,1023,1023,1022,1022,1022,1021,1021,1021,1020,1019,1019,1016,1012,1008,1004,1000,997,993,989,985,982,1000,1018,1037,1055,1074,1092,1111,1129,1147,1166,1184,1203,1221,1239,1258,1276,1295,1313,1331,1350,1368,1387,1405,1423,1460,1460,1435,1411,1386,1361,1337,1313,1289,1265,1242,1219,1196,1174,1152,1130,1109,1089,1069,1050,1032,1014,996,980,964,949,935,922,909,898,887,877,868,860,852,846,841,836,833,831,829,829,868,901,929,953,972,988,1000,1009,1015,1019,1022,1023,1024,1024,1024,1025,1025,1025,1026,1026,1026,1027,1027,1027,1028,1028,1029,1029,1029,1030,1030,1030,1031,1031,1031,1032,1032,1032,1033,1033,1033,1034,1034,1034,1035,1035,1036,1036,1036,1037,1037,1037,1038,1038,1038,1039,1039,1039,1040,1040,1040,1041,1041,1041,1042,1042,1043,1043,1043,1044,1044,1044,1045,1045,1045,1046,1046,1046,1047,1047,1047,1048,1048,1048,1049,1049,1050,1050,1050,1051,1051,1051,1052,1052,1053,1053,1053,1053,1053,1053,1054,1054,1054,1055,1055,1056,1057,1057,1058,1059,1060,1061,1062,1063,1064,1066,1067,1068,1070,1071,1073,1074,1076,1077,1079,1081,1082,1084,1086,1088,1090,1092,1094,1096,1098,1100,1102,1104,1106,1108,1111,1113,1115,1117,1119,1122,1124,1126,1128,1131,1133,1135,1137,1140,1142,1144,1146,1148,1150,1153,1155,1157,1159,1161,1163,1165,1167,1169,1171,1172,1174,1176,1178,1179,1181,1183,1184,1186,1187,1188,1190,1191,1192,1193,1195,1196,1197,1198,1198,1199,1200,1201,1201,1202,1202,1203,1203,1203,1204,1204,1204,1204,1204,1204,1203,1202,1202,1201,1199,1198,1196,1195,1193,1191,1188,1186,1183,1181,1178,1175,1171,1168,1165,1161,1158,1154,1150,1147,1143,1139,1135,1131,1126,1122,1118,1114,1110,1106,1102,1097,1093,1089,1085,1081,1078,1074,1070,1067,1063,1060,1057,1053,1050,1047,1045,1042,1040,1037,1035,1033,1032,1030,1029,1027,1026,1026,1025,1024,1024,1024,1024,1024,1024,1024,1024,1024,1024,1024,1024,1024,1024,1024,1024,1024,1024,1024,1024,1024,1024

lead:V6
count:520
points:1024,1024,1025,1025,1026,1027,1028,1030,1032,1034,1036,1038,1041,1044,1046,1049,1052,1055,1059,1062,1065,1068,1071,1075,1078,1081,1084,1086,1089,1092,1094,1096,1098,1100,1101,1103,1104,1105,1105,1106,1106,1106,1105,1104,1103,1101,1099,1097,1094,1091,1088,1085,1083,1080,1077,1074,1072,1070,1068,1067,1066,1065,1065,1065,1065,1065,1066,1066,1067,1068,1068,1069,1070,1071,1072,1073,1074,1075,1076,1077,1078,1079,1080,1081,1082,1083,1083,1084,1085,1085,1085,1085,1085,1085,1085,1084,1082,1081,1079,1076,1074,1071,1068,1065,1062,1058,1055,1051,1048,1045,1041,1038,1036,1033,1031,1029,1027,1026,1025,1024,1024,1024,1024,1024,1024,1024,1024,1024,1024,1024,1024,1024,1024,1024,1024,1024,1024,1024,1024,1024,1023,1023,1023,1023,1023,1023,1022,1022,1022,1021,1021,1020,1020,1019,1019,1014,1009,1004,998,993,988,983,978,973,968,986,1004,1022,1040,1058,1076,1094,1113,1131,1149,1167,1185,1203,1221,1239,1258,1276,1294,1312,1330,1348,1366,1384,1402,1439,1439,1421,1404,1387,1370,1353,1336,1319,1303,1286,1270,1254,1239,1224,1209,1194,1180,1166,1153,1140,1127,1115,1104,1093,1082,1073,1063,1055,1046,1039,1032,1026,1020,1015,1011,1007,1004,1001,1000,998,998,1004,1008,1012,1015,1017,1019,1021,1022,1023,1023,1024,1024,1024,1024,1024,1024,1025,1025,1025,1025,1026,1026,1026,1026,1027,1027,1027,1027,1028,1028,1028,1028,1029,1029,1029,1029,1030,1030,1030,1030,1031,1031,1031,1031,1032,1032,1032,1032,1033,1033,1033,1033,1034,1034,1034,1034,1035,1035,1035,1035,1036,1036,1036,1036,1037,1037,1037,1037,1038,1038,1038,1038,1039,1039,1039,1039,1040,1040,1040,1040,1041,1041,1041,1041,1042,1042,1042,1042,1043,1043,1043,1043,1044,1044,1044,1044,1045,1045,1045,1045,1045,1045,1046,1046,1046,1047,1047,1048,1048,1049,1049,1050,1051,1052,1052,1053,1054,1055,1056,1057,1058,1059,1060,1061,1062,1063,1065,1066,1067,1068,1070,1071,1072,1074,1075,1076,1078,1079,1081,1082,1084,1085,1087,1088,1090,1091,1093,1094,1096,1097,1099,1100,1102,1103,1105,1106,1108,1109,1111,1112,1114,1115,1116,1118,1119,1120,1122,1123,1124,1126,1127,1128,1129,1130,1131,1132,1133,1134,1135,1136,1137,1138,1139,1140,1141,1141,1142,1143,1143,1144,1144,1145,1145,1145,1146,1146,1146,1147,1147,1147,1147,1147,1147,1147,1146,1146,1145,1145,1144,1143,1142,1140,1139,1138,1136,1134,1133,1131,1129,1127,1125,1122,1120,1118,1115,1113,1110,1108,1105,1102,1100,1097,1094,1091,1088,1085,1083,1080,1077,1074,1071,1069,1066,1063,1061,1058,1056,1053,1051,1048,1046,1044,1042,1040,1038,1036,1035,1033,1032,1030,1029,1028,1027,1026,1026,1025,1025,1024,1024,1024,1024,1024,1024,1024,1024,1024,1024,1024,1024,1024,1024,1024,1024,1024,1024,1024,1024,1024,1024

