pathology:biventrhyper
group:hypertrophy
title:Biventricular hypertrophy
name:Гипертрофия обоих желудочков
leads:12

lead:I
count:520
points:1024,1024,1024,1024,1025,1025,1026,1027,1027,1028,1029,1030,1032,1033,1034,1036,1037,1039,1040,1042,1043,1045,1047,1049,1050,1052,1054,1056,1057,1059,1061,1063,1064,1066,1067,1069,1070,1071,1073,1074,1075,1076,1077,1078,1078,1079,1079,1080,1080,1080,1080,1080,1080,1080,1079,1079,1078,1078,1077,1076,1075,1074,1073,1071,1070,1069,1067,1066,1064,1063,1061,1059,1057,1056,1054,1052,1050,1049,1047,1045,1043,1042,1040,1039,1037,1036,1034,1033,1032,1030,1029,1028,1027,1027,1026,1025,1025,1024,1024,1024,1024,1024,1024,1024,1024,1024,1024,1024,1024,1024,1024,1024,1024,1024,1024,1024,1024,1024,1024,1024,1024,1024,1024,1024,1024,1024,1024,1024,1024,1024,1024,1024,1024,1024,1024,1024,1024,1024,1023,1023,1023,1023,1023,1023,1022,1022,1022,1022,1021,1021,1021,1020,1020,1019,1019,1017,1016,1014,1013,1011,1010,1008,1007,1005,1004,1009,1014,1019,1025,1030,1035,1041,1046,1051,1057,1062,1067,1073,1078,1083,1089,1094,1099,1105,1110,1115,1120,1126,1131,1142,1142,1114,1087,1060,1033,1005,978,951,923,896,869,841,814,787,759,732,705,678,650,623,596,568,541,486,486,538,587,632,674,713,749,782,812,840,865,887,908,926,942,957,969,980,990,997,1004,1009,1014,1017,1020,1022,1023,1023,1024,1024,1024,1024,1024,1024,1024,1024,1024,1024,1024,1024,1024,1024,1024,1024,1024,1024,1024,1024,1024,1024,1024,1024,1024,1024,1024,1024,1024,1024,1024,1024,1024,1024,1024,1024,1024,1024,1024,1024,1024,1024,1024,1024,1024,1024,1024,1024,1024,1024,1024,1024,1024,1024,1024,1024,1024,1024,1024,1024,1024,1024,1024,1024,1024,1024,1024,1024,1024,1024,1024,1024,1024,1024,1024,1024,1024,1024,1024,1024,1024,1024,1024,1024,1024,1024,1024,1024,1025,1025,1025,1026,1026,1027,1027,1028,1029,1029,1030,1031,1032,1033,1034,1035,1037,1038,1039,1041,1042,1043,1045,1047,1048,1050,1051,1053,1055,1057,1059,1060,1062,1064,1066,1068,1070,1072,1074,1077,1079,1081,1083,1085,1087,1089,1092,1094,1096,1098,1100,1103,1105,1107,1109,1111,1114,1116,1118,1120,1122,1124,1126,1128,1130,1132,1134,1136,1138,1140,1142,1143,1145,1147,1148,1150,1152,1153,1154,1156,1157,1159,1160,1161,1162,1163,1164,1165,1166,1167,1168,1169,1169,1170,1170,1171,1171,1172,1172,1172,1172,1172,1172,1172,1172,1172,1171,1171,1170,1169,1167,1166,1165,1163,1161,1159,1157,1155,1153,1151,1148,1146,1143,1140,1137,1134,1131,1128,1125,1122,1119,1115,1112,1108,1105,1102,1098,1095,1091,1088,1085,1081,1078,1075,1071,1068,1065,1062,1059,1056,1054,1051,1048,1046,1043,1041,1039,1037,1035,1033,1032,1030,1029,1028,1027,1026,1025,1025,1024,1024,1024,1024,1024,1024,1024,1024,1024,1024,1024,1024,1024,1024,1024,1024,1024,1024,1024,1024,1024,1024

lead:II
count:520
points:1024,1024,1025,1025,1027,1028,1030,1032,1034,1037,1040,1043,1047,1051,1055,1059,1063,1068,1073,1077,1082,1087,1093,1098,1103,1108,1114,1119,1124,1129,1135,1140,1144,1149,1154,1158,1162,1166,1170,1174,1177,1180,1183,1185,1187,1189,1190,1191,1192,1193,1193,1193,1192,1191,1190,1189,1187,1185,1183,1180,1177,1174,1170,1166,1162,1158,1154,1149,1144,1140,1135,1129,1124,1119,1114,1108,1103,1098,1093,1087,1082,1077,1073,1068,1063,1059,1055,1051,1047,1043,1040,1037,1034,1032,1030,1028,1027,1025,1025,1024,1024,1024,1024,1024,1024,1024,1024,1024,1024,1024,1024,1024,1024,1024,1024,1024,1024,1024,1024,1024,1024,1024,1024,1024,1024,1024,1024,1024,1024,1024,1023,1023,1023,1023,1022,1022,1021,1021,1020,1019,1018,1017,1016,1015,1013,1012,1010,1008,1006,1004,1001,998,995,988,988,983,977,971,966,960,954,949,943,937,932,949,967,984,1002,1019,1037,1055,1072,1090,1107,1125,1142,1160,1177,1195,1212,1230,1247,1265,1282,1300,1317,1335,1352,1388,1388,1358,1329,1301,1272,1244,1217,1191,1165,1140,1116,1094,1073,1053,1034,1017,1002,988,976,966,957,951,946,942,942,950,957,964,971,977,982,987,992,996,1000,1003,1006,1009,1012,1014,1016,1017,1019,1020,1021,1022,1022,1023,1023,1024,1024,1024,1024,1024,1024,1024,1024,1024,1024,1024,1024,1024,1024,1024,1024,1024,1024,1024,1024,1024,1024,1024,1024,1024,1024,1024,1024,1024,1024,1024,1024,1024,1024,1024,1024,1024,1024,1024,1024,1024,1024,1024,1024,1024,1024,1024,1024,1024,1024,1024,1024,1024,1024,1024,1024,1024,1024,1024,1024,1024,1024,1024,1024,1024,1024,1024,1024,1024,1024,1024,1024,1024,1024,1024,1024,1024,1024,1024,1024,1024,1024,1024,1024,1024,1024,1024,1024,1024,1024,1024,1024,1024,1024,1025,1025,1025,1025,1025,1026,1026,1026,1026,1027,1027,1028,1028,1028,1029,1029,1030,1030,1031,1031,1032,1032,1033,1033,1034,1035,1035,1036,1037,1037,1038,1039,1039,1040,1041,1041,1042,1043,1044,1044,1045,1046,1047,1047,1048,1049,1050,1050,1051,1052,1053,1053,1054,1055,1056,1056,1057,1058,1059,1059,1060,1061,1061,1062,1063,1063,1064,1065,1065,1066,1066,1067,1067,1068,1068,1069,1069,1070,1070,1071,1071,1072,1072,1072,1073,1073,1073,1074,1074,1074,1074,1074,1075,1075,1075,1075,1075,1075,1075,1075,1075,1075,1075,1075,1075,1074,1074,1073,1073,1073,1072,1071,1071,1070,1069,1069,1068,1067,1066,1065,1064,1063,1062,1061,1060,1059,1058,1057,1055,1054,1053,1052,1051,1050,1048,1047,1046,1045,1044,1043,1041,1040,1039,1038,1037,1036,1035,1034,1033,1032,1031,1031,1030,1029,1028,1028,1027,1027,1026,1026,1025,1025,1025,1024,1024,1024,1024,1024,1024,1024,1024,1024,1024,1024,1024,1024,1024,1024,1024,1024,1024,1024,1024,1024,1024,1024,1024

lead:III
count:520
points:1024,1024,1024,1025,1026,1027,1028,1029,1031,1033,1035,1037,1039,1042,1044,1047,1050,1053,1056,1060,1063,1066,1070,1073,1077,1080,1084,1087,1091,1094,1098,1101,1104,1107,1110,1113,1116,1119,1121,1124,1126,1128,1130,1131,1133,1134,1135,1136,1136,1137,1137,1137,1136,1136,1135,1134,1133,1131,1130,1128,1126,1124,1121,1119,1116,1113,1110,1107,1104,1101,1098,1094,1091,1087,1084,1080,1077,1073,1070,1066,1063,1060,1056,1053,1050,1047,1044,1042,1039,1037,1035,1033,1031,1029,1028,1027,1026,1025,1024,1024,1024,1024,1024,1024,1024,1024,1024,1024,1024,1024,1024,1024,1024,1024,1024,1024,1024,1024,1024,1024,1024,1024,1024,1024,1024,1024,1024,1024,1024,1024,1023,1023,1023,1023,1022,1022,1022,1021,1021,1020,1019,1018,1017,1016,1015,1014,1012,1010,1009,1007,1004,1002,999,993,993,989,985,981,977,973,969,965,961,956,952,965,977,989,1001,1013,1026,1038,1050,1062,1074,1087,1099,1111,1123,1135,1148,1160,1172,1184,1197,1209,1221,1233,1245,1270,1270,1279,1287,1296,1305,1313,1322,1331,1340,1348,1357,1366,1375,1383,1392,1401,1410,1418,1427,1436,1445,1453,1462,1480,1480,1436,1394,1356,1321,1288,1257,1229,1204,1180,1159,1140,1122,1107,1093,1081,1070,1061,1053,1046,1041,1036,1033,1030,1028,1026,1025,1024,1024,1024,1024,1024,1024,1024,1024,1024,1024,1024,1024,1024,1024,1024,1024,1024,1024,1024,1024,1024,1024,1024,1024,1024,1024,1024,1024,1024,1024,1024,1024,1024,1024,1024,1024,1024,1024,1024,1024,1024,1024,1024,1024,1024,1024,1024,1024,1024,1024,1024,1024,1024,1024,1024,1024,1024,1024,1024,1024,1024,1024,1024,1024,1024,1024,1024,1024,1024,1024,1024,1024,1024,1024,1024,1024,1024,1024,1024,1024,1024,1024,1024,1024,1024,1024,1024,1024,1024,1024,1023,1023,1023,1023,1022,1022,1021,1021,1020,1020,1019,1019,1018,1017,1016,1016,1015,1014,1013,1012,1011,1010,1009,1008,1007,1006,1005,1004,1003,1001,1000,999,998,996,995,994,992,991,990,988,987,985,984,983,981,980,978,977,975,974,972,971,970,968,967,965,964,963,961,960,958,957,956,954,953,952,951,949,948,947,946,945,944,943,941,940,939,939,938,937,936,935,934,933,933,932,931,931,930,930,929,929,928,928,928,927,927,927,927,927,927,927,927,927,927,928,928,929,929,930,931,932,933,934,935,937,938,939,941,943,944,946,948,950,952,954,956,958,960,962,964,966,969,971,973,975,978,980,982,984,986,989,991,993,995,997,999,1001,1003,1005,1006,1008,1010,1011,1013,1014,1015,1017,1018,1019,1020,1021,1021,1022,1023,1023,1024,1024,1024,1024,1024,1024,1024,1024,1024,1024,1024,1024,1024,1024,1024,1024,1024,1024,1024,1024,1024,1024,1024

lead:aVR
count:520
points:1024,1024,1023,1023,1022,1021,1019,1018,1016,1014,1012,1009,1006,1003,1000,997,994,990,987,983,979,975,971,967,963,959,955,951,947,943,939,935,931,928,924,921,918,914,912,909,906,904,902,900,899,897,896,895,894,894,894,894,894,895,896,897,899,900,902,904,906,909,912,914,918,921,924,928,931,935,939,943,947,951,955,959,963,967,971,975,979,983,987,990,994,997,1000,1003,1006,1009,1012,1014,1016,1018,1019,1021,1022,1023,1023,1024,1024,1024,1024,1024,1024,1024,1024,1024,1024,1024,1024,1024,1024,1024,1024,1024,1024,1024,1024,1024,1024,1024,1024,1024,1024,1024,1024,1024,1024,1024,1024,1025,1025,1025,1025,1025,1026,1026,1027,1027,1028,1028,1029,1030,1031,1032,1033,1034,1036,1037,1039,1041,1043,1048,1048,1052,1056,1060,1064,1068,1072,1077,1081,1085,1089,1076,1063,1049,1036,1023,1010,997,984,970,957,944,931,918,904,891,878,865,852,838,825,812,799,786,773,746,746,773,799,826,852,879,905,932,958,984,1011,1037,1064,1090,1117,1143,1170,1196,1223,1249,1276,1302,1329,1382,1382,1347,1315,1285,1257,1231,1207,1185,1165,1147,1130,1115,1101,1089,1078,1069,1060,1053,1047,1042,1037,1034,1031,1029,1027,1026,1025,1024,1024,1024,1024,1024,1024,1024,1024,1024,1024,1024,1024,1024,1024,1024,1024,1024,1024,1024,1024,1024,1024,1024,1024,1024,1024,1024,1024,1024,1024,1024,1024,1024,1024,1024,1024,1024,1024,1024,1024,1024,1024,1024,1024,1024,1024,1024,1024,1024,1024,1024,1024,1024,1024,1024,1024,1024,1024,1024,1024,1024,1024,1024,1024,1024,1024,1024,1024,1024,1024,1024,1024,1024,1024,1024,1024,1024,1024,1024,1024,1024,1024,1024,1024,1024,1024,1024,1024,1024,1024,1023,1023,1023,1022,1022,1021,1021,1020,1020,1019,1018,1018,1017,1016,1015,1014,1013,1012,1011,1010,1009,1008,1007,1005,1004,1003,1001,1000,999,997,996,994,993,991,990,988,986,985,983,982,980,978,977,975,973,971,970,968,966,965,963,961,960,958,956,954,953,951,950,948,946,945,943,942,940,939,937,936,934,933,931,930,929,927,926,925,924,923,922,921,920,919,918,917,916,915,914,914,913,912,912,911,911,910,910,910,909,909,909,909,909,909,909,909,909,910,910,911,912,913,914,915,916,917,919,920,922,924,926,928,930,932,934,936,938,941,943,946,948,951,953,956,958,961,964,966,969,972,974,977,980,982,985,987,990,992,994,997,999,1001,1003,1005,1007,1009,1011,1012,1014,1015,1017,1018,1019,1020,1021,1022,1022,1023,1023,1024,1024,1024,1024,1024,1024,1024,1024,1024,1024,1024,1024,1024,1024,1024,1024,1024,1024,1024,1024,1024,1024

lead:aVL
count:520
points:1024,1024,1024,1024,1023,1023,1023,1022,1022,1021,1021,1020,1020,1019,1018,1017,1016,1016,1015,1014,1013,1012,1011,1010,1009,1008,1007,1006,1005,1004,1003,1002,1001,1000,999,998,997,997,996,995,995,994,993,993,993,992,992,992,992,992,991,992,992,992,992,992,993,993,993,994,995,995,996,997,997,998,999,1000,1001,1002,1003,1004,1005,1006,1007,1008,1009,1010,1011,1012,1013,1014,1015,1016,1016,1017,1018,1019,1020,1020,1021,1021,1022,1022,1023,1023,1023,1024,1024,1024,1024,1024,1024,1024,1024,1024,1024,1024,1024,1024,1024,1024,1024,1024,1024,1024,1024,1024,1024,1024,1024,1024,1024,1024,1024,1024,1024,1024,1024,1024,1024,1024,1024,1025,1025,1025,1025,1025,1026,1026,1026,1027,1027,1028,1028,1029,1030,1031,1031,1032,1033,1035,1036,1039,1039,1040,1042,1043,1045,1046,1048,1049,1051,1052,1054,1050,1046,1042,1038,1034,1030,1026,1022,1018,1014,1010,1006,1002,998,994,990,986,982,978,974,970,966,962,958,950,950,929,908,888,867,846,825,804,784,763,742,721,700,679,659,638,617,596,575,555,534,513,492,451,451,506,558,606,651,692,730,766,798,827,854,878,900,920,937,952,966,977,987,996,1003,1009,1013,1017,1019,1021,1023,1023,1024,1024,1024,1024,1024,1024,1024,1024,1024,1024,1024,1024,1024,1024,1024,1024,1024,1024,1024,1024,1024,1024,1024,1024,1024,1024,1024,1024,1024,1024,1024,1024,1024,1024,1024,1024,1024,1024,1024,1024,1024,1024,1024,1024,1024,1024,1024,1024,1024,1024,1024,1024,1024,1024,1024,1024,1024,1024,1024,1024,1024,1024,1024,1024,1024,1024,1024,1024,1024,1024,1024,1024,1024,1024,1024,1024,1024,1024,1024,1024,1024,1024,1024,1024,1024,1024,1024,1024,1024,1025,1025,1026,1026,1027,1027,1028,1028,1029,1030,1031,1032,1033,1034,1035,1036,1037,1039,1040,1041,1043,1044,1046,1047,1049,1050,1052,1054,1055,1057,1059,1061,1063,1064,1066,1068,1070,1072,1074,1076,1078,1080,1082,1084,1087,1089,1091,1093,1095,1097,1099,1101,1103,1105,1107,1110,1112,1114,1116,1118,1120,1122,1124,1125,1127,1129,1131,1133,1135,1136,1138,1140,1141,1143,1144,1146,1147,1149,1150,1151,1153,1154,1155,1156,1157,1158,1159,1160,1161,1161,1162,1163,1163,1164,1164,1165,1165,1165,1166,1166,1166,1166,1166,1166,1165,1165,1164,1163,1162,1161,1160,1158,1157,1155,1153,1152,1150,1147,1145,1143,1140,1138,1135,1132,1129,1127,1124,1121,1117,1114,1111,1108,1105,1101,1098,1095,1092,1088,1085,1082,1079,1076,1072,1069,1066,1063,1060,1058,1055,1052,1050,1047,1045,1043,1040,1038,1036,1035,1033,1031,1030,1029,1028,1027,1026,1025,1025,1024,1024,1024,1024,1024,1024,1024,1024,1024,1024,1024,1024,1024,1024,1024,1024,1024,1024,1024,1024,1024,1024

lead:aVF
count:520
points:1024,1024,1025,1025,1027,1028,1030,1032,1034,1037,1040,1043,1046,1050,1053,1058,1062,1066,1071,1075,1080,1085,1090,1095,1100,1105,1110,1115,1121,1126,1130,1135,1140,1144,1149,1153,1157,1161,1165,1168,1171,1174,1177,1179,1181,1183,1184,1185,1186,1186,1187,1186,1186,1185,1184,1183,1181,1179,1177,1174,1171,1168,1165,1161,1157,1153,1149,1144,1140,1135,1130,1126,1121,1115,1110,1105,1100,1095,1090,1085,1080,1075,1071,1066,1062,1058,1053,1050,1046,1043,1040,1037,1034,1032,1030,1028,1027,1025,1025,1024,1024,1024,1024,1024,1024,1024,1024,1024,1024,1024,1024,1024,1024,1024,1024,1024,1024,1024,1024,1024,1024,1024,1024,1024,1024,1024,1024,1024,1024,1023,1023,1023,1023,1022,1022,1022,1021,1020,1020,1019,1018,1017,1016,1014,1013,1011,1009,1007,1005,1002,999,996,993,986,986,980,974,969,963,957,952,946,941,935,929,947,964,981,998,1015,1032,1050,1067,1084,1101,1118,1135,1153,1170,1187,1204,1221,1238,1256,1273,1290,1307,1324,1341,1376,1376,1370,1364,1359,1353,1347,1342,1336,1330,1325,1319,1313,1308,1302,1296,1291,1285,1279,1274,1268,1262,1257,1251,1240,1240,1219,1199,1181,1164,1149,1134,1121,1109,1098,1088,1079,1071,1063,1057,1051,1046,1042,1038,1035,1032,1030,1028,1027,1026,1025,1025,1024,1024,1024,1024,1024,1024,1024,1024,1024,1024,1024,1024,1024,1024,1024,1024,1024,1024,1024,1024,1024,1024,1024,1024,1024,1024,1024,1024,1024,1024,1024,1024,1024,1024,1024,1024,1024,1024,1024,1024,1024,1024,1024,1024,1024,1024,1024,1024,1024,1024,1024,1024,1024,1024,1024,1024,1024,1024,1024,1024,1024,1024,1024,1024,1024,1024,1024,1024,1024,1024,1024,1024,1024,1024,1024,1024,1024,1024,1024,1024,1024,1024,1024,1024,1024,1024,1024,1024,1024,1024,1024,1024,1024,1024,1024,1023,1023,1023,1023,1023,1023,1023,1022,1022,1022,1022,1022,1021,1021,1021,1021,1020,1020,1020,1019,1019,1019,1018,1018,1018,1017,1017,1017,1016,1016,1016,1015,1015,1015,1014,1014,1013,1013,1013,1012,1012,1011,1011,1011,1010,1010,1010,1009,1009,1008,1008,1008,1007,1007,1006,1006,1006,1005,1005,1005,1004,1004,1004,1003,1003,1003,1002,1002,1002,1001,1001,1001,1001,1000,1000,1000,1000,999,999,999,999,999,999,998,998,998,998,998,998,998,998,998,997,997,997,997,997,997,997,998,998,998,998,998,998,999,999,999,999,1000,1000,1000,1001,1001,1002,1002,1003,1003,1004,1004,1005,1005,1006,1006,1007,1008,1008,1009,1009,1010,1011,1011,1012,1013,1013,1014,1014,1015,1016,1016,1017,1017,1018,1018,1019,1019,1020,1020,1021,1021,1021,1022,1022,1022,1023,1023,1023,1023,1023,1024,1024,1024,1024,1024,1024,1024,1024,1024,1024,1024,1024,1024,1024,1024,1024,1024,1024,1024,1024,1024,1024,1024,1024,1024

lead:V1
count:520
points:1024,1024,1024,1024,1025,1025,1026,1026,1027,1028,1028,1029,1030,1031,1032,1034,1035,1036,1037,1039,1040,1042,1043,1044,1046,1047,1049,1050,1052,1053,1055,1056,1057,1059,1060,1061,1062,1063,1064,1065,1066,1067,1068,1068,1069,1070,1070,1070,1071,1071,1071,1071,1071,1070,1070,1070,1069,1068,1068,1067,1066,1065,1064,1063,1062,1061,1060,1059,1057,1056,1055,1053,1052,1050,1049,1047,1046,1044,1043,1042,1040,1039,1037,1036,1035,1034,1032,1031,1030,1029,1028,1028,1027,1026,1026,1025,1025,1024,1024,1024,1024,1024,1024,1024,1024,1024,1024,1024,1024,1024,1024,1024,1024,1024,1024,1024,1024,1024,1024,1024,1024,1024,1024,1024,1024,1024,1024,1024,1024,1024,1025,1025,1025,1025,1026,1026,1027,1027,1028,1029,1029,1030,1032,1033,1034,1036,1037,1039,1041,1044,1046,1049,1052,1058,1058,1051,1043,1036,1028,1021,1013,1006,998,991,983,960,936,912,889,865,841,818,794,770,746,723,699,675,652,628,604,581,557,533,510,486,462,439,415,368,368,412,456,501,545,590,634,679,723,767,812,856,901,945,990,1034,1078,1123,1167,1212,1256,1301,1345,1434,1434,1397,1363,1331,1301,1273,1248,1224,1203,1183,1165,1149,1135,1122,1110,1100,1091,1083,1077,1071,1067,1063,1060,1057,1055,1054,1053,1053,1053,1052,1052,1052,1051,1050,1049,1049,1048,1047,1046,1046,1045,1044,1043,1043,1042,1041,1040,1040,1039,1038,1037,1037,1036,1035,1034,1034,1033,1032,1031,1031,1030,1029,1028,1028,1027,1026,1025,1025,1024,1023,1022,1022,1021,1020,1019,1019,1018,1017,1016,1016,1015,1014,1013,1013,1012,1011,1010,1010,1009,1008,1007,1007,1006,1005,1004,1004,1003,1002,1001,1001,1000,999,998,998,997,996,995,995,994,993,992,991,991,991,991,991,990,990,990,990,989,989,988,988,987,986,986,985,984,983,982,982,981,980,979,977,976,975,974,973,971,970,969,967,966,964,963,961,960,958,957,955,953,952,950,948,947,945,943,941,940,938,936,934,933,931,929,927,925,924,922,920,918,917,915,913,912,910,908,907,905,903,902,900,899,897,896,894,893,892,890,889,888,886,885,884,883,882,881,880,879,878,877,877,876,875,874,874,873,873,872,872,872,871,871,871,871,871,871,871,871,871,872,873,874,875,876,877,879,880,882,884,886,888,891,893,896,898,901,904,907,910,913,916,920,923,926,930,933,937,940,944,947,951,954,958,961,965,968,972,975,978,982,985,988,991,994,996,999,1002,1004,1006,1009,1011,1013,1014,1016,1017,1019,1020,1021,1022,1023,1023,1024,1024,1024,1024,1024,1024,1024,1024,1024,1024,1024,1024,1024,1024,1024,1024,1024,1024,1024,1024,1024,1024

lead:V2
count:520
points:1024,1024,1024,1025,1025,1026,1027,1028,1029,1030,1031,1033,1034,1036,1038,1040,1042,1044,1046,1048,1050,1052,1055,1057,1059,1062,1064,1067,1069,1071,1074,1076,1078,1080,1082,1084,1086,1088,1089,1091,1093,1094,1095,1096,1097,1098,1099,1099,1099,1100,1100,1100,1099,1099,1099,1098,1097,1096,1095,1094,1093,1091,1089,1088,1086,1084,1082,1080,1078,1076,1074,1071,1069,1067,1064,1062,1059,1057,1055,1052,1050,1048,1046,1044,1042,1040,1038,1036,1034,1033,1031,1030,1029,1028,1027,1026,1025,1025,1024,1024,1024,1024,1024,1024,1024,1024,1024,1024,1024,1024,1024,1024,1024,1024,1024,1024,1024,1024,1024,1024,1024,1024,1024,1024,1024,1024,1024,1024,1024,1024,1025,1025,1025,1025,1025,1026,1026,1027,1027,1028,1029,1029,1030,1031,1032,1034,1035,1037,1038,1040,1042,1045,1047,1053,1053,1071,1089,1107,1125,1143,1161,1179,1196,1214,1232,1194,1155,1116,1077,1038,1000,961,922,883,845,806,767,728,689,651,612,573,534,495,457,418,379,340,301,224,224,275,326,377,428,479,530,581,632,683,734,785,836,887,938,989,1040,1091,1142,1193,1244,1295,1346,1448,1448,1410,1375,1342,1311,1282,1256,1232,1210,1190,1171,1155,1140,1126,1114,1104,1095,1087,1080,1074,1069,1065,1062,1060,1058,1057,1056,1055,1055,1055,1055,1054,1053,1052,1051,1051,1050,1049,1048,1047,1047,1046,1045,1044,1043,1043,1042,1041,1040,1039,1038,1038,1037,1036,1035,1034,1034,1033,1032,1031,1030,1030,1029,1028,1027,1026,1025,1025,1024,1023,1022,1021,1021,1020,1019,1018,1017,1017,1016,1015,1014,1013,1013,1012,1011,1010,1009,1008,1008,1007,1006,1005,1004,1004,1003,1002,1001,1000,1000,999,998,997,996,995,995,994,993,992,991,991,990,988,988,988,988,988,988,988,988,987,987,987,986,986,986,985,985,984,984,983,983,982,981,981,980,979,979,978,977,976,975,974,973,973,972,971,970,969,968,967,966,964,963,962,961,960,959,958,957,955,954,953,952,951,950,948,947,946,945,944,943,941,940,939,938,937,936,935,934,932,931,930,929,928,927,926,925,924,923,923,922,921,920,919,918,918,917,916,915,915,914,914,913,913,912,912,911,911,910,910,910,910,909,909,909,909,909,909,909,909,909,909,910,910,911,912,913,914,915,916,917,919,920,922,924,926,928,930,932,934,936,938,941,943,946,948,951,953,956,958,961,964,966,969,972,974,977,980,982,985,987,990,992,994,997,999,1001,1003,1005,1007,1009,1011,1012,1014,1015,1017,1018,1019,1020,1021,1022,1022,1023,1023,1024,1024,1024,1024,1024,1024,1024,1024,1024,1024,1024,1024,1024,1024,1024,1024,1024,1024,1024,1024,1024,1024

lead:V3
count:520
points:1024,1024,1024,1025,1025,1026,1027,1028,1030,1031,1033,1035,1037,1039,1041,1043,1046,1048,1051,1054,1056,1059,1062,1065,1068,1071,1074,1077,1079,1082,1085,1088,1091,1093,1096,1098,1100,1103,1105,1107,1108,1110,1112,1113,1114,1115,1116,1117,1117,1117,1117,1117,1117,1117,1116,1115,1114,1113,1112,1110,1108,1107,1105,1103,1100,1098,1096,1093,1091,1088,1085,1082,1079,1077,1074,1071,1068,1065,1062,1059,1056,1054,1051,1048,1046,1043,1041,1039,1037,1035,1033,1031,1030,1028,1027,1026,1025,1025,1024,1024,1024,1024,1024,1024,1024,1024,1024,1024,1024,1024,1024,1024,1024,1024,1024,1024,1024,1024,1024,1024,1024,1024,1024,1024,1024,1024,1024,1024,1024,1024,1024,1024,1025,1025,1025,1025,1025,1026,1026,1027,1027,1028,1028,1029,1030,1030,1031,1032,1033,1035,1036,1038,1039,1043,1043,1084,1124,1165,1206,1247,1287,1328,1369,1409,1450,1402,1354,1306,1258,1210,1162,1114,1066,1018,969,921,873,825,777,729,681,633,585,537,489,441,393,344,296,200,200,250,300,350,400,450,500,550,600,650,700,750,800,850,899,949,999,1049,1099,1149,1199,1249,1299,1399,1399,1365,1334,1305,1278,1253,1230,1209,1189,1171,1155,1140,1127,1115,1105,1096,1088,1081,1075,1069,1065,1062,1059,1057,1055,1054,1053,1053,1053,1052,1052,1052,1051,1050,1049,1049,1048,1047,1046,1046,1045,1044,1043,1043,1042,1041,1040,1040,1039,1038,1037,1037,1036,1035,1034,1034,1033,1032,1031,1031,1030,1029,1028,1028,1027,1026,1025,1025,1024,1023,1022,1022,1021,1020,1019,1019,1018,1017,1016,1016,1015,1014,1013,1013,1012,1011,1010,1010,1009,1008,1007,1007,1006,1005,1004,1004,1003,1002,1001,1001,1000,999,998,998,997,996,995,995,994,993,992,991,991,991,991,991,991,991,991,991,990,990,990,990,990,990,990,990,989,989,989,989,989,988,988,988,988,987,987,987,986,986,986,986,985,985,985,984,984,984,983,983,982,982,982,981,981,981,980,980,979,979,979,978,978,977,977,977,976,976,975,975,975,974,974,974,973,973,972,972,972,971,971,971,970,970,970,969,969,969,968,968,968,968,967,967,967,967,966,966,966,966,966,965,965,965,965,965,965,965,964,964,964,964,964,964,964,964,964,964,964,964,965,965,965,966,966,967,967,968,969,969,970,971,972,973,974,975,976,977,978,979,981,982,983,985,986,987,989,990,991,993,994,995,997,998,1000,1001,1002,1004,1005,1006,1007,1009,1010,1011,1012,1013,1014,1015,1016,1017,1018,1019,1020,1020,1021,1021,1022,1022,1023,1023,1023,1024,1024,1024,1024,1024,1024,1024,1024,1024,1024,1024,1024,1024,1024,1024,1024,1024,1024,1024,1024,1024,1024,1024

lead:V4
count:520
points:1024,1024,1024,1025,1026,1026,1027,1029,1030,1032,1033,1035,1037,1039,1042,1044,1046,1049,1052,1055,1057,1060,1063,1066,1069,1072,1076,1079,1082,1085,1087,1090,1093,1096,1098,1101,1103,1106,1108,1110,1112,1113,1115,1116,1118,1119,1119,1120,1121,1121,1121,1121,1121,1120,1119,1119,1118,1116,1115,1113,1112,1110,1108,1106,1103,1101,1098,1096,1093,1090,1087,1085,1082,1079,1076,1072,1069,1066,1063,1060,1057,1055,1052,1049,1046,1044,1042,1039,1037,1035,1033,1032,1030,1029,1027,1026,1026,1025,1024,1024,1024,1024,1024,1024,1024,1024,1024,1024,1024,1024,1024,1024,1024,1024,1024,1024,1024,1024,1024,1024,1024,1024,1024,1024,1024,1024,1024,1024,1024,1024,1024,1024,1024,1024,1024,1024,1024,1025,1025,1025,1025,1025,1025,1025,1026,1026,1026,1027,1027,1027,1028,1028,1029,1030,1030,1087,1145,1203,1261,1318,1376,1434,1491,1549,1607,1557,1507,1457,1407,1356,1306,1256,1206,1156,1106,1056,1006,956,906,855,805,755,705,655,605,555,505,455,405,304,304,345,387,428,469,510,551,592,633,674,715,756,797,838,879,920,961,1003,1044,1085,1126,1167,1208,1290,1290,1266,1244,1224,1205,1187,1171,1156,1142,1129,1118,1108,1098,1090,1083,1076,1070,1066,1061,1058,1055,1052,1050,1049,1048,1047,1046,1046,1046,1046,1046,1045,1044,1044,1043,1043,1042,1042,1041,1040,1040,1039,1039,1038,1038,1037,1036,1036,1035,1035,1034,1034,1033,1032,1032,1031,1031,1030,1030,1029,1028,1028,1027,1027,1026,1026,1025,1024,1024,1023,1023,1022,1022,1021,1020,1020,1019,1019,1018,1018,1017,1016,1016,1015,1015,1014,1014,1013,1012,1012,1011,1011,1010,1010,1009,1008,1008,1007,1007,1006,1006,1005,1004,1004,1003,1003,1002,1002,1001,1000,1000,999,999,999,999,999,999,999,999,999,999,999,999,1000,1000,1000,1000,1000,1000,1001,1001,1001,1001,1002,1002,1002,1003,1003,1003,1004,1004,1004,1005,1005,1005,1006,1006,1006,1007,1007,1008,1008,1009,1009,1009,1010,1010,1011,1011,1012,1012,1013,1013,1013,1014,1014,1015,1015,1016,1016,1017,1017,1018,1018,1019,1019,1019,1020,1020,1021,1021,1022,1022,1022,1023,1023,1024,1024,1024,1025,1025,1025,1026,1026,1026,1027,1027,1027,1027,1028,1028,1028,1028,1029,1029,1029,1029,1029,1029,1030,1030,1030,1030,1030,1030,1030,1030,1030,1030,1030,1030,1030,1030,1030,1030,1030,1030,1030,1030,1030,1030,1030,1029,1029,1029,1029,1029,1029,1029,1029,1029,1029,1028,1028,1028,1028,1028,1028,1028,1027,1027,1027,1027,1027,1027,1027,1026,1026,1026,1026,1026,1026,1026,1026,1025,1025,1025,1025,1025,1025,1025,1025,1025,1025,1024,1024,1024,1024,1024,1024,1024,1024,1024,1024,1024,1024,1024,1024,1024,1024,1024,1024,1024,1024,1024,1024,1024,1024,1024,1024,1024,1024,1024,1024,1024,1024

lead:V5
count:520
points:1024,1024,1024,1025,1025,1026,1027,1028,1029,1031,1032,1034,1036,1038,1040,1042,1044,1046,1049,1051,1054,1056,1059,1061,1064,1067,1070,1072,1075,1077,1080,1083,1085,1087,1090,1092,1094,1096,1098,1100,1102,1103,1104,1106,1107,1108,1108,1109,1109,1110,1110,1110,1109,1109,1108,1108,1107,1106,1104,1103,1102,1100,1098,1096,1094,1092,1090,1087,1085,1083,1080,1077,1075,1072,1070,1067,1064,1061,1059,1056,1054,1051,1049,1046,1044,1042,1040,1038,1036,1034,1032,1031,1029,1028,1027,1026,1025,1025,1024,1024,1024,1024,1024,1024,1024,1024,1024,1024,1024,1024,1024,1024,1024,1024,1024,1024,1024,1024,1024,1024,1024,1024,1024,1024,1024,1024,1024,1024,1024,1024,1024,1024,1024,1024,1024,1024,1023,1023,1023,1023,1023,1023,1022,1022,1022,1021,1021,1020,1020,1019,1019,1018,1018,1016,1016,1082,1147,1213,1278,1344,1409,1475,1541,1606,1672,1627,1583,1538,1494,1449,1405,1360,1316,1271,1227,1183,1138,1094,1049,1005,960,916,871,827,782,738,693,649,604,516,516,542,568,594,620,646,672,699,725,751,777,803,829,855,882,908,934,960,986,1012,1038,1065,1091,1143,1143,1133,1123,1114,1106,1098,1091,1084,1078,1073,1067,1063,1059,1055,1052,1049,1047,1044,1043,1041,1040,1039,1038,1037,1037,1036,1036,1036,1036,1036,1036,1035,1035,1035,1034,1034,1034,1034,1033,1033,1033,1032,1032,1032,1031,1031,1031,1030,1030,1030,1030,1029,1029,1029,1028,1028,1028,1027,1027,1027,1026,1026,1026,1025,1025,1025,1025,1024,1024,1024,1023,1023,1023,1022,1022,1022,1021,1021,1021,1021,1020,1020,1020,1019,1019,1019,1018,1018,1018,1017,1017,1017,1017,1016,1016,1016,1015,1015,1015,1014,1014,1014,1013,1013,1013,1013,1012,1012,1012,1011,1011,1010,1010,1010,1010,1011,1011,1011,1011,1011,1012,1012,1012,1013,1013,1013,1014,1014,1015,1016,1016,1017,1017,1018,1019,1020,1020,1021,1022,1023,1024,1025,1026,1027,1028,1029,1030,1031,1032,1033,1034,1035,1036,1038,1039,1040,1041,1042,1043,1045,1046,1047,1048,1050,1051,1052,1053,1055,1056,1057,1058,1059,1061,1062,1063,1064,1065,1067,1068,1069,1070,1071,1072,1073,1074,1075,1076,1077,1078,1079,1080,1081,1082,1083,1084,1084,1085,1086,1087,1087,1088,1089,1089,1090,1090,1091,1091,1092,1092,1092,1093,1093,1093,1093,1093,1094,1094,1094,1094,1094,1094,1093,1093,1093,1092,1092,1091,1091,1090,1089,1089,1088,1087,1086,1085,1084,1082,1081,1080,1079,1077,1076,1074,1073,1071,1070,1068,1067,1065,1064,1062,1060,1059,1057,1056,1054,1052,1051,1049,1048,1046,1045,1043,1042,1041,1039,1038,1037,1035,1034,1033,1032,1031,1030,1029,1028,1028,1027,1026,1026,1025,1025,1025,1024,1024,1024,1024,1024,1024,1024,1024,1024,1024,1024,1024,1024,1024,1024,1024,1024,1024,1024,1024,1024,1024,1024

lead:V6
count:520
points:1024,1024,1024,1025,1025,1026,1026,1027,1028,1029,1030,1031,1032,1034,1035,1037,1038,1040,1042,1043,1045,1047,1049,1051,1053,1055,1057,1059,1060,1062,1064,1066,1068,1070,1071,1073,1074,1076,1077,1078,1080,1081,1082,1083,1083,1084,1084,1085,1085,1085,1085,1085,1085,1085,1084,1084,1083,1083,1082,1081,1080,1078,1077,1076,1074,1073,1071,1070,1068,1066,1064,1062,1060,1059,1057,1055,1053,1051,1049,1047,1045,1043,1042,1040,1038,1037,1035,1034,1032,1031,1030,1029,1028,1027,1026,1026,1025,1025,1024,1024,1024,1024,1024,1024,1024,1024,1024,1024,1024,1024,1024,1024,1024,1024,1024,1024,1024,1024,1024,1024,1024,1024,1024,1024,1024,1024,1024,1024,1024,1024,1024,1024,1023,1023,1023,1023,1022,1022,1022,1021,1021,1020,1020,1019,1018,1017,1016,1015,1014,1012,1011,1009,1008,1004,1004,1067,1130,1194,1257,1321,1384,1448,1511,1575,1638,1606,1574,1542,1510,1478,1446,1414,1382,1350,1317,1285,1253,1221,1189,1157,1125,1093,1061,1029,996,964,932,900,868,804,804,815,827,838,849,860,870,881,891,901,910,919,927,935,942,949,955,960,965,969,972,975,976,978,978,980,983,985,988,990,992,994,997,999,1001,1003,1005,1007,1009,1011,1012,1014,1015,1017,1018,1019,1020,1021,1022,1022,1023,1023,1024,1024,1024,1024,1024,1024,1024,1024,1024,1024,1024,1024,1024,1024,1024,1024,1024,1024,1024,1024,1024,1024,1024,1024,1024,1024,1024,1024,1024,1024,1024,1024,1024,1024,1024,1024,1024,1024,1024,1024,1024,1024,1024,1024,1024,1024,1024,1024,1024,1024,1024,1024,1024,1024,1024,1024,1024,1024,1024,1024,1024,1024,1024,1024,1024,1024,1024,1024,1024,1024,1024,1024,1024,1024,1024,1024,1024,1024,1024,1024,1024,1024,1024,1024,1024,1024,1024,1024,1024,1025,1025,1025,1026,1026,1027,1027,1028,1029,1029,1030,1031,1032,1033,1033,1034,1036,1037,1038,1039,1040,1041,1043,1044,1045,1047,1048,1050,1051,1053,1054,1056,1057,1059,1061,1062,1064,1066,1067,1069,1071,1073,1075,1076,1078,1080,1082,1084,1085,1087,1089,1091,1093,1095,1096,1098,1100,1102,1103,1105,1107,1109,1110,1112,1113,1115,1117,1118,1120,1121,1123,1124,1126,1127,1128,1130,1131,1132,1133,1134,1135,1136,1137,1138,1139,1140,1141,1142,1142,1143,1144,1144,1145,1145,1146,1146,1146,1146,1147,1147,1147,1147,1147,1147,1146,1146,1145,1145,1144,1143,1142,1140,1139,1138,1136,1134,1133,1131,1129,1127,1125,1122,1120,1118,1115,1113,1110,1108,1105,1102,1100,1097,1094,1091,1088,1085,1083,1080,1077,1074,1071,1069,1066,1063,1061,1058,1056,1053,1051,1048,1046,1044,1042,1040,1038,1036,1035,1033,1032,1030,1029,1028,1027,1026,1026,1025,1025,1024,1024,1024,1024,1024,1024,1024,1024,1024,1024,1024,1024,1024,1024,1024,1024,1024,1024,1024,1024,1024,1024

