pathology:coronarysin
group:arrhythmia
title:Coronary sinus rhythm
name:Ритм коронарного синуса
leads:12

lead:I
count:520
points:1024,1024,1024,1024,1024,1024,1024,1024,1025,1025,1025,1025,1025,1026,1026,1026,1026,1027,1027,1027,1028,1028,1028,1028,1029,1029,1029,1030,1030,1030,1031,1031,1031,1032,1032,1032,1032,1033,1033,1033,1033,1033,1034,1034,1034,1034,1034,1034,1034,1034,1034,1034,1034,1034,1034,1034,1034,1034,1034,1033,1033,1033,1033,1033,1032,1032,1032,1032,1031,1031,1031,1030,1030,1030,1029,1029,1029,1028,1028,1028,1028,1027,1027,1027,1026,1026,1026,1026,1025,1025,1025,1025,1025,1024,1024,1024,1024,1024,1024,1024,1024,1024,1024,1024,1024,1024,1024,1024,1024,1024,1024,1024,1024,1024,1024,1024,1024,1024,1024,1024,1024,1024,1024,1024,1024,1024,1024,1024,1024,1024,1024,1024,1023,1023,1023,1023,1022,1022,1022,1021,1021,1020,1020,1019,1018,1017,1016,1015,1014,1012,1011,1009,1008,1004,1004,1001,999,997,995,993,991,989,987,985,983,999,1015,1031,1048,1064,1080,1096,1112,1128,1145,1161,1177,1193,1209,1225,1241,1258,1274,1290,1306,1322,1338,1354,1371,1403,1403,1383,1363,1343,1324,1304,1285,1265,1246,1227,1209,1191,1173,1155,1138,1121,1105,1089,1074,1059,1044,1031,1017,1005,993,981,971,961,951,943,935,927,921,915,910,906,902,900,898,896,896,922,943,962,977,990,1000,1008,1014,1018,1021,1023,1024,1024,1024,1024,1024,1024,1024,1024,1024,1024,1024,1024,1024,1024,1024,1024,1024,1024,1024,1024,1024,1024,1024,1024,1024,1024,1024,1024,1024,1024,1024,1024,1024,1024,1024,1024,1024,1024,1024,1024,1024,1024,1024,1024,1024,1024,1024,1024,1024,1024,1024,1024,1024,1024,1024,1024,1024,1024,1024,1024,1024,1024,1024,1024,1024,1024,1024,1024,1024,1024,1024,1024,1024,1024,1024,1024,1024,1024,1024,1024,1024,1024,1024,1024,1024,1024,1024,1024,1024,1025,1025,1025,1026,1026,1027,1027,1028,1029,1029,1030,1031,1032,1033,1033,1034,1036,1037,1038,1039,1040,1041,1043,1044,1045,1047,1048,1050,1051,1053,1054,1056,1057,1059,1061,1062,1064,1066,1067,1069,1071,1073,1075,1076,1078,1080,1082,1084,1085,1087,1089,1091,1093,1095,1096,1098,1100,1102,1103,1105,1107,1109,1110,1112,1113,1115,1117,1118,1120,1121,1123,1124,1126,1127,1128,1130,1131,1132,1133,1134,1135,1136,1137,1138,1139,1140,1141,1142,1142,1143,1144,1144,1145,1145,1146,1146,1146,1146,1147,1147,1147,1147,1147,1147,1146,1146,1145,1145,1144,1143,1142,1140,1139,1138,1136,1134,1133,1131,1129,1127,1125,1122,1120,1118,1115,1113,1110,1108,1105,1102,1100,1097,1094,1091,1088,1085,1083,1080,1077,1074,1071,1069,1066,1063,1061,1058,1056,1053,1051,1048,1046,1044,1042,1040,1038,1036,1035,1033,1032,1030,1029,1028,1027,1026,1026,1025,1025,1024,1024,1024,1024,1024,1024,1024,1024,1024,1024,1024,1024,1024,1024,1024,1024,1024,1024,1024,1024,1024,1024

lead:II
count:520
points:1024,1024,1024,1023,1022,1021,1020,1019,1018,1016,1014,1012,1010,1008,1005,1003,1000,997,995,992,989,986,982,979,976,973,970,966,963,960,957,954,951,948,945,943,940,938,935,933,931,930,928,926,925,924,923,923,922,922,922,922,922,923,923,924,925,926,928,930,931,933,935,938,940,943,945,948,951,954,957,960,963,966,970,973,976,979,982,986,989,992,995,997,1000,1003,1005,1008,1010,1012,1014,1016,1018,1019,1020,1021,1022,1023,1024,1024,1024,1024,1024,1024,1024,1024,1024,1024,1024,1024,1024,1024,1024,1024,1024,1024,1024,1024,1024,1024,1024,1024,1024,1024,1024,1024,1024,1024,1024,1024,1023,1023,1023,1023,1022,1022,1021,1021,1020,1019,1018,1017,1016,1015,1013,1012,1010,1008,1006,1004,1001,998,995,988,988,983,977,971,966,960,954,949,943,937,932,958,983,1009,1035,1061,1087,1112,1138,1164,1190,1216,1241,1267,1293,1319,1345,1370,1396,1422,1448,1474,1499,1525,1551,1603,1603,1575,1548,1521,1494,1468,1441,1415,1389,1363,1338,1313,1289,1265,1241,1219,1196,1175,1154,1133,1114,1095,1077,1060,1043,1028,1013,999,987,975,964,954,945,937,930,925,920,916,913,911,911,934,953,969,983,994,1003,1010,1015,1019,1021,1023,1024,1024,1024,1024,1024,1024,1024,1024,1024,1024,1024,1024,1024,1024,1024,1024,1024,1024,1024,1024,1024,1024,1024,1024,1024,1024,1024,1024,1024,1024,1024,1024,1024,1024,1024,1024,1024,1024,1024,1024,1024,1024,1024,1024,1024,1024,1024,1024,1024,1024,1024,1024,1024,1024,1024,1024,1024,1024,1024,1024,1024,1024,1024,1024,1024,1024,1024,1024,1024,1024,1024,1024,1024,1024,1024,1024,1024,1024,1024,1024,1024,1024,1024,1024,1024,1024,1024,1024,1025,1025,1025,1026,1026,1027,1028,1028,1029,1030,1031,1032,1033,1034,1036,1037,1038,1040,1041,1043,1044,1046,1048,1050,1051,1053,1055,1057,1059,1061,1063,1066,1068,1070,1072,1074,1077,1079,1081,1084,1086,1089,1091,1094,1096,1098,1101,1103,1106,1108,1111,1113,1116,1118,1121,1123,1126,1128,1131,1133,1136,1138,1140,1143,1145,1147,1149,1151,1154,1156,1158,1160,1162,1164,1166,1167,1169,1171,1172,1174,1176,1177,1179,1180,1181,1182,1184,1185,1186,1187,1188,1189,1189,1190,1191,1191,1192,1192,1192,1193,1193,1193,1193,1193,1193,1192,1192,1191,1190,1189,1187,1186,1184,1182,1180,1178,1176,1173,1171,1168,1165,1162,1159,1156,1153,1150,1146,1143,1139,1135,1132,1128,1124,1120,1116,1112,1108,1105,1101,1097,1093,1089,1085,1082,1078,1074,1071,1067,1064,1061,1058,1055,1052,1049,1046,1043,1041,1039,1037,1035,1033,1031,1030,1028,1027,1026,1025,1025,1024,1024,1024,1024,1024,1024,1024,1024,1024,1024,1024,1024,1024,1024,1024,1024,1024,1024,1024,1024,1024,1024

lead:III
count:520
points:1024,1024,1024,1023,1022,1021,1020,1019,1017,1015,1013,1011,1009,1006,1004,1001,998,995,992,988,985,982,978,975,971,968,964,961,957,954,950,947,944,941,938,935,932,929,927,924,922,920,918,917,915,914,913,912,912,911,911,911,912,912,913,914,915,917,918,920,922,924,927,929,932,935,938,941,944,947,950,954,957,961,964,968,971,975,978,982,985,988,992,995,998,1001,1004,1006,1009,1011,1013,1015,1017,1019,1020,1021,1022,1023,1024,1024,1024,1024,1024,1024,1024,1024,1024,1024,1024,1024,1024,1024,1024,1024,1024,1024,1024,1024,1024,1024,1024,1024,1024,1024,1024,1024,1024,1024,1024,1024,1024,1024,1024,1023,1023,1023,1023,1023,1022,1022,1022,1021,1021,1020,1019,1019,1018,1017,1016,1015,1014,1013,1012,1009,1009,1005,1001,998,994,991,987,984,980,976,973,982,992,1002,1011,1021,1031,1040,1050,1060,1069,1079,1089,1098,1108,1118,1127,1137,1146,1156,1166,1175,1185,1195,1204,1224,1224,1216,1209,1202,1195,1188,1181,1174,1167,1160,1153,1147,1140,1134,1127,1121,1115,1110,1104,1099,1093,1088,1084,1079,1075,1070,1067,1063,1059,1056,1053,1051,1048,1046,1044,1043,1042,1041,1040,1039,1039,1036,1034,1031,1030,1028,1027,1026,1025,1025,1024,1024,1024,1024,1024,1024,1024,1024,1024,1024,1024,1024,1024,1024,1024,1024,1024,1024,1024,1024,1024,1024,1024,1024,1024,1024,1024,1024,1024,1024,1024,1024,1024,1024,1024,1024,1024,1024,1024,1024,1024,1024,1024,1024,1024,1024,1024,1024,1024,1024,1024,1024,1024,1024,1024,1024,1024,1024,1024,1024,1024,1024,1024,1024,1024,1024,1024,1024,1024,1024,1024,1024,1024,1024,1024,1024,1024,1024,1024,1024,1024,1024,1024,1024,1024,1024,1024,1024,1024,1024,1024,1024,1024,1024,1025,1025,1025,1025,1025,1026,1026,1026,1027,1027,1027,1028,1028,1028,1029,1029,1030,1030,1031,1031,1031,1032,1033,1033,1034,1034,1035,1035,1036,1037,1037,1038,1038,1039,1040,1040,1041,1042,1042,1043,1044,1044,1045,1046,1046,1047,1048,1048,1049,1050,1050,1051,1052,1052,1053,1054,1054,1055,1056,1056,1057,1058,1058,1059,1059,1060,1060,1061,1062,1062,1063,1063,1064,1064,1064,1065,1065,1066,1066,1067,1067,1067,1068,1068,1068,1068,1069,1069,1069,1069,1069,1070,1070,1070,1070,1070,1070,1070,1070,1070,1070,1070,1070,1069,1069,1069,1069,1068,1068,1067,1067,1066,1065,1065,1064,1063,1063,1062,1061,1060,1059,1058,1057,1056,1055,1054,1053,1052,1051,1050,1049,1048,1047,1046,1045,1044,1043,1042,1041,1040,1039,1038,1037,1036,1035,1034,1033,1032,1032,1031,1030,1029,1029,1028,1027,1027,1026,1026,1026,1025,1025,1025,1024,1024,1024,1024,1024,1024,1024,1024,1024,1024,1024,1024,1024,1024,1024,1024,1024,1024,1024,1024,1024,1024,1024,1024

lead:aVR
count:520
points:1024,1024,1024,1024,1025,1025,1026,1027,1027,1028,1029,1030,1031,1032,1034,1035,1036,1038,1039,1041,1042,1044,1046,1047,1049,1051,1052,1054,1056,1057,1059,1060,1062,1063,1065,1066,1068,1069,1070,1071,1072,1073,1074,1075,1075,1076,1076,1077,1077,1077,1077,1077,1077,1077,1076,1076,1075,1075,1074,1073,1072,1071,1070,1069,1068,1066,1065,1063,1062,1060,1059,1057,1056,1054,1052,1051,1049,1047,1046,1044,1042,1041,1039,1038,1036,1035,1034,1032,1031,1030,1029,1028,1027,1027,1026,1025,1025,1024,1024,1024,1024,1024,1024,1024,1024,1024,1024,1024,1024,1024,1024,1024,1024,1024,1024,1024,1024,1024,1024,1024,1024,1024,1024,1024,1024,1024,1024,1024,1024,1024,1025,1025,1025,1025,1026,1026,1026,1027,1028,1028,1029,1030,1031,1032,1034,1035,1037,1038,1040,1042,1045,1047,1050,1057,1057,1061,1065,1070,1074,1079,1083,1088,1092,1096,1101,1077,1052,1028,1004,980,956,931,907,883,859,834,810,786,762,738,713,689,665,641,617,592,568,544,520,471,471,498,525,553,579,606,633,659,685,711,736,761,785,809,833,856,878,899,920,941,960,979,997,1014,1031,1046,1061,1075,1088,1099,1110,1120,1129,1137,1144,1150,1154,1158,1161,1163,1163,1135,1111,1091,1075,1061,1050,1041,1035,1030,1027,1025,1024,1024,1024,1024,1024,1024,1024,1024,1024,1024,1024,1024,1024,1024,1024,1024,1024,1024,1024,1024,1024,1024,1024,1024,1024,1024,1024,1024,1024,1024,1024,1024,1024,1024,1024,1024,1024,1024,1024,1024,1024,1024,1024,1024,1024,1024,1024,1024,1024,1024,1024,1024,1024,1024,1024,1024,1024,1024,1024,1024,1024,1024,1024,1024,1024,1024,1024,1024,1024,1024,1024,1024,1024,1024,1024,1024,1024,1024,1024,1024,1024,1024,1024,1024,1024,1024,1024,1024,1023,1023,1023,1022,1022,1021,1020,1020,1019,1018,1017,1016,1015,1014,1012,1011,1010,1008,1007,1005,1004,1002,1000,998,997,995,993,991,989,987,985,983,980,978,976,974,971,969,967,964,962,960,957,955,952,950,947,945,942,940,937,935,932,930,927,925,922,920,918,915,913,910,908,906,904,901,899,897,895,893,891,889,887,885,883,881,879,878,876,874,873,871,870,869,867,866,865,864,863,862,861,860,859,858,858,857,857,856,856,856,856,856,856,856,856,856,857,858,859,860,861,863,864,866,868,870,873,875,877,880,883,886,889,892,895,899,902,906,909,913,917,920,924,928,932,936,940,944,948,951,955,959,963,967,970,974,977,981,984,987,991,994,997,999,1002,1005,1007,1009,1011,1013,1015,1017,1018,1020,1021,1022,1023,1023,1024,1024,1024,1024,1024,1024,1024,1024,1024,1024,1024,1024,1024,1024,1024,1024,1024,1024,1024,1024,1024,1024

lead:aVL
count:520
points:1024,1024,1024,1025,1025,1026,1026,1027,1028,1030,1031,1032,1034,1035,1037,1039,1040,1042,1044,1046,1049,1051,1053,1055,1057,1059,1062,1064,1066,1068,1070,1073,1075,1077,1078,1080,1082,1084,1085,1087,1088,1089,1091,1092,1092,1093,1094,1094,1095,1095,1095,1095,1095,1094,1094,1093,1092,1092,1091,1089,1088,1087,1085,1084,1082,1080,1078,1077,1075,1073,1070,1068,1066,1064,1062,1059,1057,1055,1053,1051,1049,1046,1044,1042,1040,1039,1037,1035,1034,1032,1031,1030,1028,1027,1026,1026,1025,1025,1024,1024,1024,1024,1024,1024,1024,1024,1024,1024,1024,1024,1024,1024,1024,1024,1024,1024,1024,1024,1024,1024,1024,1024,1024,1024,1024,1024,1024,1024,1024,1024,1024,1024,1024,1024,1024,1024,1024,1024,1024,1024,1024,1023,1023,1023,1023,1023,1023,1023,1023,1022,1022,1022,1022,1021,1021,1022,1023,1024,1025,1025,1026,1027,1028,1029,1030,1034,1037,1041,1045,1049,1052,1056,1060,1064,1067,1071,1075,1079,1082,1086,1090,1094,1097,1101,1105,1109,1112,1116,1120,1127,1127,1120,1113,1106,1098,1091,1084,1077,1070,1063,1056,1049,1043,1036,1030,1024,1018,1012,1007,1001,996,991,986,981,977,973,969,965,962,958,955,953,950,948,946,945,944,943,942,941,941,958,972,984,994,1002,1009,1014,1017,1020,1022,1023,1024,1024,1024,1024,1024,1024,1024,1024,1024,1024,1024,1024,1024,1024,1024,1024,1024,1024,1024,1024,1024,1024,1024,1024,1024,1024,1024,1024,1024,1024,1024,1024,1024,1024,1024,1024,1024,1024,1024,1024,1024,1024,1024,1024,1024,1024,1024,1024,1024,1024,1024,1024,1024,1024,1024,1024,1024,1024,1024,1024,1024,1024,1024,1024,1024,1024,1024,1024,1024,1024,1024,1024,1024,1024,1024,1024,1024,1024,1024,1024,1024,1024,1024,1024,1024,1024,1024,1024,1024,1024,1024,1024,1025,1025,1025,1025,1025,1026,1026,1026,1026,1027,1027,1027,1028,1028,1029,1029,1029,1030,1030,1031,1031,1032,1032,1033,1033,1034,1034,1035,1035,1036,1037,1037,1038,1038,1039,1040,1040,1041,1042,1042,1043,1044,1044,1045,1046,1046,1047,1047,1048,1049,1049,1050,1051,1051,1052,1053,1053,1054,1055,1055,1056,1056,1057,1057,1058,1059,1059,1060,1060,1061,1061,1062,1062,1063,1063,1063,1064,1064,1065,1065,1065,1066,1066,1066,1066,1067,1067,1067,1067,1068,1068,1068,1068,1068,1068,1068,1068,1068,1068,1068,1068,1068,1068,1068,1067,1067,1067,1066,1066,1066,1065,1064,1064,1063,1063,1062,1061,1060,1060,1059,1058,1057,1056,1055,1054,1053,1052,1051,1050,1049,1048,1047,1046,1045,1044,1043,1042,1041,1040,1039,1038,1037,1036,1035,1034,1034,1033,1032,1031,1030,1030,1029,1028,1028,1027,1027,1026,1026,1025,1025,1025,1025,1024,1024,1024,1024,1024,1024,1024,1024,1024,1024,1024,1024,1024,1024,1024,1024,1024,1024,1024,1024,1024,1024,1024,1024

lead:aVF
count:520
points:1024,1024,1024,1023,1022,1021,1020,1018,1016,1014,1012,1010,1007,1004,1001,998,995,992,988,985,981,977,974,970,966,962,958,954,950,946,943,939,935,932,929,925,922,919,917,914,912,910,908,906,904,903,902,901,900,900,900,900,900,901,902,903,904,906,908,910,912,914,917,919,922,925,929,932,935,939,943,946,950,954,958,962,966,970,974,977,981,985,988,992,995,998,1001,1004,1007,1010,1012,1014,1016,1018,1020,1021,1022,1023,1024,1024,1024,1024,1024,1024,1024,1024,1024,1024,1024,1024,1024,1024,1024,1024,1024,1024,1024,1024,1024,1024,1024,1024,1024,1024,1024,1024,1024,1024,1024,1024,1023,1023,1023,1023,1023,1022,1022,1021,1021,1020,1019,1018,1018,1016,1015,1014,1013,1011,1009,1007,1005,1003,1000,994,994,989,984,978,973,968,963,957,952,947,941,962,982,1003,1023,1044,1064,1084,1105,1125,1146,1166,1187,1207,1228,1248,1269,1289,1310,1330,1351,1371,1391,1412,1432,1473,1473,1453,1434,1414,1394,1375,1355,1336,1317,1298,1280,1262,1244,1226,1209,1192,1176,1160,1145,1130,1116,1102,1089,1076,1064,1053,1042,1032,1023,1014,1006,999,993,987,982,978,974,971,969,968,968,979,989,997,1004,1009,1014,1017,1020,1021,1023,1023,1024,1024,1024,1024,1024,1024,1024,1024,1024,1024,1024,1024,1024,1024,1024,1024,1024,1024,1024,1024,1024,1024,1024,1024,1024,1024,1024,1024,1024,1024,1024,1024,1024,1024,1024,1024,1024,1024,1024,1024,1024,1024,1024,1024,1024,1024,1024,1024,1024,1024,1024,1024,1024,1024,1024,1024,1024,1024,1024,1024,1024,1024,1024,1024,1024,1024,1024,1024,1024,1024,1024,1024,1024,1024,1024,1024,1024,1024,1024,1024,1024,1024,1024,1024,1024,1024,1024,1024,1024,1025,1025,1025,1026,1026,1027,1027,1028,1029,1029,1030,1031,1032,1033,1034,1035,1036,1037,1038,1039,1040,1042,1043,1044,1046,1047,1048,1050,1051,1053,1055,1056,1058,1059,1061,1063,1064,1066,1068,1070,1071,1073,1075,1077,1079,1081,1082,1084,1086,1088,1090,1092,1093,1095,1097,1099,1101,1102,1104,1106,1108,1109,1111,1113,1114,1116,1118,1119,1121,1122,1124,1125,1127,1128,1129,1131,1132,1133,1134,1135,1137,1138,1139,1140,1140,1141,1142,1143,1144,1144,1145,1145,1146,1146,1147,1147,1147,1148,1148,1148,1148,1148,1148,1148,1148,1147,1147,1146,1145,1144,1143,1142,1140,1139,1137,1136,1134,1132,1130,1128,1126,1123,1121,1119,1116,1114,1111,1109,1106,1103,1100,1097,1095,1092,1089,1086,1083,1080,1078,1075,1072,1069,1066,1064,1061,1058,1056,1053,1051,1049,1046,1044,1042,1040,1038,1037,1035,1033,1032,1031,1029,1028,1027,1026,1026,1025,1025,1024,1024,1024,1024,1024,1024,1024,1024,1024,1024,1024,1024,1024,1024,1024,1024,1024,1024,1024,1024,1024,1024

lead:V1
count:520
points:1024,1024,1024,1024,1025,1025,1025,1026,1026,1027,1027,1028,1029,1030,1031,1031,1032,1033,1034,1035,1037,1038,1039,1040,1041,1042,1043,1044,1045,1047,1048,1049,1050,1051,1052,1053,1054,1054,1055,1056,1057,1057,1058,1058,1059,1059,1060,1060,1060,1060,1060,1060,1060,1060,1060,1059,1059,1058,1058,1057,1057,1056,1055,1054,1054,1053,1052,1051,1050,1049,1048,1047,1045,1044,1043,1042,1041,1040,1039,1038,1037,1035,1034,1033,1032,1031,1031,1030,1029,1028,1027,1027,1026,1026,1025,1025,1025,1024,1024,1024,1024,1024,1024,1024,1024,1024,1024,1024,1024,1024,1024,1024,1024,1024,1024,1024,1024,1024,1024,1024,1024,1024,1024,1024,1024,1024,1024,1024,1024,1024,1024,1024,1024,1024,1024,1024,1024,1024,1024,1024,1024,1024,1024,1024,1025,1025,1025,1025,1025,1025,1025,1025,1026,1026,1026,1029,1033,1036,1039,1043,1046,1050,1053,1056,1060,1056,1052,1049,1045,1042,1038,1034,1031,1027,1024,1020,1016,1013,1009,1006,1002,998,995,991,987,984,980,977,973,966,966,951,936,922,907,892,878,863,849,835,821,808,795,781,769,756,744,732,721,710,699,689,679,670,661,652,644,637,630,623,617,612,607,603,599,596,593,591,590,589,589,675,750,813,865,908,943,970,990,1004,1014,1020,1023,1024,1024,1024,1024,1025,1025,1025,1025,1025,1026,1026,1026,1026,1026,1027,1027,1027,1027,1027,1027,1028,1028,1028,1028,1028,1029,1029,1029,1029,1029,1030,1030,1030,1030,1030,1031,1031,1031,1031,1031,1032,1032,1032,1032,1032,1033,1033,1033,1033,1033,1033,1034,1034,1034,1034,1034,1035,1035,1035,1035,1035,1036,1036,1036,1036,1036,1037,1037,1037,1037,1037,1038,1038,1038,1038,1038,1039,1039,1039,1039,1039,1040,1040,1040,1040,1040,1040,1040,1040,1041,1041,1041,1042,1042,1042,1043,1044,1044,1045,1045,1046,1047,1047,1048,1049,1050,1051,1052,1053,1054,1055,1056,1057,1058,1059,1060,1062,1063,1064,1065,1067,1068,1069,1071,1072,1073,1075,1076,1078,1079,1080,1082,1083,1085,1086,1088,1089,1091,1092,1093,1095,1096,1098,1099,1101,1102,1103,1105,1106,1108,1109,1110,1112,1113,1114,1115,1117,1118,1119,1120,1121,1122,1123,1124,1125,1126,1127,1128,1129,1130,1131,1131,1132,1133,1134,1134,1135,1135,1136,1136,1137,1137,1137,1138,1138,1138,1138,1138,1138,1138,1138,1138,1138,1137,1137,1136,1135,1134,1133,1132,1131,1130,1128,1127,1125,1123,1122,1120,1118,1116,1113,1111,1109,1107,1104,1102,1099,1097,1094,1092,1089,1086,1084,1081,1079,1076,1073,1071,1068,1066,1063,1061,1058,1056,1053,1051,1049,1047,1045,1043,1041,1039,1037,1036,1034,1033,1031,1030,1029,1028,1027,1026,1026,1025,1025,1024,1024,1024,1024,1024,1024,1024,1024,1024,1024,1024,1024,1024,1024,1024,1024,1024,1024,1024,1024,1024,1024

lead:V2
count:520
points:1024,1024,1024,1024,1024,1025,1025,1025,1026,1026,1027,1028,1028,1029,1030,1030,1031,1032,1033,1034,1035,1036,1036,1037,1038,1039,1040,1041,1042,1043,1044,1045,1046,1047,1048,1048,1049,1050,1051,1051,1052,1052,1053,1053,1054,1054,1054,1054,1055,1055,1055,1055,1055,1054,1054,1054,1054,1053,1053,1052,1052,1051,1051,1050,1049,1048,1048,1047,1046,1045,1044,1043,1042,1041,1040,1039,1038,1037,1036,1036,1035,1034,1033,1032,1031,1030,1030,1029,1028,1028,1027,1026,1026,1025,1025,1025,1024,1024,1024,1024,1024,1024,1024,1024,1024,1024,1024,1024,1024,1024,1024,1024,1024,1024,1024,1024,1024,1024,1024,1024,1024,1024,1024,1024,1024,1024,1024,1024,1024,1024,1024,1024,1024,1024,1024,1024,1024,1024,1024,1024,1024,1024,1024,1024,1024,1024,1024,1024,1024,1024,1024,1024,1024,1024,1024,1026,1027,1029,1030,1032,1033,1035,1036,1038,1039,1043,1046,1050,1054,1057,1061,1064,1068,1071,1075,1078,1082,1085,1089,1093,1096,1100,1103,1107,1110,1114,1117,1121,1124,1132,1132,1108,1085,1062,1039,1017,994,972,950,928,906,885,864,844,824,804,785,767,749,732,715,699,684,669,655,642,629,618,607,597,588,579,572,565,559,554,550,547,545,543,543,639,721,791,849,896,934,964,986,1002,1013,1019,1023,1024,1024,1024,1025,1025,1025,1026,1026,1026,1026,1027,1027,1027,1028,1028,1028,1029,1029,1029,1030,1030,1030,1031,1031,1031,1031,1032,1032,1032,1033,1033,1033,1034,1034,1034,1035,1035,1035,1036,1036,1036,1036,1037,1037,1037,1038,1038,1038,1039,1039,1039,1040,1040,1040,1041,1041,1041,1041,1042,1042,1042,1043,1043,1043,1044,1044,1044,1045,1045,1045,1046,1046,1046,1046,1047,1047,1047,1048,1048,1048,1049,1049,1050,1050,1050,1050,1050,1050,1050,1051,1051,1052,1052,1053,1054,1054,1055,1056,1057,1058,1059,1060,1061,1062,1064,1065,1066,1068,1069,1071,1072,1074,1075,1077,1079,1081,1082,1084,1086,1088,1090,1092,1094,1096,1098,1100,1102,1104,1106,1109,1111,1113,1115,1117,1119,1122,1124,1126,1128,1130,1133,1135,1137,1139,1141,1143,1146,1148,1150,1152,1154,1156,1158,1160,1162,1163,1165,1167,1169,1171,1172,1174,1176,1177,1179,1180,1181,1183,1184,1185,1187,1188,1189,1190,1191,1192,1193,1193,1194,1195,1195,1196,1196,1197,1197,1198,1198,1198,1198,1198,1198,1198,1197,1197,1196,1195,1194,1192,1191,1189,1187,1185,1183,1180,1178,1175,1173,1170,1167,1163,1160,1157,1153,1150,1146,1142,1139,1135,1131,1127,1123,1119,1115,1111,1107,1103,1099,1095,1091,1087,1083,1080,1076,1072,1069,1065,1062,1059,1055,1052,1049,1047,1044,1042,1039,1037,1035,1033,1031,1030,1029,1027,1026,1025,1025,1024,1024,1024,1024,1024,1024,1024,1024,1024,1024,1024,1024,1024,1024,1024,1024,1024,1024,1024,1024,1024,1024

lead:V3
count:520
points:1024,1024,1024,1023,1023,1022,1022,1021,1020,1019,1018,1017,1016,1014,1013,1011,1010,1008,1006,1004,1003,1001,999,997,995,993,991,989,987,985,983,982,980,978,976,975,973,972,970,969,968,967,966,965,964,964,963,963,962,962,962,962,962,963,963,964,964,965,966,967,968,969,970,972,973,975,976,978,980,982,983,985,987,989,991,993,995,997,999,1001,1003,1004,1006,1008,1010,1011,1013,1014,1016,1017,1018,1019,1020,1021,1022,1022,1023,1023,1024,1024,1024,1024,1024,1024,1024,1024,1024,1024,1024,1024,1024,1024,1024,1024,1024,1024,1024,1024,1024,1024,1024,1024,1024,1024,1024,1024,1024,1024,1024,1024,1024,1024,1024,1024,1024,1024,1024,1024,1024,1024,1024,1024,1024,1024,1023,1023,1023,1023,1023,1023,1023,1023,1022,1022,1022,1022,1021,1020,1020,1019,1019,1018,1018,1017,1017,1028,1039,1049,1060,1071,1082,1093,1104,1115,1126,1137,1148,1158,1169,1180,1191,1202,1213,1224,1235,1246,1256,1267,1278,1300,1300,1271,1243,1214,1186,1157,1129,1102,1074,1047,1020,994,968,943,918,894,870,847,825,804,783,763,744,726,709,692,677,662,649,636,625,614,605,597,589,583,578,574,571,569,569,660,738,803,858,903,939,967,988,1003,1013,1020,1023,1024,1024,1024,1025,1025,1026,1026,1026,1027,1027,1027,1028,1028,1029,1029,1029,1030,1030,1031,1031,1031,1032,1032,1032,1033,1033,1034,1034,1034,1035,1035,1036,1036,1036,1037,1037,1037,1038,1038,1039,1039,1039,1040,1040,1040,1041,1041,1042,1042,1042,1043,1043,1044,1044,1044,1045,1045,1045,1046,1046,1047,1047,1047,1048,1048,1049,1049,1049,1050,1050,1050,1051,1051,1052,1052,1052,1053,1053,1054,1054,1054,1055,1055,1055,1056,1056,1056,1056,1056,1057,1057,1058,1059,1059,1060,1061,1062,1063,1064,1065,1066,1068,1069,1070,1072,1074,1075,1077,1079,1080,1082,1084,1086,1088,1090,1092,1094,1097,1099,1101,1103,1106,1108,1110,1113,1115,1118,1120,1123,1125,1128,1131,1133,1136,1138,1141,1144,1146,1149,1151,1154,1157,1159,1162,1164,1167,1169,1172,1174,1177,1179,1181,1184,1186,1188,1191,1193,1195,1197,1199,1201,1203,1205,1207,1209,1210,1212,1214,1215,1217,1218,1219,1221,1222,1223,1224,1225,1226,1227,1228,1229,1229,1230,1230,1231,1231,1231,1232,1232,1232,1232,1231,1231,1230,1229,1228,1226,1225,1223,1221,1219,1216,1214,1211,1208,1205,1201,1198,1194,1190,1187,1183,1178,1174,1170,1165,1161,1156,1152,1147,1142,1137,1133,1128,1123,1118,1114,1109,1104,1099,1095,1090,1086,1082,1077,1073,1069,1065,1062,1058,1054,1051,1048,1045,1042,1040,1037,1035,1033,1031,1029,1028,1027,1026,1025,1024,1024,1024,1024,1024,1024,1024,1024,1024,1024,1024,1024,1024,1024,1024,1024,1024,1024,1024,1024,1024,1024

lead:V4
count:520
points:1024,1024,1024,1024,1023,1023,1023,1022,1022,1021,1021,1020,1019,1019,1018,1017,1016,1015,1014,1013,1012,1011,1010,1009,1008,1007,1006,1005,1003,1002,1001,1000,999,998,997,997,996,995,994,993,993,992,992,991,991,990,990,990,990,989,989,989,990,990,990,990,991,991,992,992,993,993,994,995,996,997,997,998,999,1000,1001,1002,1003,1005,1006,1007,1008,1009,1010,1011,1012,1013,1014,1015,1016,1017,1018,1019,1019,1020,1021,1021,1022,1022,1023,1023,1023,1024,1024,1024,1024,1024,1024,1024,1024,1024,1024,1024,1024,1024,1024,1024,1024,1024,1024,1024,1024,1024,1024,1024,1024,1024,1024,1024,1024,1024,1024,1024,1024,1024,1024,1024,1024,1024,1024,1024,1024,1024,1024,1024,1023,1023,1023,1023,1023,1023,1023,1022,1022,1022,1022,1021,1021,1020,1020,1019,1017,1015,1013,1011,1009,1008,1006,1004,1002,1019,1035,1052,1068,1085,1102,1118,1135,1151,1168,1185,1201,1218,1235,1251,1268,1284,1301,1318,1334,1351,1367,1384,1401,1434,1434,1404,1374,1344,1314,1284,1255,1226,1197,1168,1140,1113,1086,1059,1033,1008,983,959,936,913,892,871,851,832,813,796,780,765,751,737,725,714,705,696,688,682,676,672,669,667,667,738,799,851,894,929,957,979,996,1008,1016,1020,1023,1024,1024,1024,1025,1025,1026,1026,1026,1027,1027,1028,1028,1028,1029,1029,1030,1030,1030,1031,1031,1032,1032,1032,1033,1033,1034,1034,1034,1035,1035,1036,1036,1036,1037,1037,1038,1038,1038,1039,1039,1039,1040,1040,1041,1041,1041,1042,1042,1043,1043,1043,1044,1044,1045,1045,1045,1046,1046,1047,1047,1047,1048,1048,1049,1049,1049,1050,1050,1051,1051,1051,1052,1052,1053,1053,1053,1054,1054,1055,1055,1055,1056,1057,1057,1057,1057,1057,1057,1058,1058,1058,1059,1060,1060,1061,1062,1063,1064,1065,1066,1068,1069,1070,1072,1073,1075,1076,1078,1080,1082,1083,1085,1087,1089,1091,1094,1096,1098,1100,1102,1105,1107,1109,1112,1114,1117,1119,1122,1124,1127,1130,1132,1135,1137,1140,1143,1145,1148,1150,1153,1156,1158,1161,1163,1166,1169,1171,1174,1176,1178,1181,1183,1186,1188,1190,1192,1195,1197,1199,1201,1203,1205,1207,1209,1211,1212,1214,1216,1217,1219,1220,1221,1223,1224,1225,1226,1227,1228,1229,1230,1231,1231,1232,1232,1233,1233,1233,1234,1234,1234,1234,1233,1233,1232,1231,1230,1228,1227,1225,1223,1221,1218,1215,1213,1210,1206,1203,1200,1196,1192,1188,1184,1180,1176,1171,1167,1162,1158,1153,1148,1143,1139,1134,1129,1124,1119,1114,1110,1105,1100,1096,1091,1087,1082,1078,1074,1070,1066,1062,1058,1055,1051,1048,1045,1042,1040,1037,1035,1033,1031,1029,1028,1027,1026,1025,1024,1024,1024,1024,1024,1024,1024,1024,1024,1024,1024,1024,1024,1024,1024,1024,1024,1024,1024,1024,1024,1024

lead:V5
count:520
points:1024,1024,1024,1024,1024,1023,1023,1023,1022,1022,1021,1021,1020,1020,1019,1019,1018,1017,1016,1016,1015,1014,1013,1012,1012,1011,1010,1009,1008,1007,1007,1006,1005,1004,1004,1003,1002,1002,1001,1000,1000,1000,999,999,998,998,998,998,998,997,997,997,998,998,998,998,998,999,999,1000,1000,1000,1001,1002,1002,1003,1004,1004,1005,1006,1007,1007,1008,1009,1010,1011,1012,1012,1013,1014,1015,1016,1016,1017,1018,1019,1019,1020,1020,1021,1021,1022,1022,1023,1023,1023,1024,1024,1024,1024,1024,1024,1024,1024,1024,1024,1024,1024,1024,1024,1024,1024,1024,1024,1024,1024,1024,1024,1024,1024,1024,1024,1024,1024,1024,1024,1024,1024,1024,1024,1024,1024,1024,1024,1024,1024,1024,1024,1023,1023,1023,1023,1023,1023,1023,1022,1022,1022,1022,1021,1021,1021,1020,1019,1019,1016,1012,1008,1004,1000,997,993,989,985,982,1000,1019,1038,1057,1076,1094,1113,1132,1151,1169,1188,1207,1226,1245,1263,1282,1301,1320,1339,1357,1376,1395,1414,1432,1470,1470,1444,1419,1393,1368,1343,1318,1293,1268,1244,1220,1197,1174,1151,1129,1107,1086,1066,1046,1027,1008,990,973,957,942,927,913,900,888,877,867,857,849,841,835,830,825,821,819,817,817,858,894,924,949,969,985,998,1008,1015,1019,1022,1023,1024,1024,1024,1025,1025,1025,1026,1026,1026,1027,1027,1027,1028,1028,1029,1029,1029,1030,1030,1030,1031,1031,1031,1032,1032,1032,1033,1033,1033,1034,1034,1034,1035,1035,1036,1036,1036,1037,1037,1037,1038,1038,1038,1039,1039,1039,1040,1040,1040,1041,1041,1041,1042,1042,1043,1043,1043,1044,1044,1044,1045,1045,1045,1046,1046,1046,1047,1047,1047,1048,1048,1048,1049,1049,1050,1050,1050,1051,1051,1051,1052,1052,1053,1053,1053,1053,1053,1053,1054,1054,1054,1055,1055,1056,1057,1057,1058,1059,1060,1061,1062,1063,1064,1066,1067,1068,1070,1071,1073,1074,1076,1077,1079,1081,1082,1084,1086,1088,1090,1092,1094,1096,1098,1100,1102,1104,1106,1108,1111,1113,1115,1117,1119,1122,1124,1126,1128,1131,1133,1135,1137,1140,1142,1144,1146,1148,1150,1153,1155,1157,1159,1161,1163,1165,1167,1169,1171,1172,1174,1176,1178,1179,1181,1183,1184,1186,1187,1188,1190,1191,1192,1193,1195,1196,1197,1198,1198,1199,1200,1201,1201,1202,1202,1203,1203,1203,1204,1204,1204,1204,1204,1204,1203,1202,1202,1201,1199,1198,1196,1195,1193,1191,1188,1186,1183,1181,1178,1175,1171,1168,1165,1161,1158,1154,1150,1147,1143,1139,1135,1131,1126,1122,1118,1114,1110,1106,1102,1097,1093,1089,1085,1081,1078,1074,1070,1067,1063,1060,1057,1053,1050,1047,1045,1042,1040,1037,1035,1033,1032,1030,1029,1027,1026,1026,1025,1024,1024,1024,1024,1024,1024,1024,1024,1024,1024,1024,1024,1024,1024,1024,1024,1024,1024,1024,1024,1024,1024

lead:V6
count:520
points:1024,1024,1024,1024,1024,1023,1023,1023,1023,1022,1022,1022,1021,1021,1020,1020,1019,1019,1018,1018,1017,1016,1016,1015,1014,1014,1013,1012,1012,1011,1011,1010,1009,1009,1008,1008,1007,1007,1006,1006,1005,1005,1005,1004,1004,1004,1004,1004,1004,1004,1004,1004,1004,1004,1004,1004,1004,1004,1005,1005,1005,1006,1006,1007,1007,1008,1008,1009,1009,1010,1011,1011,1012,1012,1013,1014,1014,1015,1016,1016,1017,1018,1018,1019,1019,1020,1020,1021,1021,1022,1022,1022,1023,1023,1023,1023,1024,1024,1024,1024,1024,1024,1024,1024,1024,1024,1024,1024,1024,1024,1024,1024,1024,1024,1024,1024,1024,1024,1024,1024,1024,1024,1024,1024,1024,1024,1024,1024,1024,1024,1024,1024,1024,1024,1024,1024,1024,1024,1023,1023,1023,1023,1023,1023,1022,1022,1022,1022,1021,1021,1021,1020,1020,1019,1019,1014,1009,1004,998,993,988,983,978,973,968,990,1011,1033,1055,1077,1099,1121,1143,1164,1186,1208,1230,1252,1274,1296,1317,1339,1361,1383,1405,1427,1449,1470,1492,1536,1536,1515,1494,1473,1452,1431,1410,1390,1370,1350,1330,1311,1292,1273,1255,1237,1220,1203,1187,1171,1156,1141,1127,1114,1101,1089,1078,1067,1057,1048,1039,1032,1025,1019,1013,1009,1005,1002,1000,998,998,1004,1008,1012,1015,1017,1019,1021,1022,1023,1023,1024,1024,1024,1024,1024,1024,1025,1025,1025,1025,1026,1026,1026,1026,1027,1027,1027,1027,1028,1028,1028,1028,1029,1029,1029,1029,1030,1030,1030,1030,1031,1031,1031,1031,1032,1032,1032,1032,1033,1033,1033,1033,1034,1034,1034,1034,1035,1035,1035,1035,1036,1036,1036,1036,1037,1037,1037,1037,1038,1038,1038,1038,1039,1039,1039,1039,1040,1040,1040,1040,1041,1041,1041,1041,1042,1042,1042,1042,1043,1043,1043,1043,1044,1044,1044,1044,1045,1045,1045,1045,1045,1045,1046,1046,1046,1047,1047,1048,1048,1049,1049,1050,1051,1052,1052,1053,1054,1055,1056,1057,1058,1059,1060,1061,1062,1063,1065,1066,1067,1068,1070,1071,1072,1074,1075,1076,1078,1079,1081,1082,1084,1085,1087,1088,1090,1091,1093,1094,1096,1097,1099,1100,1102,1103,1105,1106,1108,1109,1111,1112,1114,1115,1116,1118,1119,1120,1122,1123,1124,1126,1127,1128,1129,1130,1131,1132,1133,1134,1135,1136,1137,1138,1139,1140,1141,1141,1142,1143,1143,1144,1144,1145,1145,1145,1146,1146,1146,1147,1147,1147,1147,1147,1147,1147,1146,1146,1145,1145,1144,1143,1142,1140,1139,1138,1136,1134,1133,1131,1129,1127,1125,1122,1120,1118,1115,1113,1110,1108,1105,1102,1100,1097,1094,1091,1088,1085,1083,1080,1077,1074,1071,1069,1066,1063,1061,1058,1056,1053,1051,1048,1046,1044,1042,1040,1038,1036,1035,1033,1032,1030,1029,1028,1027,1026,1026,1025,1025,1024,1024,1024,1024,1024,1024,1024,1024,1024,1024,1024,1024,1024,1024,1024,1024,1024,1024,1024,1024,1024,1024

