pathology:emd
group:arrhythmia
title:Electromechanical dissociation (EMD)
name:Электромеханическая диссоциация (ЭМД)
leads:6

lead:I
count:402
points:1024,1024,1024,1024,1024,1024,1024,1024,1024,1024,1024,1024,1024,1025,1025,1025,1025,1025,1026,1026,1026,1026,1027,1027,1028,1028,1029,1029,1030,1030,1031,1032,1033,1034,1034,1034,1035,1036,1037,1041,1045,1052,1060,1071,1085,1121,1121,1014,906,907,908,911,915,920,926,933,940,949,958,968,979,990,1001,1013,1025,1037,1049,1061,1073,1084,1095,1106,1115,1125,1133,1141,1148,1154,1159,1162,1165,1167,1167,1160,1153,1146,1140,1134,1128,1122,1116,1111,1106,1101,1096,1092,1087,1083,1079,1076,1072,1069,1066,1063,1060,1057,1055,1053,1050,1048,1046,1045,1043,1041,1040,1039,1038,1036,1035,1035,1034,1033,1032,1032,1031,1031,1030,1030,1030,1030,1030,1029,1029,1029,1029,1029,1029,1029,1029,1029,1029,1029,1029,1029,1028,1028,1028,1028,1027,1027,1027,1027,1026,1026,1026,1025,1025,1025,1025,1024,1024,1024,1024,1024,1024,1021,1019,1016,1014,1012,1009,1007,1005,1003,1002,1000,999,997,996,995,993,992,992,991,990,989,989,989,988,988,988,988,988,988,988,988,988,988,988,988,989,989,989,989,989,990,990,990,990,991,991,992,992,993,994,994,995,996,997,998,999,1000,1001,1003,1004,1005,1007,1008,1010,1012,1014,1011,1004,993,983,973,973,974,977,982,989,998,1008,1020,1033,1046,1061,1075,1090,1104,1118,1131,1142,1153,1161,1168,1173,1178,1178,1174,1165,1151,1132,1109,1085,1062,1039,1020,1006,993,993,982,977,974,972,970,968,967,966,965,964,963,963,963,963,974,978,981,984,987,989,991,992,994,995,996,998,999,1000,1001,1002,1002,1003,1004,1005,1005,1006,1006,1007,1007,1007,1008,1008,1008,1008,1008,1009,1009,1009,1004,1002,1000,999,998,997,997,996,995,994,994,993,993,992,992,992,991,991,991,990,990,990,990,989,989,989,989,989,989,988,988,988,988,988,988,988,988,988,989,989,989,990,990,991,991,992,993,993,994,995,996,997,998,999,1000,1001,1003,1004,1005,1006,1007,1008,1010,1011,1012,1013,1014,1015,1016,1017,1018,1019,1020,1020,1021,1022,1022,1023,1023,1023,1024,1024,1024

lead:II
count:402
points:1024,1024,1024,1024,1024,1024,1024,1024,1024,1024,1024,1024,1024,1025,1025,1025,1025,1025,1026,1026,1026,1026,1027,1027,1028,1028,1029,1029,1030,1030,1031,1032,1033,1034,1034,1034,1035,1036,1038,1042,1048,1056,1066,1080,1096,1142,1142,1029,916,937,956,973,990,1006,1020,1034,1047,1058,1069,1079,1088,1097,1104,1111,1117,1123,1127,1132,1136,1139,1142,1144,1146,1148,1149,1150,1151,1151,1152,1152,1152,1152,1152,1144,1137,1130,1123,1117,1111,1105,1099,1093,1088,1083,1078,1074,1069,1065,1061,1057,1053,1050,1047,1044,1041,1038,1035,1033,1031,1029,1027,1025,1023,1021,1020,1019,1017,1016,1015,1014,1013,1013,1012,1011,1011,1010,1010,1010,1009,1009,1009,1009,1009,1009,1009,1009,1009,1009,1009,1009,1008,1008,1007,1007,1006,1005,1004,1003,1002,1001,1000,998,997,996,995,994,993,992,991,990,989,989,988,988,988,988,988,988,988,988,988,988,988,988,988,988,988,988,988,988,988,988,988,988,988,988,988,988,988,988,988,988,988,988,988,988,988,988,988,989,989,989,989,990,990,990,991,991,992,993,993,994,995,996,997,998,999,1001,1002,1004,1005,1007,1009,1011,1013,1016,1018,1021,1023,1026,1029,1031,1036,1042,1048,1055,1055,1055,1057,1059,1063,1067,1072,1078,1085,1091,1099,1106,1113,1120,1127,1134,1139,1145,1149,1152,1155,1157,1157,1150,1131,1099,1059,1011,960,909,861,821,789,763,763,815,867,917,965,1011,1053,1092,1127,1157,1183,1203,1217,1226,1229,1217,1205,1193,1182,1172,1161,1151,1142,1132,1123,1115,1107,1099,1092,1084,1078,1071,1065,1060,1054,1050,1045,1041,1037,1034,1031,1028,1025,1023,1022,1021,1020,1019,1019,1012,1009,1007,1005,1003,1002,1001,1000,999,998,997,996,995,995,994,993,993,992,992,991,991,991,990,990,990,989,989,989,989,989,988,988,988,988,988,988,988,988,989,989,989,990,990,991,991,992,993,993,994,995,996,997,998,999,1000,1001,1003,1004,1005,1006,1007,1008,1010,1011,1012,1013,1014,1015,1016,1017,1018,1019,1020,1020,1021,1022,1022,1023,1023,1023,1024,1024,1024

lead:III
count:402
points:1024,1024,1024,1024,1024,1024,1024,1024,1024,1024,1024,1024,1024,1024,1024,1024,1024,1024,1024,1024,1024,1024,1024,1024,1024,1024,1024,1024,1024,1024,1024,1024,1024,1024,1024,1024,1024,1024,1025,1026,1027,1029,1032,1035,1039,1050,1050,1039,1029,1029,1029,1029,1028,1028,1028,1027,1026,1026,1025,1024,1023,1023,1022,1021,1020,1019,1018,1017,1016,1015,1014,1013,1013,1012,1011,1011,1010,1010,1009,1009,1009,1009,1009,1008,1008,1008,1008,1007,1007,1007,1007,1007,1006,1006,1006,1006,1006,1006,1005,1005,1005,1005,1005,1005,1005,1005,1004,1004,1004,1004,1004,1004,1004,1004,1004,1004,1004,1004,1004,1004,1004,1004,1004,1004,1004,1004,1004,1004,1004,1004,1004,1004,1004,1004,1004,1004,1004,1004,1004,1003,1003,1003,1003,1002,1002,1001,1000,999,999,998,997,996,995,994,993,992,991,991,990,990,989,989,988,988,988,991,993,996,998,1001,1003,1005,1007,1009,1010,1012,1014,1015,1016,1018,1019,1020,1021,1021,1022,1023,1023,1024,1024,1024,1024,1024,1024,1024,1024,1024,1024,1024,1024,1024,1024,1024,1024,1025,1025,1025,1025,1025,1025,1026,1026,1026,1027,1027,1027,1028,1028,1029,1029,1030,1030,1031,1032,1033,1033,1034,1035,1036,1037,1038,1039,1044,1056,1073,1089,1106,1106,1105,1104,1101,1098,1093,1088,1082,1076,1069,1062,1055,1047,1040,1033,1027,1021,1016,1012,1008,1006,1004,1004,1000,989,973,951,926,899,871,846,824,808,794,794,978,1049,1101,1141,1174,1201,1224,1242,1257,1270,1279,1285,1289,1290,1229,1204,1185,1170,1157,1145,1135,1125,1117,1109,1102,1095,1089,1083,1078,1073,1069,1064,1061,1057,1054,1051,1048,1046,1043,1041,1040,1038,1037,1036,1035,1035,1034,1034,1032,1031,1030,1030,1029,1029,1028,1028,1027,1027,1027,1027,1026,1026,1026,1026,1026,1025,1025,1025,1025,1025,1025,1025,1024,1024,1024,1024,1024,1024,1024,1024,1024,1024,1024,1024,1024,1024,1024,1024,1024,1024,1024,1024,1024,1024,1024,1024,1024,1024,1024,1024,1024,1024,1024,1024,1024,1024,1024,1024,1024,1024,1024,1024,1024,1024,1024,1024,1024,1024,1024,1024,1024,1024,1024,1024,1024,1024,1024,1024,1024,1024,1024

lead:aVR
count:402
points:1024,1024,1024,1024,1024,1024,1024,1024,1024,1024,1024,1024,1023,1023,1023,1023,1023,1023,1022,1022,1022,1021,1021,1020,1020,1019,1019,1018,1017,1017,1016,1015,1014,1012,1012,1012,1012,1010,1008,1004,998,989,978,964,945,897,897,1027,1157,1156,1155,1151,1147,1142,1135,1128,1119,1110,1099,1088,1077,1065,1052,1039,1026,1012,999,986,973,960,948,936,925,915,905,897,889,883,877,873,870,868,867,876,884,892,900,907,914,921,928,934,940,946,951,956,961,966,971,975,979,983,987,990,994,997,1000,1002,1005,1007,1010,1012,1014,1015,1017,1019,1020,1021,1023,1024,1025,1025,1026,1027,1027,1028,1028,1029,1029,1029,1029,1030,1030,1030,1030,1030,1030,1030,1030,1030,1030,1030,1031,1031,1032,1032,1033,1034,1035,1036,1036,1037,1038,1039,1040,1041,1042,1042,1043,1043,1044,1044,1044,1045,1045,1046,1048,1049,1051,1052,1053,1054,1055,1057,1058,1058,1059,1060,1061,1062,1062,1063,1063,1064,1064,1065,1065,1065,1065,1065,1065,1065,1065,1065,1065,1065,1065,1065,1065,1065,1065,1065,1064,1064,1064,1063,1063,1062,1062,1061,1061,1060,1059,1058,1057,1056,1055,1054,1052,1051,1049,1047,1046,1044,1042,1040,1037,1035,1032,1030,1027,1028,1029,1031,1034,1036,1036,1035,1032,1028,1022,1014,1005,995,984,972,960,947,935,922,910,899,889,880,873,866,862,858,858,864,881,907,942,982,1025,1069,1109,1144,1170,1192,1192,1099,1063,1037,1017,1000,986,975,965,958,952,947,944,942,941,964,973,980,986,991,995,999,1002,1005,1008,1011,1013,1016,1018,1020,1021,1023,1025,1026,1027,1029,1030,1031,1032,1032,1033,1034,1034,1035,1035,1035,1036,1036,1036,1043,1046,1048,1049,1051,1052,1053,1054,1055,1056,1057,1058,1059,1059,1060,1060,1061,1061,1062,1062,1063,1063,1063,1064,1064,1064,1064,1065,1065,1065,1065,1065,1065,1065,1065,1065,1065,1065,1065,1065,1064,1064,1063,1063,1062,1061,1060,1059,1058,1057,1056,1055,1054,1053,1051,1050,1049,1047,1046,1045,1043,1042,1041,1039,1038,1037,1036,1034,1033,1032,1031,1030,1029,1028,1027,1027,1026,1026,1025,1025,1024,1024,1024

lead:aVL
count:402
points:1024,1024,1024,1024,1024,1024,1024,1024,1024,1024,1024,1024,1024,1024,1024,1025,1025,1025,1025,1025,1025,1025,1026,1026,1026,1026,1027,1027,1027,1028,1028,1028,1029,1030,1030,1030,1030,1030,1031,1032,1034,1037,1040,1045,1050,1065,1065,1009,953,953,954,956,959,962,965,969,974,980,985,992,998,1005,1012,1019,1027,1034,1042,1049,1057,1064,1071,1077,1083,1089,1094,1099,1103,1107,1110,1113,1114,1115,1116,1112,1108,1104,1100,1097,1093,1090,1087,1084,1081,1079,1076,1074,1071,1069,1067,1065,1063,1061,1059,1058,1056,1055,1053,1052,1051,1049,1048,1047,1046,1046,1045,1044,1043,1043,1042,1042,1041,1041,1041,1040,1040,1040,1040,1039,1039,1039,1039,1039,1039,1039,1039,1039,1039,1039,1039,1039,1039,1039,1039,1039,1040,1040,1040,1040,1041,1041,1041,1042,1042,1042,1043,1043,1043,1044,1044,1044,1044,1045,1045,1045,1045,1042,1039,1036,1033,1030,1028,1025,1023,1021,1019,1017,1015,1014,1012,1011,1009,1008,1007,1006,1006,1005,1004,1004,1004,1003,1003,1003,1003,1003,1003,1003,1003,1003,1003,1003,1003,1003,1003,1004,1004,1004,1004,1004,1004,1004,1004,1004,1004,1004,1005,1005,1005,1005,1005,1006,1006,1006,1006,1007,1007,1007,1008,1008,1008,1009,1009,1005,994,978,963,947,947,948,951,955,961,969,978,988,999,1011,1023,1036,1048,1061,1073,1084,1094,1103,1110,1116,1121,1125,1125,1125,1125,1127,1128,1130,1132,1134,1136,1137,1138,1139,1139,1026,982,951,926,906,889,876,864,855,848,842,838,836,835,877,894,906,917,926,934,941,947,953,958,963,968,972,976,979,983,986,989,991,994,996,998,1000,1002,1003,1004,1005,1006,1007,1008,1009,1009,1009,1009,1008,1007,1007,1007,1006,1006,1006,1006,1005,1005,1005,1005,1005,1005,1004,1004,1004,1004,1004,1004,1004,1004,1004,1004,1004,1004,1003,1003,1003,1003,1003,1003,1003,1003,1003,1003,1003,1003,1004,1004,1004,1004,1004,1005,1005,1005,1006,1006,1007,1007,1008,1008,1009,1010,1010,1011,1012,1012,1013,1014,1014,1015,1016,1016,1017,1018,1018,1019,1019,1020,1020,1021,1021,1022,1022,1023,1023,1023,1023,1024,1024,1024,1024

lead:aVF
count:402
points:1024,1024,1024,1024,1024,1024,1024,1024,1024,1024,1024,1024,1024,1024,1024,1025,1025,1025,1025,1025,1025,1025,1026,1026,1026,1026,1027,1027,1027,1028,1028,1028,1029,1030,1030,1030,1030,1031,1033,1036,1040,1046,1054,1064,1076,1110,1110,1036,962,962,963,964,966,969,971,975,979,983,987,992,997,1003,1008,1014,1020,1025,1031,1037,1043,1048,1054,1059,1064,1068,1072,1076,1080,1082,1085,1087,1088,1089,1089,1085,1080,1076,1072,1068,1064,1061,1057,1054,1051,1048,1045,1042,1039,1037,1035,1032,1030,1028,1026,1024,1022,1021,1019,1018,1016,1015,1014,1013,1012,1011,1010,1009,1009,1008,1007,1007,1006,1006,1005,1005,1005,1004,1004,1004,1004,1004,1004,1003,1003,1003,1003,1003,1003,1003,1003,1003,1003,1003,1002,1001,1001,1000,999,998,997,995,994,993,992,990,989,988,987,986,985,984,984,983,983,983,983,984,986,987,988,990,991,992,993,994,995,996,997,998,999,1000,1000,1001,1001,1002,1002,1003,1003,1003,1003,1003,1003,1003,1003,1003,1003,1003,1003,1003,1004,1004,1004,1004,1004,1004,1005,1005,1005,1006,1006,1007,1007,1008,1009,1009,1010,1011,1012,1013,1014,1016,1017,1018,1020,1022,1023,1025,1027,1029,1031,1033,1036,1039,1049,1062,1076,1089,1089,1089,1089,1089,1089,1089,1089,1089,1089,1089,1089,1089,1089,1089,1089,1089,1089,1089,1089,1089,1089,1089,1089,1083,1066,1038,1002,960,915,869,827,791,764,740,740,946,1026,1084,1129,1166,1196,1222,1242,1259,1273,1283,1290,1295,1296,1231,1205,1185,1169,1156,1143,1132,1123,1114,1105,1098,1091,1084,1078,1073,1068,1063,1059,1055,1051,1047,1044,1041,1039,1037,1035,1033,1031,1030,1029,1028,1027,1027,1027,1021,1019,1018,1016,1015,1014,1013,1012,1011,1011,1010,1009,1009,1008,1008,1007,1007,1006,1006,1006,1005,1005,1005,1005,1004,1004,1004,1004,1004,1004,1004,1003,1003,1003,1003,1003,1003,1003,1004,1004,1004,1004,1004,1005,1005,1005,1006,1006,1007,1007,1008,1008,1009,1010,1010,1011,1012,1012,1013,1014,1014,1015,1016,1016,1017,1018,1018,1019,1019,1020,1020,1021,1021,1022,1022,1023,1023,1023,1023,1024,1024,1024,1024

