pathology:fib
group:arrhythmia
title:Atrial fibrillation (AF)
name:Фибрилляция предсердий
leads:12

lead:I
count:1442
points:1024,1024,1023,1023,1022,1020,1019,1017,1015,1013,1011,1008,1006,1004,1001,999,997,995,993,992,991,990,989,988,988,989,990,992,995,999,1003,1008,1013,1018,1024,1030,1035,1040,1045,1049,1053,1056,1058,1059,1060,1060,1059,1058,1057,1056,1054,1052,1050,1048,1045,1042,1039,1036,1033,1030,1027,1023,1020,1017,1014,1011,1008,1005,1003,1001,999,997,996,995,994,993,993,993,994,995,996,998,1000,1002,1005,1008,1011,1015,1018,1022,1025,1029,1033,1037,1040,1044,1047,1050,1053,1056,1058,1060,1062,1063,1064,1065,1065,1065,1064,1064,1063,1062,1060,1059,1057,1055,1052,1050,1048,1045,1042,1040,1037,1034,1031,1029,1026,1024,1021,1019,1017,1015,1013,1012,1011,1010,1009,1009,1009,1026,1043,1060,1076,1093,1110,1127,1144,1161,1178,1195,1212,1229,1246,1280,1280,1237,1194,1151,1108,1066,1023,937,937,937,939,941,943,947,951,956,961,967,973,979,986,992,998,1004,1010,1015,1020,1024,1028,1031,1033,1034,1034,1034,1034,1034,1033,1033,1032,1031,1030,1029,1028,1027,1026,1025,1024,1023,1022,1021,1020,1019,1018,1017,1016,1015,1015,1014,1014,1014,1014,1014,1014,1015,1015,1016,1017,1018,1019,1020,1022,1024,1025,1027,1029,1031,1034,1036,1038,1041,1043,1046,1049,1052,1054,1057,1060,1063,1065,1068,1071,1074,1076,1079,1081,1084,1086,1088,1090,1092,1094,1096,1098,1099,1101,1102,1103,1104,1105,1105,1106,1106,1106,1106,1105,1104,1103,1102,1100,1098,1096,1093,1090,1087,1084,1080,1077,1073,1069,1065,1061,1056,1052,1048,1044,1040,1036,1032,1028,1024,1021,1017,1014,1011,1009,1006,1004,1002,1001,1000,999,998,998,998,999,999,1000,1000,1001,1002,1003,1004,1005,1006,1007,1009,1010,1011,1013,1014,1015,1016,1018,1019,1020,1021,1022,1022,1023,1023,1024,1024,1024,1023,1021,1018,1014,1010,1004,998,993,987,982,978,975,973,973,973,973,974,975,977,979,981,983,985,988,991,994,997,1001,1004,1008,1011,1015,1018,1022,1025,1028,1031,1034,1037,1040,1042,1044,1046,1047,1048,1049,1050,1050,1049,1048,1045,1042,1038,1033,1028,1022,1016,1011,1005,1000,995,991,987,985,984,983,988,1003,1027,1057,1093,1132,1170,1206,1237,1260,1280,1280,1274,1255,1224,1183,1132,1075,947,947,948,950,953,957,963,969,976,983,991,998,1006,1012,1019,1024,1028,1032,1034,1034,1034,1034,1034,1033,1032,1031,1030,1029,1028,1027,1026,1024,1023,1021,1020,1019,1017,1016,1015,1013,1012,1011,1011,1010,1009,1009,1009,1009,1009,1011,1014,1018,1022,1028,1034,1040,1047,1054,1060,1066,1072,1076,1080,1083,1085,1085,1085,1085,1084,1084,1083,1082,1080,1079,1077,1075,1073,1071,1068,1066,1063,1061,1058,1055,1052,1050,1047,1044,1041,1039,1036,1033,1031,1029,1026,1024,1022,1021,1019,1018,1016,1016,1015,1014,1014,1014,1014,1014,1015,1015,1016,1017,1018,1019,1021,1022,1024,1025,1027,1029,1031,1033,1035,1037,1039,1041,1043,1045,1047,1048,1050,1052,1053,1054,1056,1057,1058,1058,1059,1059,1060,1060,1060,1059,1057,1055,1052,1049,1045,1041,1037,1032,1027,1022,1016,1011,1006,1001,996,992,987,984,981,978,976,974,973,973,973,974,976,978,981,984,988,993,997,1003,1008,1013,1019,1024,1030,1035,1040,1045,1049,1053,1057,1060,1062,1064,1065,1065,1065,1064,1064,1063,1062,1060,1059,1057,1055,1052,1050,1047,1044,1041,1038,1035,1032,1028,1025,1021,1018,1015,1011,1008,1005,1002,999,996,993,991,988,986,984,983,981,980,979,978,978,978,978,978,979,980,981,983,985,987,989,991,993,996,998,1001,1004,1006,1009,1011,1013,1015,1017,1019,1020,1022,1023,1023,1024,1024,1024,1024,1025,1026,1026,1027,1029,1030,1031,1033,1035,1036,1038,1040,1042,1044,1046,1047,1049,1051,1052,1054,1055,1056,1057,1058,1059,1059,1060,1060,1060,1059,1058,1057,1056,1054,1052,1050,1047,1044,1042,1039,1036,1032,1029,1026,1023,1020,1017,1014,1011,1009,1006,1004,1003,1001,1000,999,998,998,999,999,1000,1002,1003,1005,1008,1010,1013,1016,1019,1022,1025,1027,1030,1032,1034,1036,1038,1039,1039,1039,1039,1039,1038,1037,1036,1034,1032,1031,1028,1026,1024,1021,1019,1016,1014,1012,1009,1007,1005,1004,1002,1001,1000,999,999,998,1014,1030,1045,1061,1077,1092,1108,1124,1139,1155,1170,1186,1202,1217,1233,1249,1264,1280,1259,1201,1121,1042,984,963,963,965,967,971,975,980,985,991,996,1001,1006,1011,1014,1017,1018,1019,1019,1019,1020,1021,1023,1024,1026,1028,1030,1033,1036,1038,1041,1044,1047,1050,1053,1056,1058,1061,1064,1066,1068,1070,1071,1073,1074,1075,1075,1075,1075,1074,1073,1071,1069,1067,1064,1061,1057,1053,1049,1045,1041,1037,1033,1028,1024,1020,1016,1013,1010,1007,1004,1002,1001,999,999,998,999,999,1000,1001,1002,1004,1006,1008,1010,1012,1015,1018,1021,1024,1027,1030,1032,1035,1038,1041,1043,1045,1047,1049,1051,1052,1053,1054,1055,1055,1055,1054,1053,1052,1051,1049,1047,1045,1042,1039,1036,1033,1030,1027,1024,1021,1018,1015,1012,1009,1006,1003,1001,999,997,996,995,994,993,993,993,994,995,996,997,999,1001,1003,1005,1008,1011,1014,1017,1020,1023,1027,1030,1033,1036,1039,1042,1045,1048,1050,1052,1054,1056,1057,1058,1059,1060,1060,1060,1059,1058,1057,1055,1053,1051,1049,1046,1043,1040,1037,1033,1030,1027,1023,1020,1016,1013,1010,1007,1004,1002,1000,998,996,995,994,993,993,994,995,998,1002,1006,1011,1017,1023,1029,1035,1041,1047,1052,1057,1060,1063,1064,1065,1064,1063,1060,1056,1051,1046,1040,1033,1027,1020,1013,1007,1002,997,993,990,989,988,988,989,990,992,995,997,1000,1004,1007,1011,1015,1020,1024,1028,1033,1037,1041,1044,1048,1051,1053,1056,1058,1059,1060,1060,1060,1059,1058,1056,1053,1051,1048,1044,1041,1037,1033,1028,1024,1020,1015,1011,1007,1004,1000,997,995,992,990,989,988,988,988,988,989,989,989,990,990,991,992,993,993,994,995,996,997,999,1000,1001,1002,1004,1005,1006,1007,1009,1010,1011,1012,1014,1015,1016,1017,1018,1019,1020,1020,1021,1022,1022,1023,1023,1024,1024,1024,1024,1024,1023,1022,1021,1019,1017,1014,1012,1009,1006,1003,1001,998,996,993,992,990,989,988,988,991,995,998,1001,1005,1008,1011,1015,1018,1021,1025,1028,1031,1035,1038,1041,1045,1048,1051,1055,1054,1053,1051,1049,1046,1042,1038,1033,1029,1024,1019,1015,1010,1006,1002,999,997,995,994,993,994,994,995,997,999,1001,1004,1007,1010,1013,1017,1020,1024,1028,1031,1035,1038,1041,1044,1047,1049,1051,1053,1054,1054,1055,1051,1048,1045,1042,1038,1035,1032,1028,1025,1022,1019,1015,1012,1009,1010,1014,1021,1030,1042,1055,1071,1088,1106,1125,1144,1164,1183,1201,1218,1233,1247,1258,1268,1275,1279,1280,1226,1172,1119,1065,1011,957,962,967,972,976,981,986,991,995,1000,1005,1010,1014,1019,1024,1024,1024,1024,1024,1024,1024,1025,1025,1025,1025,1026,1026,1026,1026,1027,1027,1027,1027,1028,1028,1028,1028,1028,1029,1029,1029,1029,1029,1029,1029,1031,1032,1033,1035,1036,1037,1039,1040,1042,1043,1044,1046,1047,1049,1050,1051,1053,1054,1056,1057,1058,1060,1061,1063,1064,1065,1067,1068,1070,1071,1072,1074,1075,1077,1078,1079,1081,1082,1084,1085,1086,1088,1089,1091,1092,1094,1095,1096,1097,1098,1098,1099,1100,1100,1100,1100,1101,1101,1101,1101,1101,1101,1100,1099,1097,1093,1090,1085,1080,1074,1068,1061,1055,1048,1042,1036,1030,1025,1020,1016,1013,1011,1009,1009,1009,1010,1011,1013,1015,1017,1020,1024,1027,1031,1034,1038,1041,1045,1048,1051,1054,1056,1058,1059,1060,1060,1058,1057,1055,1053,1052,1050,1048,1047,1045,1044,1042,1040,1039,1037,1035,1034,1032,1031,1029,1027,1026

lead:II
count:1442
points:1024,1024,1023,1023,1022,1021,1020,1018,1016,1015,1013,1011,1009,1007,1005,1003,1001,999,998,996,995,994,994,993,993,998,1002,1007,1011,1016,1021,1025,1030,1034,1039,1043,1048,1052,1057,1062,1066,1071,1075,1075,1075,1074,1073,1071,1069,1067,1065,1063,1060,1057,1054,1051,1047,1044,1040,1037,1033,1030,1026,1023,1020,1017,1014,1011,1008,1006,1004,1002,1001,1000,999,999,998,999,999,1000,1002,1004,1006,1009,1012,1015,1019,1023,1027,1031,1035,1039,1044,1048,1052,1056,1060,1063,1067,1070,1072,1075,1077,1078,1079,1080,1080,1080,1080,1080,1080,1079,1079,1078,1078,1077,1076,1075,1074,1073,1072,1071,1069,1068,1066,1064,1062,1060,1058,1055,1053,1050,1046,1042,1038,1033,1027,1019,998,1004,1019,1044,1077,1118,1164,1215,1267,1320,1370,1417,1457,1491,1516,1536,1536,1513,1448,1350,1234,1118,1020,932,932,939,946,953,960,966,973,979,986,992,997,1003,1008,1013,1017,1021,1025,1028,1031,1034,1036,1037,1038,1039,1039,1039,1039,1039,1038,1037,1037,1036,1035,1033,1032,1031,1029,1028,1027,1025,1024,1022,1021,1020,1019,1018,1017,1016,1015,1014,1014,1014,1014,1014,1014,1015,1016,1017,1018,1019,1021,1023,1025,1027,1030,1033,1035,1038,1041,1045,1048,1051,1055,1059,1062,1066,1070,1074,1078,1082,1085,1089,1093,1097,1100,1104,1108,1111,1114,1117,1120,1123,1126,1128,1130,1133,1134,1136,1138,1139,1140,1141,1141,1142,1142,1142,1141,1140,1138,1136,1134,1131,1128,1125,1121,1117,1112,1108,1103,1098,1092,1087,1081,1076,1070,1064,1059,1053,1048,1043,1038,1033,1028,1024,1019,1016,1012,1009,1006,1004,1002,1000,999,998,998,998,999,999,1000,1000,1001,1002,1003,1004,1005,1006,1007,1009,1010,1011,1013,1014,1015,1016,1018,1019,1020,1021,1022,1022,1023,1023,1024,1024,1024,1025,1026,1028,1032,1036,1040,1044,1049,1053,1057,1060,1063,1065,1065,1064,1062,1061,1060,1058,1057,1055,1054,1053,1051,1050,1049,1047,1046,1045,1043,1042,1041,1039,1038,1036,1035,1034,1032,1031,1030,1028,1027,1026,1024,1023,1022,1019,1019,1019,1018,1016,1015,1012,1010,1007,1004,1001,998,995,992,989,987,985,984,983,983,1029,1075,1121,1167,1213,1260,1306,1352,1398,1444,1536,1536,1456,1376,1296,1216,1136,1056,896,896,897,900,905,912,920,929,940,951,963,974,985,996,1005,1014,1020,1025,1029,1029,1029,1029,1030,1030,1031,1032,1033,1034,1035,1036,1038,1039,1040,1042,1043,1045,1046,1047,1049,1050,1051,1052,1053,1053,1054,1054,1055,1055,1053,1051,1050,1048,1046,1044,1043,1041,1039,1038,1036,1034,1033,1031,1029,1027,1024,1024,1024,1025,1025,1027,1028,1030,1032,1034,1037,1040,1043,1046,1050,1053,1057,1061,1065,1069,1074,1078,1082,1086,1090,1094,1098,1102,1106,1109,1113,1116,1119,1121,1124,1126,1127,1129,1130,1131,1132,1132,1131,1130,1129,1127,1125,1122,1119,1115,1111,1106,1101,1096,1090,1084,1078,1072,1066,1060,1054,1047,1041,1035,1030,1024,1019,1014,1009,1005,1001,998,995,992,991,989,988,988,988,989,990,991,993,995,998,1000,1003,1006,1010,1013,1016,1020,1023,1026,1029,1032,1035,1037,1039,1041,1043,1044,1044,1044,1044,1044,1043,1043,1042,1041,1039,1038,1036,1035,1033,1031,1029,1027,1025,1024,1022,1020,1019,1018,1016,1016,1015,1014,1014,1014,1014,1014,1014,1015,1016,1016,1017,1018,1019,1021,1022,1023,1025,1026,1028,1030,1031,1033,1035,1037,1039,1040,1042,1044,1046,1047,1049,1050,1052,1053,1054,1055,1056,1057,1058,1059,1059,1060,1060,1060,1060,1059,1059,1058,1057,1056,1055,1053,1051,1050,1048,1046,1044,1042,1040,1038,1036,1034,1032,1031,1029,1028,1027,1026,1025,1024,1024,1024,1024,1025,1026,1027,1028,1030,1032,1034,1037,1039,1042,1045,1048,1052,1055,1058,1061,1064,1067,1070,1073,1075,1078,1080,1081,1083,1084,1085,1085,1085,1083,1080,1078,1075,1073,1070,1068,1065,1062,1060,1057,1055,1052,1050,1047,1044,1042,1039,1037,1034,1032,1029,1027,1024,1021,1019,1016,1014,1009,1009,1009,1009,1010,1010,1011,1012,1013,1015,1016,1017,1019,1020,1022,1023,1024,1026,1027,1027,1028,1029,1029,1029,1029,1028,1027,1026,1024,1022,1020,1017,1014,1011,1008,1004,1001,998,994,991,988,985,982,980,978,976,975,974,973,973,1004,1035,1067,1098,1129,1161,1192,1223,1254,1286,1317,1348,1380,1411,1442,1473,1505,1536,1495,1384,1231,1079,968,927,928,930,935,941,948,957,966,975,985,994,1002,1010,1016,1020,1023,1024,1024,1025,1026,1027,1028,1030,1032,1034,1037,1039,1042,1045,1048,1052,1055,1058,1061,1064,1067,1070,1073,1075,1078,1080,1081,1083,1084,1085,1085,1085,1085,1085,1084,1082,1080,1078,1076,1073,1070,1067,1063,1060,1056,1052,1048,1045,1041,1038,1034,1031,1029,1026,1024,1022,1021,1020,1019,1019,1019,1019,1020,1021,1022,1024,1025,1027,1029,1032,1034,1037,1039,1042,1044,1047,1050,1052,1055,1057,1060,1062,1064,1065,1067,1068,1069,1070,1070,1070,1070,1069,1068,1067,1065,1063,1061,1058,1055,1052,1049,1045,1042,1038,1034,1030,1027,1023,1020,1016,1013,1010,1008,1005,1003,1001,1000,999,999,998,998,999,999,1000,1001,1001,1002,1004,1005,1006,1008,1009,1011,1013,1015,1016,1018,1020,1022,1023,1025,1026,1028,1029,1030,1031,1032,1033,1033,1034,1034,1034,1034,1034,1033,1032,1030,1029,1027,1025,1023,1020,1018,1015,1012,1009,1006,1003,1000,997,995,992,990,987,985,983,982,980,979,979,978,978,978,980,982,986,990,995,1000,1005,1011,1017,1023,1028,1033,1037,1040,1042,1044,1044,1044,1042,1040,1037,1033,1028,1023,1017,1011,1005,1000,995,990,986,982,980,978,978,981,984,987,990,993,996,999,1002,1005,1007,1010,1013,1016,1019,1022,1025,1028,1031,1034,1037,1040,1043,1046,1049,1055,1055,1054,1054,1052,1050,1048,1045,1042,1038,1034,1030,1026,1021,1016,1012,1007,1003,998,995,991,988,985,982,980,979,978,978,978,978,978,979,979,980,981,982,983,984,985,986,987,989,990,991,993,994,996,998,999,1001,1003,1004,1006,1007,1009,1011,1012,1013,1015,1016,1017,1018,1019,1020,1021,1022,1023,1023,1023,1024,1024,1024,1024,1023,1021,1020,1017,1015,1011,1008,1005,1001,997,994,991,987,985,982,980,979,978,978,978,980,982,985,988,993,997,1003,1008,1014,1019,1025,1030,1035,1039,1043,1046,1048,1049,1050,1049,1048,1047,1044,1041,1038,1034,1030,1026,1021,1017,1013,1009,1005,1002,999,996,995,994,993,993,994,995,996,998,1000,1002,1004,1007,1010,1013,1016,1019,1022,1025,1028,1031,1033,1036,1038,1040,1042,1043,1044,1044,1044,1044,1044,1043,1042,1041,1040,1038,1035,1032,1029,1025,1020,1012,993,1032,1071,1110,1148,1187,1226,1265,1303,1342,1381,1420,1458,1497,1536,1528,1503,1463,1411,1348,1277,1203,1129,1059,996,943,903,879,870,886,902,918,933,947,960,972,982,992,1000,1006,1010,1014,1014,1014,1015,1015,1016,1016,1017,1017,1018,1018,1019,1019,1020,1020,1021,1021,1022,1022,1023,1023,1024,1025,1025,1026,1026,1027,1027,1028,1028,1029,1029,1029,1029,1029,1030,1030,1030,1030,1031,1031,1032,1032,1033,1033,1034,1035,1036,1036,1037,1038,1039,1040,1041,1042,1043,1044,1046,1047,1048,1049,1050,1052,1053,1054,1056,1057,1059,1060,1061,1063,1064,1066,1067,1069,1070,1075,1080,1084,1088,1092,1096,1099,1102,1105,1107,1109,1111,1113,1114,1115,1116,1116,1116,1116,1114,1112,1109,1105,1100,1095,1089,1083,1077,1070,1064,1057,1051,1045,1040,1035,1031,1028,1026,1024,1024,1024,1025,1026,1028,1030,1032,1035,1037,1041,1044,1047,1050,1054,1057,1059,1062,1064,1066,1068,1069,1070,1070,1070,1069,1068,1066,1064,1062,1059,1057,1054,1050,1047,1044,1041,1037,1035,1032,1030,1028,1026,1025,1024

lead:III
count:1442
points:1024,1024,1024,1023,1023,1022,1021,1020,1019,1018,1016,1015,1014,1012,1011,1010,1009,1008,1007,1006,1005,1004,1004,1004,1004,1004,1005,1007,1009,1013,1016,1020,1025,1029,1034,1039,1044,1048,1052,1056,1059,1062,1063,1065,1065,1065,1064,1064,1063,1061,1060,1058,1056,1054,1051,1049,1046,1043,1040,1037,1034,1031,1028,1025,1022,1020,1017,1015,1013,1010,1009,1007,1006,1005,1004,1004,1004,1004,1004,1005,1006,1007,1008,1010,1012,1014,1016,1019,1021,1024,1026,1029,1032,1034,1037,1040,1042,1044,1046,1048,1050,1051,1053,1053,1054,1055,1055,1055,1054,1054,1053,1052,1051,1050,1049,1047,1046,1044,1042,1040,1038,1036,1034,1032,1030,1028,1026,1025,1023,1021,1020,1018,1017,1016,1015,1015,1014,1014,1014,1030,1047,1064,1080,1097,1114,1130,1147,1164,1180,1197,1213,1230,1247,1280,1280,1245,1210,1174,1139,1104,1069,998,998,999,999,1000,1000,1002,1003,1004,1006,1008,1010,1012,1014,1016,1018,1020,1021,1023,1025,1026,1027,1028,1029,1029,1029,1029,1029,1029,1029,1029,1029,1028,1028,1028,1028,1027,1027,1027,1027,1026,1026,1026,1025,1025,1025,1025,1025,1024,1024,1024,1024,1024,1024,1024,1024,1025,1025,1026,1026,1027,1028,1030,1031,1032,1034,1035,1037,1039,1041,1043,1045,1047,1049,1051,1053,1055,1058,1060,1062,1065,1067,1069,1072,1074,1076,1078,1080,1082,1084,1086,1088,1090,1091,1093,1094,1095,1096,1097,1098,1099,1100,1100,1101,1101,1101,1101,1100,1100,1099,1097,1096,1094,1092,1090,1087,1085,1082,1079,1076,1072,1069,1065,1062,1058,1055,1051,1048,1044,1040,1037,1034,1031,1028,1025,1022,1020,1017,1015,1014,1012,1011,1010,1009,1009,1009,1009,1009,1009,1009,1010,1010,1011,1011,1012,1012,1013,1014,1015,1016,1016,1017,1018,1019,1019,1020,1021,1021,1022,1023,1023,1023,1024,1024,1024,1024,1025,1026,1028,1032,1036,1040,1044,1049,1053,1057,1060,1063,1065,1065,1065,1064,1064,1063,1061,1060,1058,1056,1053,1051,1048,1045,1042,1039,1036,1032,1029,1026,1023,1019,1016,1013,1010,1008,1005,1003,1001,999,997,996,995,994,993,993,994,994,995,997,999,1001,1003,1006,1009,1011,1014,1016,1019,1020,1022,1023,1024,1024,1028,1041,1061,1088,1119,1152,1185,1216,1243,1263,1280,1280,1274,1257,1228,1190,1143,1090,973,973,973,974,976,978,981,984,988,992,996,1000,1004,1007,1011,1013,1016,1017,1019,1019,1019,1019,1019,1019,1019,1019,1020,1020,1020,1020,1021,1021,1021,1021,1022,1022,1022,1023,1023,1023,1023,1023,1024,1024,1024,1024,1024,1024,1024,1024,1024,1024,1025,1025,1025,1025,1026,1026,1027,1027,1027,1028,1028,1028,1028,1029,1029,1029,1029,1029,1029,1030,1030,1031,1032,1034,1036,1038,1040,1042,1044,1047,1050,1053,1056,1059,1062,1065,1068,1071,1074,1077,1080,1083,1086,1088,1090,1092,1094,1096,1097,1099,1100,1100,1101,1101,1101,1100,1100,1099,1097,1096,1094,1092,1090,1088,1086,1083,1080,1077,1074,1071,1068,1065,1062,1059,1056,1053,1050,1047,1044,1042,1040,1038,1036,1034,1032,1031,1030,1030,1029,1029,1029,1029,1028,1027,1025,1024,1022,1020,1018,1016,1014,1011,1009,1006,1004,1001,999,997,995,993,992,991,989,989,988,988,988,989,990,992,994,997,999,1003,1006,1010,1013,1017,1021,1025,1029,1033,1037,1040,1044,1046,1049,1051,1053,1054,1054,1055,1055,1054,1054,1053,1053,1052,1051,1049,1048,1046,1045,1043,1041,1039,1037,1035,1033,1031,1029,1027,1024,1022,1020,1018,1016,1014,1012,1010,1008,1007,1005,1004,1003,1001,1001,1000,999,999,998,998,998,999,999,1000,1000,1001,1002,1003,1004,1006,1007,1008,1010,1011,1013,1014,1015,1017,1018,1019,1020,1021,1022,1023,1023,1024,1024,1024,1024,1024,1025,1026,1026,1027,1029,1030,1031,1033,1035,1036,1038,1040,1042,1044,1046,1047,1049,1051,1052,1054,1055,1056,1057,1058,1059,1059,1060,1060,1060,1059,1058,1057,1056,1054,1052,1050,1047,1044,1042,1039,1036,1032,1029,1026,1023,1020,1017,1014,1011,1009,1006,1004,1003,1001,1000,999,998,998,999,999,1001,1002,1005,1007,1010,1013,1017,1020,1024,1028,1031,1035,1038,1041,1043,1046,1047,1049,1050,1050,1049,1049,1048,1047,1045,1043,1041,1039,1036,1033,1030,1027,1024,1021,1018,1015,1012,1009,1007,1005,1003,1001,1000,999,999,998,1014,1030,1045,1061,1077,1092,1108,1124,1139,1155,1170,1186,1202,1217,1233,1249,1264,1280,1260,1207,1134,1061,1008,988,988,989,990,992,994,996,998,1001,1003,1006,1008,1010,1012,1013,1014,1014,1014,1014,1014,1014,1014,1015,1015,1015,1016,1016,1017,1017,1018,1018,1019,1019,1020,1020,1021,1021,1022,1022,1023,1023,1023,1024,1024,1024,1024,1024,1024,1024,1025,1026,1026,1027,1028,1030,1031,1033,1034,1036,1038,1039,1041,1043,1044,1046,1048,1049,1050,1051,1052,1053,1054,1054,1055,1055,1055,1055,1056,1057,1058,1059,1061,1062,1064,1066,1068,1071,1073,1075,1078,1080,1083,1085,1087,1089,1091,1093,1095,1096,1098,1099,1100,1100,1101,1101,1101,1100,1099,1098,1096,1094,1092,1090,1087,1084,1081,1078,1074,1071,1068,1064,1061,1057,1054,1051,1048,1045,1043,1041,1039,1037,1036,1035,1034,1034,1034,1034,1033,1032,1032,1030,1029,1027,1026,1024,1022,1020,1018,1016,1013,1011,1009,1007,1005,1002,1000,998,997,995,993,992,991,990,989,989,988,988,988,989,990,991,992,994,995,997,1000,1002,1005,1008,1010,1013,1016,1019,1022,1025,1028,1030,1033,1035,1037,1039,1041,1042,1043,1044,1044,1044,1044,1043,1041,1038,1034,1030,1026,1021,1016,1011,1007,1002,998,995,992,990,989,988,989,990,992,995,999,1004,1008,1014,1019,1024,1029,1034,1039,1042,1045,1048,1049,1050,1049,1049,1048,1046,1044,1042,1039,1036,1033,1030,1026,1023,1019,1015,1012,1008,1005,1001,999,996,994,992,990,989,988,988,988,989,990,992,995,997,1000,1004,1007,1011,1015,1020,1024,1028,1033,1037,1041,1044,1048,1051,1053,1056,1058,1059,1060,1060,1060,1060,1059,1059,1059,1058,1058,1057,1056,1055,1055,1054,1053,1052,1051,1049,1048,1047,1046,1044,1043,1042,1041,1039,1038,1037,1036,1034,1033,1032,1031,1030,1029,1028,1028,1027,1026,1026,1025,1025,1024,1024,1024,1024,1024,1023,1022,1020,1018,1016,1013,1010,1007,1004,1000,997,994,991,989,987,985,984,983,983,986,988,991,993,996,998,1001,1004,1006,1009,1011,1014,1016,1019,1021,1024,1027,1029,1032,1034,1034,1033,1032,1030,1027,1025,1022,1018,1015,1011,1008,1004,1001,998,995,993,991,989,988,988,988,989,989,990,991,993,994,996,998,1000,1002,1004,1006,1008,1010,1012,1014,1016,1018,1019,1021,1022,1023,1023,1024,1024,1022,1020,1017,1015,1013,1011,1009,1006,1004,1002,1000,998,995,993,995,999,1006,1016,1028,1043,1059,1077,1096,1116,1137,1157,1177,1196,1214,1231,1245,1257,1267,1274,1279,1280,1228,1176,1124,1072,1020,968,971,974,978,981,984,987,991,994,997,1001,1004,1007,1010,1014,1014,1014,1014,1014,1014,1015,1015,1015,1016,1016,1017,1017,1018,1018,1019,1019,1020,1020,1021,1021,1022,1022,1023,1023,1023,1024,1024,1024,1024,1024,1024,1024,1024,1024,1024,1024,1024,1024,1024,1024,1025,1025,1025,1025,1025,1026,1026,1026,1027,1027,1028,1028,1029,1030,1031,1031,1032,1033,1034,1035,1037,1038,1039,1041,1042,1044,1045,1047,1049,1051,1053,1055,1057,1060,1060,1061,1063,1065,1067,1070,1073,1077,1080,1084,1087,1091,1093,1096,1098,1100,1100,1101,1100,1099,1097,1094,1091,1087,1082,1077,1071,1066,1060,1054,1048,1043,1038,1033,1029,1025,1023,1021,1019,1019,1019,1018,1017,1016,1015,1014,1012,1010,1008,1006,1004,1001,999,997,995,993,992,991,990,989,988,988,990,991,993,995,996,998,1000,1001,1003,1004,1006,1008,1009,1011,1013,1014,1016,1017,1019,1021,1022

lead:aVR
count:1442
points:1024,1024,1025,1025,1027,1028,1030,1032,1034,1036,1039,1041,1044,1046,1049,1051,1054,1056,1058,1059,1061,1062,1063,1063,1063,1063,1061,1058,1054,1048,1042,1036,1029,1021,1014,1007,1000,994,989,985,982,980,979,979,980,981,982,984,985,988,990,993,996,999,1002,1006,1010,1014,1017,1021,1025,1029,1033,1037,1040,1044,1047,1050,1053,1055,1057,1059,1061,1062,1063,1063,1064,1063,1063,1061,1060,1058,1055,1052,1049,1045,1042,1037,1033,1029,1024,1019,1015,1010,1006,1002,997,994,990,987,984,981,979,977,976,975,975,976,976,977,978,980,981,984,986,989,991,994,998,1001,1004,1008,1011,1015,1019,1022,1025,1029,1032,1034,1037,1039,1042,1043,1045,1046,1047,1047,1048,1019,989,960,931,902,873,844,815,786,757,727,698,669,640,582,582,652,722,792,862,933,1003,1143,1143,1142,1141,1138,1134,1129,1123,1117,1109,1102,1093,1085,1076,1067,1059,1050,1043,1035,1029,1023,1018,1014,1011,1009,1009,1009,1009,1010,1010,1011,1011,1012,1013,1014,1015,1016,1017,1018,1020,1021,1022,1023,1024,1025,1026,1027,1028,1028,1029,1029,1030,1030,1030,1030,1030,1029,1029,1028,1027,1027,1026,1024,1023,1022,1020,1019,1017,1016,1014,1012,1010,1008,1006,1004,1001,999,997,995,992,990,988,986,983,981,979,977,975,973,971,969,967,966,964,963,961,960,959,958,957,956,956,955,955,955,955,955,955,956,957,959,961,963,965,968,970,973,977,980,984,988,992,996,1000,1004,1008,1012,1016,1021,1025,1029,1032,1036,1039,1043,1046,1049,1051,1054,1056,1057,1059,1060,1061,1061,1061,1061,1061,1061,1060,1059,1058,1057,1055,1054,1052,1050,1048,1047,1045,1043,1041,1039,1037,1035,1033,1032,1030,1029,1028,1027,1026,1025,1024,1024,1024,1025,1027,1030,1035,1040,1046,1053,1059,1065,1070,1075,1078,1081,1081,1081,1080,1080,1078,1077,1075,1073,1071,1068,1065,1062,1059,1056,1052,1049,1045,1042,1038,1034,1031,1027,1024,1021,1018,1015,1012,1010,1008,1006,1005,1003,1003,1002,1002,1002,1004,1007,1010,1014,1019,1025,1031,1037,1043,1048,1054,1059,1063,1067,1069,1071,1071,1063,1038,999,949,889,826,762,703,652,613,581,581,591,623,675,745,830,927,1142,1142,1141,1138,1134,1127,1120,1110,1100,1090,1079,1068,1057,1047,1038,1030,1024,1019,1015,1015,1015,1015,1015,1015,1015,1015,1015,1015,1015,1015,1015,1015,1015,1015,1015,1015,1015,1015,1015,1015,1015,1015,1015,1015,1015,1015,1015,1015,1015,1014,1013,1011,1009,1007,1005,1002,999,997,994,991,989,987,986,984,983,983,983,983,983,983,982,982,982,981,980,980,979,978,977,976,975,974,974,973,972,971,969,968,967,967,966,965,964,963,962,961,961,960,959,959,959,958,958,958,958,958,958,958,959,960,962,963,965,968,970,973,976,979,983,986,990,993,997,1001,1005,1009,1012,1016,1019,1023,1026,1029,1032,1034,1037,1039,1040,1042,1043,1044,1044,1044,1044,1043,1042,1041,1038,1036,1033,1030,1026,1022,1018,1014,1010,1006,1002,998,994,990,987,984,981,979,977,976,975,975,975,976,978,980,982,985,988,992,996,1000,1005,1009,1014,1018,1023,1027,1032,1036,1039,1043,1046,1048,1050,1051,1052,1052,1052,1052,1051,1050,1049,1048,1047,1045,1043,1041,1039,1036,1034,1031,1028,1025,1022,1019,1016,1013,1010,1007,1004,1001,998,995,992,990,987,985,983,981,979,978,977,976,975,974,974,974,974,974,975,976,977,979,981,983,985,988,990,993,996,999,1002,1004,1007,1010,1012,1015,1017,1019,1020,1022,1023,1023,1024,1024,1024,1024,1023,1023,1022,1022,1021,1020,1019,1018,1016,1015,1014,1013,1011,1010,1009,1007,1006,1005,1004,1003,1002,1001,1000,1000,999,999,999,999,999,999,1000,1001,1002,1003,1005,1007,1009,1011,1013,1016,1018,1021,1023,1026,1028,1031,1033,1035,1038,1040,1041,1043,1044,1046,1046,1047,1048,1048,1047,1047,1046,1045,1043,1042,1040,1037,1035,1032,1030,1027,1025,1023,1020,1018,1017,1015,1014,1013,1012,1012,1012,1013,1014,1015,1017,1019,1022,1024,1027,1030,1034,1037,1040,1044,1047,1050,1053,1056,1059,1061,1063,1065,1067,1068,1068,1068,1041,1014,987,960,933,906,879,852,824,797,770,743,716,689,662,635,608,581,618,722,863,1005,1108,1146,1145,1142,1136,1129,1120,1110,1098,1087,1075,1064,1053,1044,1037,1032,1028,1027,1027,1026,1026,1024,1023,1021,1020,1017,1015,1013,1010,1007,1004,1001,998,995,992,989,986,984,981,979,977,975,973,972,971,970,969,969,969,970,971,973,975,977,980,983,986,990,993,997,1001,1005,1010,1014,1017,1021,1025,1028,1031,1034,1036,1038,1040,1041,1042,1042,1042,1041,1040,1039,1038,1036,1034,1031,1029,1026,1023,1020,1017,1014,1011,1007,1004,1001,998,995,992,990,988,986,984,982,981,980,980,980,980,980,982,983,985,987,990,992,996,999,1002,1006,1010,1014,1018,1022,1026,1030,1034,1037,1041,1044,1047,1049,1051,1053,1055,1056,1056,1057,1056,1056,1055,1054,1053,1052,1050,1048,1046,1043,1041,1038,1036,1033,1030,1027,1024,1021,1018,1016,1013,1011,1008,1006,1004,1002,1001,1000,999,998,998,997,998,998,999,1000,1002,1004,1007,1009,1012,1015,1018,1022,1025,1029,1033,1037,1040,1044,1047,1051,1054,1057,1059,1062,1064,1065,1067,1068,1068,1068,1068,1066,1063,1059,1054,1048,1042,1035,1028,1022,1015,1008,1003,998,994,991,989,989,989,991,994,998,1003,1009,1016,1023,1030,1037,1044,1051,1057,1062,1066,1069,1071,1071,1071,1070,1069,1066,1064,1061,1057,1053,1048,1044,1039,1034,1028,1023,1018,1013,1009,1004,1000,996,993,990,988,987,986,986,986,987,988,990,993,996,1000,1004,1009,1013,1018,1023,1028,1034,1039,1044,1048,1053,1057,1061,1064,1066,1069,1070,1071,1071,1071,1071,1071,1070,1070,1069,1068,1068,1067,1066,1064,1063,1062,1060,1059,1057,1056,1054,1053,1051,1049,1048,1046,1044,1043,1041,1039,1038,1036,1035,1033,1032,1031,1030,1029,1028,1027,1026,1025,1025,1025,1024,1024,1024,1024,1025,1027,1029,1032,1036,1039,1043,1048,1052,1057,1061,1065,1069,1072,1075,1077,1079,1080,1080,1080,1078,1075,1070,1065,1058,1051,1044,1036,1027,1019,1011,1003,996,990,984,980,977,975,974,975,976,978,981,985,990,995,1000,1006,1012,1018,1024,1029,1034,1039,1042,1045,1048,1049,1050,1049,1048,1047,1045,1042,1039,1036,1032,1028,1023,1019,1014,1009,1004,999,995,990,986,982,979,976,973,971,970,969,968,974,980,986,992,998,1004,1010,1015,1021,1027,1033,1039,1045,1051,1045,1027,1000,963,918,869,817,765,716,671,634,607,589,584,624,664,704,744,784,825,865,905,945,985,1025,1066,1106,1146,1138,1129,1121,1113,1105,1096,1088,1080,1071,1063,1055,1046,1030,1030,1030,1030,1030,1030,1030,1030,1030,1030,1031,1031,1031,1031,1031,1031,1032,1032,1032,1032,1032,1033,1033,1033,1033,1033,1033,1033,1033,1033,1033,1033,1032,1030,1028,1026,1025,1023,1021,1019,1018,1016,1014,1012,1011,1009,1007,1005,1004,1002,1000,998,996,995,993,991,989,988,986,984,982,981,979,977,975,974,972,970,968,967,965,963,961,960,958,956,955,953,952,951,950,950,949,948,948,948,947,947,947,947,947,947,947,947,947,949,951,955,959,963,969,975,981,988,995,1001,1008,1014,1020,1026,1031,1035,1038,1040,1042,1042,1042,1041,1038,1036,1032,1028,1023,1018,1012,1006,1000,994,988,982,977,972,968,964,961,959,957,957,958,959,960,963,966,969,973,977,981,986,991,995,1000,1005,1009,1013,1016,1019,1021,1023,1024

lead:aVL
count:1442
points:1024,1024,1023,1022,1021,1019,1017,1014,1012,1009,1006,1003,1000,996,993,990,987,985,982,980,979,977,976,976,975,976,978,981,985,991,997,1004,1011,1019,1026,1033,1040,1047,1052,1056,1059,1061,1062,1062,1061,1060,1059,1058,1056,1054,1051,1049,1046,1043,1039,1036,1032,1029,1025,1021,1018,1014,1010,1007,1003,1000,997,994,991,989,987,985,983,982,981,981,981,981,982,983,984,986,989,992,995,998,1002,1006,1010,1014,1019,1023,1028,1032,1036,1041,1044,1048,1052,1055,1058,1060,1062,1064,1065,1066,1066,1066,1065,1065,1064,1063,1062,1060,1058,1057,1055,1053,1050,1048,1046,1043,1041,1038,1036,1034,1031,1029,1027,1025,1023,1022,1020,1019,1018,1017,1016,1016,1016,1021,1027,1032,1038,1043,1049,1054,1060,1065,1070,1076,1081,1087,1092,1103,1103,1073,1042,1012,981,951,920,859,859,870,881,892,902,913,923,933,943,952,961,970,978,985,992,999,1004,1010,1014,1018,1021,1024,1026,1027,1027,1027,1027,1026,1026,1026,1025,1024,1024,1023,1022,1021,1020,1019,1018,1017,1016,1015,1014,1014,1013,1012,1011,1011,1010,1010,1010,1009,1009,1010,1010,1010,1011,1011,1012,1013,1014,1015,1016,1018,1019,1021,1022,1024,1026,1028,1030,1032,1034,1036,1039,1041,1043,1046,1048,1050,1053,1055,1057,1059,1062,1064,1066,1068,1070,1072,1073,1075,1077,1078,1080,1081,1082,1083,1084,1085,1085,1086,1086,1086,1086,1086,1086,1085,1085,1083,1082,1081,1079,1077,1075,1073,1070,1068,1065,1062,1060,1057,1054,1051,1048,1045,1042,1039,1036,1033,1030,1027,1025,1022,1020,1018,1016,1015,1013,1012,1011,1010,1009,1009,1009,1009,1009,1009,1010,1010,1010,1011,1011,1012,1013,1013,1014,1015,1016,1016,1017,1018,1019,1020,1020,1021,1021,1022,1023,1023,1023,1024,1024,1024,1024,1023,1022,1019,1015,1011,1006,1001,995,990,986,982,979,977,977,977,978,979,980,982,984,986,989,992,995,998,1002,1006,1010,1014,1018,1022,1026,1030,1034,1038,1042,1046,1049,1052,1055,1058,1060,1062,1064,1065,1066,1067,1067,1066,1065,1062,1059,1055,1050,1045,1039,1034,1028,1022,1017,1012,1008,1005,1002,1001,1000,1002,1007,1015,1025,1038,1051,1064,1076,1086,1094,1101,1101,1096,1083,1060,1030,994,953,861,861,870,880,889,899,909,918,928,937,947,956,966,975,985,995,1004,1014,1033,1033,1033,1033,1032,1031,1031,1030,1029,1027,1026,1025,1023,1022,1020,1018,1017,1015,1014,1012,1011,1009,1008,1007,1006,1005,1005,1004,1004,1004,1004,1006,1008,1010,1014,1018,1022,1027,1031,1036,1041,1045,1049,1053,1055,1057,1059,1059,1059,1059,1058,1058,1057,1056,1054,1053,1052,1050,1048,1046,1044,1042,1040,1037,1035,1033,1030,1028,1025,1023,1020,1018,1016,1013,1011,1009,1007,1005,1004,1002,1001,1000,999,998,997,997,996,996,996,997,997,998,999,1000,1002,1003,1005,1007,1009,1011,1013,1016,1018,1021,1023,1026,1028,1031,1033,1036,1038,1041,1043,1045,1047,1048,1050,1051,1053,1054,1054,1055,1055,1055,1055,1054,1053,1051,1049,1046,1043,1040,1036,1032,1028,1024,1020,1015,1011,1007,1003,999,996,993,990,988,986,985,984,984,984,985,986,988,991,994,997,1001,1005,1009,1013,1018,1023,1028,1032,1037,1041,1045,1049,1052,1055,1057,1059,1061,1062,1062,1062,1061,1061,1060,1059,1057,1056,1054,1052,1050,1048,1045,1043,1040,1037,1034,1031,1028,1025,1021,1018,1015,1012,1009,1006,1003,1000,998,995,993,991,989,987,985,984,983,982,981,981,981,981,981,982,983,984,986,987,989,991,993,995,998,1000,1002,1005,1007,1010,1012,1014,1016,1018,1019,1021,1022,1023,1023,1024,1024,1024,1024,1025,1025,1026,1027,1028,1029,1030,1032,1033,1035,1036,1038,1040,1041,1043,1045,1046,1048,1049,1050,1051,1053,1053,1054,1055,1055,1056,1056,1055,1055,1054,1053,1051,1050,1047,1045,1043,1040,1037,1034,1031,1028,1024,1021,1018,1015,1012,1009,1006,1003,1001,999,997,996,995,994,993,993,993,994,995,997,999,1002,1005,1008,1011,1015,1018,1022,1026,1029,1032,1035,1038,1040,1042,1043,1044,1044,1044,1043,1043,1042,1041,1039,1038,1036,1034,1033,1030,1028,1026,1024,1022,1020,1018,1016,1015,1013,1012,1011,1010,1009,1009,1009,1014,1019,1024,1029,1034,1039,1044,1050,1055,1060,1065,1070,1075,1080,1085,1091,1096,1101,1085,1041,981,921,877,861,862,867,874,884,896,909,924,939,955,970,983,995,1005,1012,1017,1018,1018,1019,1019,1020,1021,1022,1023,1025,1026,1028,1030,1032,1034,1036,1038,1040,1042,1044,1046,1048,1050,1051,1053,1054,1055,1056,1057,1057,1058,1058,1058,1057,1056,1055,1053,1051,1049,1047,1044,1041,1038,1034,1031,1028,1024,1021,1018,1015,1012,1009,1006,1004,1002,1000,999,998,998,997,997,998,998,999,1000,1001,1002,1003,1005,1006,1008,1010,1011,1013,1015,1017,1019,1021,1022,1024,1026,1027,1028,1029,1030,1031,1032,1032,1033,1033,1033,1033,1032,1032,1031,1030,1029,1028,1027,1025,1024,1023,1021,1020,1018,1017,1015,1014,1012,1011,1009,1008,1007,1006,1005,1005,1004,1004,1003,1003,1003,1004,1005,1005,1007,1008,1010,1012,1014,1016,1018,1021,1023,1026,1029,1031,1034,1037,1040,1042,1045,1047,1049,1051,1053,1055,1056,1057,1058,1059,1059,1059,1059,1059,1058,1058,1057,1055,1054,1052,1050,1048,1046,1044,1042,1040,1037,1035,1033,1030,1028,1026,1024,1022,1021,1019,1018,1017,1016,1016,1015,1015,1015,1016,1018,1020,1023,1026,1030,1033,1037,1041,1045,1048,1052,1054,1057,1058,1059,1059,1059,1058,1056,1054,1050,1047,1043,1039,1034,1030,1026,1022,1018,1015,1013,1011,1010,1009,1009,1010,1010,1011,1013,1014,1016,1018,1020,1022,1024,1026,1028,1031,1033,1035,1037,1039,1041,1043,1044,1045,1046,1047,1048,1048,1048,1047,1046,1045,1044,1043,1041,1039,1037,1035,1033,1031,1028,1026,1024,1022,1020,1018,1016,1014,1013,1011,1010,1010,1009,1009,1009,1009,1009,1010,1010,1010,1010,1010,1011,1011,1011,1012,1012,1013,1013,1014,1014,1015,1015,1016,1016,1017,1017,1018,1018,1019,1019,1020,1020,1021,1021,1021,1022,1022,1023,1023,1023,1023,1024,1024,1024,1024,1024,1024,1024,1023,1022,1021,1020,1018,1016,1014,1011,1009,1006,1004,1002,1000,998,997,995,994,994,994,994,996,998,1001,1006,1010,1016,1022,1028,1034,1041,1047,1053,1058,1063,1067,1071,1073,1075,1075,1075,1073,1071,1067,1063,1058,1052,1046,1040,1033,1027,1020,1014,1009,1004,1000,996,994,992,992,992,993,994,996,998,1000,1003,1007,1010,1014,1018,1023,1027,1031,1035,1040,1043,1047,1050,1053,1056,1058,1060,1061,1062,1062,1062,1059,1056,1051,1046,1039,1033,1026,1020,1015,1010,1006,1004,1004,1005,1009,1015,1023,1032,1043,1054,1066,1076,1086,1094,1100,1104,1105,1088,1070,1053,1036,1018,1001,983,966,949,931,914,897,879,862,874,886,898,910,922,934,946,958,970,982,994,1006,1030,1030,1030,1030,1029,1029,1028,1027,1026,1025,1024,1023,1021,1020,1019,1017,1016,1014,1013,1011,1010,1008,1007,1006,1005,1004,1003,1003,1002,1002,1001,1001,1003,1005,1006,1008,1009,1011,1012,1014,1016,1017,1019,1020,1022,1024,1025,1027,1028,1030,1032,1033,1035,1036,1038,1040,1041,1043,1044,1046,1047,1049,1051,1052,1054,1055,1057,1059,1060,1062,1063,1065,1067,1068,1070,1071,1072,1072,1073,1073,1074,1074,1074,1074,1074,1075,1075,1075,1075,1075,1075,1075,1075,1075,1074,1073,1071,1069,1066,1062,1058,1053,1048,1043,1038,1032,1027,1022,1017,1013,1009,1006,1004,1002,1001,1000,1001,1002,1004,1006,1009,1012,1016,1021,1025,1030,1035,1040,1045,1050,1054,1058,1062,1065,1067,1069,1070,1070,1070,1069,1068,1066,1064,1062,1059,1057,1054,1050,1047,1044,1041,1037,1035,1032,1030,1028,1026,1025,1024

lead:aVF
count:1442
points:1024,1024,1023,1023,1022,1020,1019,1017,1015,1013,1010,1008,1006,1003,1001,999,996,994,993,991,990,989,988,987,987,988,990,993,997,1002,1008,1015,1022,1030,1037,1044,1051,1057,1062,1066,1069,1071,1072,1072,1071,1070,1069,1067,1066,1063,1061,1058,1055,1052,1048,1045,1041,1037,1033,1029,1025,1022,1018,1014,1010,1007,1004,1001,998,995,993,991,990,988,988,987,987,987,988,989,990,992,994,997,1000,1003,1007,1011,1014,1018,1023,1027,1031,1035,1039,1043,1047,1050,1054,1056,1059,1061,1063,1065,1066,1067,1067,1067,1066,1065,1064,1063,1061,1060,1057,1055,1053,1050,1047,1044,1041,1038,1035,1032,1029,1026,1023,1020,1017,1015,1013,1011,1009,1007,1006,1005,1004,1003,1003,1032,1060,1089,1117,1146,1174,1202,1231,1259,1288,1316,1345,1373,1402,1459,1459,1397,1336,1275,1213,1152,1091,968,968,968,969,970,972,975,978,981,985,989,993,997,1002,1006,1011,1015,1019,1023,1026,1029,1031,1033,1035,1036,1036,1036,1035,1035,1034,1034,1033,1032,1030,1029,1028,1026,1025,1023,1021,1020,1018,1017,1015,1014,1012,1011,1010,1009,1008,1008,1007,1007,1007,1007,1007,1008,1009,1009,1010,1012,1013,1015,1016,1018,1020,1023,1025,1027,1030,1033,1035,1038,1041,1044,1047,1050,1054,1057,1060,1063,1066,1069,1073,1076,1079,1082,1084,1087,1090,1092,1095,1097,1099,1101,1103,1105,1107,1108,1109,1110,1111,1112,1112,1113,1113,1112,1112,1111,1110,1108,1106,1103,1101,1098,1094,1091,1087,1083,1078,1074,1069,1064,1059,1054,1050,1045,1040,1035,1030,1025,1021,1017,1012,1009,1005,1001,998,996,993,991,989,988,987,986,986,986,987,987,988,989,990,991,993,994,996,998,999,1001,1003,1005,1007,1009,1011,1013,1015,1016,1018,1019,1020,1021,1022,1023,1024,1024,1024,1023,1022,1019,1015,1011,1006,1001,996,991,987,983,980,978,978,978,979,980,981,983,985,988,991,994,997,1001,1005,1009,1013,1018,1022,1026,1031,1035,1040,1044,1048,1052,1056,1059,1062,1065,1068,1070,1072,1073,1074,1075,1075,1074,1073,1071,1067,1063,1059,1054,1048,1043,1037,1032,1027,1022,1018,1015,1013,1011,1011,1018,1041,1077,1125,1180,1239,1298,1353,1401,1437,1467,1467,1457,1426,1375,1307,1224,1130,921,921,921,924,927,933,939,946,955,963,972,981,990,998,1006,1012,1017,1021,1024,1024,1024,1025,1025,1026,1028,1029,1031,1033,1036,1038,1041,1043,1046,1049,1051,1054,1057,1059,1062,1064,1066,1068,1070,1071,1072,1073,1073,1073,1073,1071,1068,1064,1058,1052,1046,1038,1031,1024,1016,1010,1004,998,994,991,989,989,989,989,990,991,992,994,996,998,1001,1004,1007,1010,1013,1017,1021,1024,1028,1032,1036,1041,1045,1049,1053,1057,1060,1064,1068,1071,1074,1077,1080,1083,1085,1087,1089,1090,1091,1092,1093,1093,1092,1092,1091,1090,1088,1086,1084,1082,1079,1076,1072,1069,1065,1061,1057,1053,1049,1045,1041,1037,1033,1029,1025,1021,1018,1015,1012,1009,1006,1004,1002,1001,999,998,998,998,998,999,1000,1002,1005,1008,1011,1015,1019,1023,1028,1033,1037,1042,1047,1052,1056,1060,1064,1067,1070,1073,1075,1076,1077,1077,1077,1076,1075,1073,1070,1067,1064,1060,1056,1052,1047,1043,1038,1033,1029,1024,1020,1016,1012,1009,1006,1003,1001,1000,999,999,999,999,1000,1001,1002,1003,1005,1007,1009,1011,1013,1016,1019,1021,1024,1027,1031,1034,1037,1040,1044,1047,1050,1053,1056,1059,1062,1065,1067,1070,1072,1074,1076,1077,1079,1080,1081,1081,1082,1082,1082,1081,1080,1079,1077,1075,1073,1071,1068,1065,1062,1059,1056,1053,1050,1046,1043,1040,1038,1035,1032,1030,1028,1027,1026,1025,1024,1024,1024,1025,1025,1026,1027,1029,1030,1032,1034,1037,1039,1041,1044,1046,1049,1052,1054,1057,1059,1062,1064,1066,1068,1069,1071,1072,1073,1074,1074,1074,1074,1073,1072,1071,1069,1066,1063,1060,1057,1053,1049,1045,1041,1037,1032,1028,1024,1019,1015,1011,1008,1004,1001,998,996,994,992,991,990,990,991,991,993,995,997,1000,1003,1007,1011,1014,1018,1022,1026,1030,1034,1037,1040,1042,1044,1046,1047,1047,1046,1046,1044,1043,1041,1038,1035,1032,1029,1025,1021,1017,1013,1009,1005,1001,998,994,991,988,986,983,982,981,980,980,1007,1034,1061,1088,1115,1142,1169,1196,1224,1251,1278,1305,1332,1359,1386,1413,1440,1467,1433,1337,1207,1077,982,947,948,950,954,959,965,972,979,987,995,1002,1009,1015,1020,1024,1026,1027,1027,1028,1028,1029,1031,1032,1034,1036,1038,1040,1043,1046,1048,1051,1054,1057,1059,1062,1065,1067,1070,1072,1074,1076,1077,1078,1079,1080,1081,1081,1081,1080,1079,1077,1076,1073,1071,1068,1065,1061,1058,1054,1050,1047,1043,1039,1035,1032,1028,1025,1022,1020,1018,1016,1014,1013,1013,1012,1013,1013,1014,1015,1017,1018,1020,1023,1025,1028,1031,1034,1037,1040,1044,1047,1050,1053,1056,1059,1062,1065,1067,1069,1071,1072,1073,1074,1075,1075,1075,1074,1073,1072,1071,1069,1067,1064,1062,1059,1056,1053,1050,1047,1044,1040,1037,1034,1031,1028,1025,1023,1020,1018,1016,1015,1014,1013,1012,1012,1012,1013,1013,1014,1015,1016,1017,1019,1020,1022,1024,1026,1028,1030,1032,1034,1036,1038,1041,1043,1044,1046,1048,1050,1051,1052,1053,1054,1055,1056,1056,1056,1056,1055,1054,1053,1052,1050,1047,1045,1042,1039,1036,1033,1029,1026,1022,1019,1015,1012,1009,1005,1002,1000,997,995,993,991,990,989,989,989,989,990,991,993,995,997,1000,1003,1006,1009,1012,1015,1018,1020,1022,1023,1024,1024,1024,1023,1022,1020,1018,1016,1013,1011,1008,1005,1002,1000,997,995,994,992,992,991,992,992,993,994,996,997,999,1002,1004,1007,1009,1012,1015,1018,1021,1024,1026,1029,1031,1033,1035,1036,1037,1038,1039,1039,1039,1038,1037,1036,1035,1033,1031,1029,1026,1024,1021,1018,1015,1012,1009,1007,1004,1002,999,997,996,994,993,992,992,991,992,992,992,992,993,993,993,994,995,995,996,997,998,999,1000,1001,1002,1003,1004,1005,1007,1008,1009,1010,1011,1012,1013,1014,1016,1017,1017,1018,1019,1020,1021,1021,1022,1023,1023,1023,1024,1024,1024,1024,1024,1023,1022,1020,1018,1015,1013,1010,1007,1003,1000,997,994,991,989,987,985,984,983,983,983,985,987,990,994,999,1004,1009,1015,1021,1027,1033,1039,1044,1049,1052,1056,1058,1059,1060,1059,1058,1056,1053,1049,1044,1039,1033,1028,1022,1016,1010,1004,999,995,991,988,985,984,983,984,984,986,988,990,993,996,999,1003,1007,1011,1016,1020,1024,1029,1033,1037,1041,1044,1047,1050,1052,1054,1055,1056,1057,1052,1048,1044,1040,1035,1031,1027,1023,1019,1014,1010,1006,1002,997,1003,1021,1049,1086,1131,1181,1234,1287,1336,1381,1419,1447,1464,1470,1434,1397,1360,1324,1287,1250,1214,1177,1140,1103,1067,1030,993,957,961,965,969,973,977,981,984,988,992,996,1000,1004,1012,1012,1012,1012,1012,1012,1012,1013,1013,1013,1013,1013,1014,1014,1014,1014,1014,1015,1015,1015,1015,1016,1016,1016,1016,1016,1016,1017,1017,1017,1017,1017,1018,1018,1019,1020,1021,1022,1023,1024,1025,1025,1026,1027,1028,1029,1030,1031,1031,1032,1033,1034,1035,1036,1037,1038,1038,1039,1040,1041,1042,1043,1044,1045,1045,1046,1047,1048,1049,1050,1051,1051,1052,1053,1054,1055,1060,1064,1068,1071,1074,1077,1079,1081,1082,1083,1084,1085,1085,1086,1086,1086,1086,1086,1086,1085,1084,1082,1080,1077,1074,1071,1067,1063,1059,1054,1050,1045,1040,1036,1031,1027,1023,1019,1016,1013,1010,1008,1006,1005,1004,1004,1005,1007,1011,1016,1023,1031,1039,1047,1056,1064,1071,1078,1083,1087,1090,1091,1090,1089,1088,1085,1082,1079,1075,1071,1067,1062,1057,1053,1048,1043,1039,1035,1032,1029,1027,1025,1024

lead:V1
count:1442
points:1024,1024,1025,1026,1027,1029,1031,1033,1036,1038,1041,1044,1047,1050,1053,1056,1059,1061,1064,1066,1067,1069,1070,1070,1070,1070,1068,1064,1059,1054,1047,1040,1032,1024,1015,1008,1000,994,988,983,980,978,977,977,978,978,980,981,983,985,988,991,994,997,1001,1004,1008,1012,1016,1020,1024,1028,1031,1035,1039,1042,1046,1049,1051,1054,1056,1058,1060,1061,1062,1062,1063,1062,1062,1061,1059,1057,1055,1052,1049,1046,1043,1039,1035,1031,1027,1023,1018,1014,1010,1006,1003,999,996,993,990,988,986,985,984,983,983,983,983,983,983,983,984,985,985,987,988,990,992,995,998,1001,1005,1009,1014,1020,1026,1033,1041,1049,1058,1068,1078,1090,1102,1116,1130,1145,1161,1156,1141,1116,1082,1042,995,945,893,840,790,743,703,669,644,624,624,635,667,715,771,828,875,919,919,928,936,945,954,963,971,979,987,995,1002,1009,1016,1022,1027,1033,1037,1042,1045,1048,1051,1053,1055,1056,1056,1055,1053,1052,1051,1050,1049,1048,1047,1046,1044,1043,1042,1041,1040,1039,1038,1036,1035,1034,1033,1032,1031,1030,1029,1027,1026,1024,1024,1024,1024,1025,1025,1025,1026,1027,1028,1028,1029,1031,1032,1033,1034,1036,1037,1039,1041,1042,1044,1046,1048,1049,1051,1053,1055,1057,1059,1061,1063,1064,1066,1068,1070,1071,1073,1074,1076,1077,1078,1080,1081,1082,1083,1083,1084,1085,1085,1086,1086,1086,1086,1086,1085,1085,1083,1082,1080,1078,1075,1072,1069,1066,1062,1058,1054,1050,1046,1042,1037,1033,1028,1024,1019,1015,1010,1006,1002,998,994,991,987,984,981,979,977,975,973,972,971,970,970,970,971,972,973,974,975,977,979,981,984,986,989,992,994,997,1000,1003,1005,1008,1011,1013,1015,1017,1019,1020,1022,1023,1023,1024,1024,1023,1022,1019,1016,1012,1007,1003,998,994,990,986,984,982,982,982,982,983,984,986,988,990,993,996,999,1002,1006,1009,1013,1017,1021,1025,1029,1033,1037,1041,1045,1048,1051,1054,1057,1060,1062,1064,1066,1067,1068,1069,1069,1068,1067,1065,1061,1058,1053,1048,1043,1038,1032,1027,1022,1018,1014,1011,1008,1007,1007,1009,1017,1029,1046,1064,1085,1105,1124,1140,1152,1162,1162,1142,1083,996,893,790,702,623,623,625,632,644,659,678,700,724,750,776,803,829,853,875,894,909,921,930,930,934,939,943,947,952,956,960,965,969,973,978,982,986,991,995,999,1004,1008,1012,1017,1021,1025,1030,1034,1038,1043,1047,1051,1051,1050,1048,1045,1041,1038,1033,1028,1024,1019,1014,1010,1006,1002,1000,998,996,996,996,996,997,998,999,1000,1002,1004,1006,1008,1010,1012,1015,1018,1021,1024,1027,1030,1033,1036,1039,1042,1045,1048,1051,1054,1057,1060,1062,1064,1067,1068,1070,1072,1073,1074,1075,1076,1076,1076,1076,1076,1075,1074,1072,1071,1069,1067,1064,1062,1059,1056,1053,1049,1046,1042,1039,1035,1032,1028,1025,1021,1018,1015,1012,1009,1007,1004,1002,1000,998,997,996,995,995,995,995,996,997,998,1000,1003,1005,1008,1012,1015,1019,1022,1026,1030,1034,1037,1041,1044,1047,1050,1052,1054,1056,1057,1058,1058,1058,1057,1056,1054,1052,1049,1046,1043,1040,1036,1032,1028,1024,1019,1015,1011,1008,1004,1001,998,995,993,991,990,989,989,989,990,990,991,993,994,996,998,1000,1002,1005,1008,1011,1014,1017,1020,1023,1027,1030,1034,1037,1041,1044,1048,1051,1054,1057,1060,1063,1065,1068,1070,1072,1074,1075,1076,1077,1078,1079,1079,1078,1078,1077,1076,1074,1073,1071,1068,1066,1063,1060,1057,1054,1051,1048,1045,1042,1039,1037,1034,1032,1030,1028,1027,1026,1025,1024,1024,1024,1025,1025,1026,1028,1029,1031,1033,1035,1038,1040,1043,1045,1048,1051,1054,1057,1059,1062,1065,1067,1069,1071,1073,1075,1076,1077,1078,1078,1078,1078,1077,1076,1074,1071,1068,1065,1061,1057,1053,1048,1043,1038,1032,1027,1022,1016,1011,1006,1001,997,993,989,985,982,980,978,977,976,976,976,978,980,983,987,992,997,1003,1010,1016,1023,1030,1036,1042,1048,1054,1059,1063,1066,1068,1070,1070,1070,1069,1067,1065,1063,1060,1057,1053,1049,1044,1040,1035,1030,1025,1021,1016,1012,1008,1004,1000,998,995,993,992,991,990,992,996,1002,1011,1022,1034,1048,1063,1078,1094,1109,1122,1135,1146,1155,1161,1165,1166,1076,985,894,803,712,621,642,664,685,706,727,748,770,791,812,833,854,876,897,918,939,960,966,971,977,982,987,993,998,1003,1008,1013,1017,1022,1026,1030,1034,1038,1042,1045,1048,1051,1053,1056,1058,1060,1061,1062,1063,1064,1065,1065,1062,1059,1056,1053,1050,1047,1045,1042,1039,1037,1034,1032,1030,1027,1025,1023,1022,1020,1019,1017,1016,1015,1014,1013,1013,1012,1012,1012,1012,1013,1013,1015,1016,1018,1020,1023,1025,1028,1031,1034,1037,1041,1044,1047,1051,1054,1057,1060,1063,1065,1068,1070,1072,1073,1075,1075,1076,1076,1076,1075,1074,1072,1070,1068,1065,1061,1058,1054,1050,1045,1041,1036,1032,1027,1023,1018,1014,1010,1006,1002,999,996,993,991,990,988,988,987,988,988,989,990,992,994,996,999,1002,1005,1008,1012,1016,1019,1023,1027,1031,1035,1039,1043,1046,1049,1053,1055,1058,1060,1062,1064,1065,1066,1067,1067,1067,1066,1065,1064,1062,1059,1056,1053,1050,1046,1042,1038,1034,1030,1025,1021,1017,1012,1008,1004,1001,997,994,991,989,987,986,984,983,983,984,985,987,990,994,998,1003,1008,1013,1019,1024,1028,1033,1036,1039,1042,1043,1043,1043,1041,1039,1036,1031,1027,1021,1016,1010,1004,999,994,989,985,981,979,977,977,977,978,979,981,983,986,989,992,996,1000,1004,1008,1012,1017,1021,1025,1029,1033,1036,1039,1042,1044,1046,1047,1048,1048,1048,1047,1046,1044,1042,1039,1037,1033,1030,1026,1022,1018,1014,1010,1006,1002,998,995,991,989,986,984,982,981,980,980,980,980,981,981,981,982,983,984,984,985,986,988,989,990,991,993,994,996,997,999,1000,1002,1004,1005,1007,1008,1010,1011,1013,1014,1015,1016,1018,1019,1020,1021,1021,1022,1023,1023,1023,1024,1024,1024,1024,1023,1021,1019,1017,1013,1010,1006,1002,998,994,990,987,983,980,978,976,974,973,973,973,975,978,982,986,992,998,1005,1012,1019,1026,1033,1040,1046,1051,1056,1060,1063,1064,1065,1064,1063,1060,1056,1052,1047,1041,1034,1028,1021,1014,1007,1000,995,989,985,981,978,977,976,976,977,979,980,982,985,988,991,995,999,1003,1007,1011,1016,1020,1024,1028,1031,1035,1038,1040,1043,1044,1046,1046,1047,1046,1044,1040,1036,1030,1024,1017,1011,1004,999,994,990,988,988,990,996,1007,1021,1038,1057,1077,1097,1116,1133,1147,1158,1164,1166,1128,1089,1050,1011,972,933,894,855,816,777,738,699,660,621,644,668,691,715,738,761,785,808,831,855,878,901,948,948,955,961,968,974,981,987,993,999,1005,1011,1016,1022,1027,1032,1037,1041,1045,1049,1053,1056,1059,1062,1065,1067,1069,1070,1072,1072,1073,1073,1073,1073,1072,1071,1070,1068,1066,1064,1062,1059,1057,1054,1051,1047,1044,1040,1037,1033,1029,1025,1021,1017,1013,1009,1005,1001,997,994,990,987,983,980,977,975,972,970,968,966,964,963,962,961,961,961,961,963,966,970,975,981,987,994,1001,1008,1015,1021,1027,1031,1035,1038,1041,1041,1041,1040,1039,1038,1036,1034,1032,1029,1026,1023,1020,1016,1013,1009,1006,1002,999,996,992,990,987,985,982,981,979,978,978,978,979,981,985,991,998,1006,1015,1024,1033,1042,1050,1057,1062,1067,1069,1070,1070,1069,1068,1066,1064,1062,1059,1057,1054,1050,1047,1044,1041,1037,1035,1032,1030,1028,1026,1025,1024

lead:V2
count:1442
points:1024,1024,1025,1026,1028,1030,1032,1035,1038,1041,1045,1048,1052,1056,1059,1063,1066,1069,1072,1074,1076,1078,1079,1080,1080,1079,1077,1072,1067,1060,1052,1043,1034,1024,1015,1005,997,989,982,976,972,970,969,969,970,971,972,974,977,979,982,986,989,993,998,1002,1006,1011,1016,1021,1025,1030,1035,1039,1044,1048,1052,1056,1059,1062,1065,1067,1069,1070,1072,1072,1072,1072,1071,1070,1068,1066,1064,1061,1057,1054,1050,1046,1041,1037,1032,1027,1023,1018,1013,1009,1005,1001,997,994,991,988,986,984,983,982,982,982,982,982,982,983,983,984,985,986,987,989,991,994,997,1000,1004,1008,1013,1018,1024,1031,1038,1046,1055,1065,1075,1086,1098,1111,1125,1140,1155,1151,1138,1116,1087,1052,1012,969,923,878,834,794,759,730,709,691,691,698,719,750,786,822,853,881,881,892,904,915,927,938,949,959,969,979,989,998,1006,1014,1022,1028,1035,1040,1045,1049,1052,1055,1057,1058,1058,1057,1056,1055,1053,1052,1051,1050,1049,1047,1046,1045,1044,1042,1041,1040,1039,1037,1036,1035,1034,1033,1031,1030,1029,1028,1026,1024,1024,1024,1024,1025,1025,1026,1027,1028,1029,1030,1031,1033,1034,1036,1038,1040,1042,1044,1046,1048,1051,1053,1055,1058,1060,1063,1065,1068,1070,1073,1075,1078,1080,1082,1084,1087,1089,1091,1093,1094,1096,1098,1099,1101,1102,1103,1104,1105,1105,1106,1106,1106,1107,1106,1106,1104,1103,1100,1098,1095,1091,1087,1083,1079,1074,1068,1063,1057,1051,1045,1039,1033,1027,1021,1014,1008,1002,996,991,985,980,975,970,966,962,959,956,953,951,949,948,947,947,947,948,949,950,952,954,957,960,963,966,970,974,978,982,986,990,994,997,1001,1005,1008,1011,1014,1017,1019,1021,1022,1023,1024,1024,1023,1022,1019,1016,1011,1007,1002,997,992,988,984,981,979,979,979,980,981,983,985,987,990,993,996,1000,1004,1008,1012,1017,1022,1027,1031,1036,1041,1046,1050,1055,1059,1063,1067,1070,1073,1076,1078,1080,1082,1083,1084,1084,1083,1081,1077,1073,1067,1060,1053,1045,1037,1029,1021,1014,1007,1001,997,993,991,990,994,1003,1017,1036,1058,1082,1106,1128,1147,1161,1174,1174,1155,1103,1024,931,839,760,689,689,691,696,705,717,731,748,766,786,807,827,847,866,882,897,909,917,924,924,929,934,939,944,949,954,959,963,968,972,976,980,984,988,991,994,997,1000,1003,1005,1007,1009,1010,1012,1012,1013,1014,1014,1015,1015,1016,1017,1018,1019,1020,1021,1021,1022,1023,1024,1025,1026,1026,1027,1029,1029,1029,1030,1030,1031,1032,1034,1035,1037,1039,1042,1044,1047,1050,1053,1056,1059,1062,1066,1069,1073,1076,1079,1083,1086,1089,1092,1095,1098,1101,1103,1106,1108,1110,1111,1113,1114,1115,1116,1116,1116,1116,1115,1114,1113,1111,1109,1106,1103,1100,1097,1093,1089,1085,1081,1076,1071,1067,1062,1057,1053,1048,1044,1039,1035,1031,1027,1024,1021,1018,1015,1013,1011,1010,1009,1008,1008,1008,1009,1010,1012,1014,1017,1019,1023,1026,1030,1034,1038,1042,1046,1050,1054,1057,1061,1064,1067,1069,1072,1073,1074,1075,1075,1075,1074,1073,1070,1068,1065,1061,1057,1052,1048,1043,1038,1032,1027,1022,1017,1013,1008,1004,1000,997,995,992,991,990,990,990,990,991,992,994,995,997,1000,1002,1005,1008,1011,1014,1018,1022,1025,1029,1033,1037,1042,1046,1050,1054,1058,1061,1065,1069,1072,1075,1078,1081,1084,1086,1088,1090,1091,1092,1093,1093,1093,1093,1093,1092,1090,1088,1086,1083,1080,1077,1074,1070,1066,1063,1059,1055,1051,1047,1044,1040,1037,1034,1032,1029,1027,1026,1025,1024,1024,1024,1024,1025,1026,1027,1028,1030,1032,1033,1035,1038,1040,1042,1044,1047,1049,1052,1054,1056,1058,1060,1062,1064,1065,1067,1068,1069,1069,1070,1070,1069,1069,1068,1066,1064,1062,1059,1056,1053,1050,1046,1042,1038,1034,1030,1025,1021,1017,1013,1009,1006,1003,1000,997,995,993,991,990,989,989,990,991,993,995,998,1002,1006,1011,1016,1021,1026,1031,1036,1041,1045,1050,1053,1056,1059,1061,1062,1062,1062,1061,1060,1059,1057,1055,1052,1049,1046,1043,1039,1036,1032,1029,1025,1022,1019,1015,1013,1010,1008,1006,1005,1003,1003,1003,1004,1007,1012,1019,1027,1038,1049,1061,1074,1088,1101,1114,1126,1137,1148,1156,1163,1168,1172,1172,1052,932,691,691,708,724,741,758,774,791,808,824,841,858,874,891,907,924,941,957,962,966,970,974,979,983,987,991,995,998,1002,1005,1009,1012,1015,1018,1021,1024,1026,1028,1030,1032,1034,1035,1037,1038,1038,1039,1039,1039,1039,1039,1039,1039,1039,1039,1039,1039,1039,1039,1038,1038,1038,1038,1038,1038,1038,1038,1038,1038,1038,1038,1038,1038,1038,1038,1038,1038,1038,1039,1039,1041,1042,1044,1046,1049,1051,1054,1057,1061,1064,1067,1071,1074,1077,1081,1084,1087,1090,1093,1095,1097,1099,1101,1102,1103,1103,1103,1103,1103,1101,1100,1098,1095,1093,1090,1086,1082,1079,1074,1070,1066,1061,1057,1053,1049,1044,1040,1037,1033,1030,1028,1025,1023,1022,1020,1020,1020,1020,1020,1021,1022,1023,1025,1027,1029,1032,1034,1037,1040,1043,1046,1049,1052,1056,1059,1062,1065,1068,1071,1073,1076,1078,1080,1081,1083,1084,1085,1085,1085,1085,1084,1083,1081,1079,1077,1074,1070,1067,1063,1058,1054,1049,1044,1040,1035,1030,1026,1021,1017,1013,1009,1006,1003,1000,998,996,995,994,994,994,996,999,1002,1007,1012,1018,1024,1030,1036,1042,1048,1053,1057,1061,1064,1065,1066,1065,1063,1061,1056,1052,1046,1039,1033,1026,1019,1012,1005,1000,995,991,988,986,985,986,986,988,990,993,996,999,1003,1008,1012,1017,1022,1027,1032,1037,1042,1046,1051,1055,1058,1061,1064,1066,1068,1069,1069,1069,1068,1066,1064,1061,1058,1054,1049,1045,1040,1035,1029,1024,1019,1013,1008,1003,999,994,990,987,984,982,980,979,979,979,979,980,980,981,981,982,983,984,985,986,987,988,989,991,992,994,995,997,998,1000,1002,1003,1005,1006,1008,1009,1011,1012,1014,1015,1016,1017,1019,1020,1020,1021,1022,1023,1023,1023,1024,1024,1024,1024,1023,1021,1019,1016,1013,1009,1005,1001,996,992,988,984,980,977,974,972,970,969,969,969,971,974,979,984,990,996,1004,1012,1019,1027,1035,1042,1049,1055,1060,1065,1068,1069,1070,1069,1068,1065,1061,1056,1050,1043,1036,1028,1021,1013,1005,998,991,986,981,976,973,972,971,971,972,974,976,979,983,986,991,995,1000,1006,1011,1017,1022,1028,1033,1038,1042,1047,1051,1054,1057,1059,1061,1062,1062,1061,1059,1054,1048,1042,1034,1026,1018,1010,1003,997,993,990,989,992,998,1009,1024,1041,1061,1081,1101,1121,1138,1153,1163,1170,1172,1138,1103,1069,1034,1000,965,931,896,862,827,793,758,723,689,707,725,743,761,779,797,815,834,852,870,888,906,942,942,963,971,978,983,987,991,995,998,1000,1003,1005,1007,1009,1011,1013,1014,1016,1017,1018,1019,1020,1021,1022,1022,1023,1023,1023,1024,1024,1024,1025,1026,1028,1029,1030,1031,1033,1034,1035,1036,1038,1039,1040,1041,1042,1043,1044,1045,1046,1047,1048,1049,1050,1051,1052,1053,1053,1054,1055,1055,1056,1057,1057,1058,1058,1058,1059,1059,1059,1059,1060,1060,1060,1060,1061,1063,1064,1065,1066,1067,1067,1068,1068,1069,1069,1069,1069,1069,1070,1070,1070,1070,1069,1068,1065,1062,1058,1054,1049,1043,1037,1030,1024,1017,1011,1005,999,994,989,985,982,980,979,978,979,980,982,986,990,995,1000,1006,1013,1020,1027,1034,1040,1047,1053,1058,1063,1067,1071,1073,1075,1075,1073,1071,1068,1066,1064,1061,1059,1057,1054,1052,1050,1047,1045,1043,1040,1038,1036,1033,1031,1029,1024

lead:V3
count:1442
points:1024,1024,1023,1022,1021,1019,1017,1015,1012,1009,1006,1003,1000,997,994,991,988,986,984,981,980,978,977,977,977,977,979,983,987,993,1000,1007,1015,1023,1031,1039,1046,1053,1059,1063,1067,1069,1069,1069,1069,1068,1066,1065,1063,1061,1058,1055,1052,1049,1046,1042,1038,1035,1031,1027,1023,1019,1015,1011,1008,1004,1001,998,995,993,991,989,987,986,985,984,984,984,985,986,988,990,993,996,999,1003,1007,1011,1015,1020,1024,1029,1034,1038,1043,1047,1051,1055,1059,1062,1065,1068,1070,1072,1073,1074,1074,1074,1073,1072,1070,1068,1066,1063,1060,1057,1053,1049,1045,1041,1037,1032,1028,1023,1019,1014,1010,1006,1002,998,995,992,989,987,985,984,982,982,982,986,999,1020,1048,1082,1121,1163,1207,1251,1294,1333,1367,1395,1416,1433,1433,1402,1314,1181,1026,870,738,618,618,620,626,635,648,664,682,704,728,753,780,808,837,866,894,921,946,970,992,1011,1026,1039,1048,1056,1056,1054,1053,1051,1050,1048,1047,1045,1044,1042,1041,1039,1038,1036,1035,1033,1032,1030,1029,1027,1026,1024,1023,1021,1020,1018,1017,1014,1014,1014,1014,1015,1015,1016,1017,1018,1019,1021,1023,1024,1026,1028,1030,1033,1035,1038,1040,1043,1046,1048,1051,1054,1057,1060,1063,1066,1069,1072,1075,1078,1081,1083,1086,1089,1091,1094,1096,1098,1100,1102,1104,1105,1107,1108,1109,1110,1111,1112,1112,1112,1113,1112,1112,1111,1109,1107,1105,1102,1099,1096,1092,1088,1083,1079,1074,1069,1064,1058,1053,1048,1042,1036,1031,1026,1020,1015,1010,1005,1001,996,992,988,985,982,979,977,975,973,972,971,971,972,972,973,973,975,976,978,979,981,983,986,988,990,993,995,998,1000,1002,1005,1007,1009,1011,1013,1014,1016,1017,1018,1018,1019,1024,1023,1021,1018,1013,1008,1001,995,988,982,977,972,969,966,966,966,967,968,969,972,974,977,980,984,988,992,996,1001,1006,1011,1016,1021,1026,1031,1036,1041,1046,1050,1055,1059,1062,1065,1068,1071,1073,1075,1076,1077,1077,1076,1074,1070,1065,1059,1052,1045,1036,1028,1020,1011,1004,997,991,986,982,980,979,987,1009,1045,1092,1146,1204,1262,1316,1363,1399,1429,1429,1398,1310,1178,1022,867,735,616,616,618,625,637,653,673,695,720,747,775,802,829,854,877,897,913,924,934,934,939,945,951,956,962,967,972,977,982,987,992,996,1001,1005,1009,1012,1016,1019,1021,1024,1026,1028,1030,1031,1033,1033,1034,1034,1034,1034,1033,1033,1033,1033,1033,1032,1032,1032,1032,1032,1031,1031,1031,1031,1031,1031,1031,1031,1032,1033,1035,1037,1039,1041,1044,1047,1050,1054,1057,1061,1065,1069,1073,1078,1082,1086,1091,1095,1099,1104,1108,1112,1116,1119,1123,1126,1129,1132,1134,1136,1138,1140,1141,1142,1142,1142,1142,1141,1140,1138,1136,1133,1130,1126,1122,1117,1113,1108,1102,1097,1091,1085,1079,1073,1067,1061,1055,1049,1044,1038,1033,1028,1024,1020,1016,1013,1010,1008,1006,1005,1003,1003,1004,1005,1006,1008,1011,1014,1017,1021,1025,1030,1035,1039,1044,1049,1054,1059,1063,1067,1071,1075,1078,1080,1082,1084,1085,1085,1085,1084,1082,1079,1075,1071,1067,1061,1056,1049,1043,1037,1030,1023,1017,1010,1004,999,993,989,984,981,978,976,975,975,975,975,976,977,979,981,983,985,988,991,995,998,1002,1006,1010,1014,1018,1022,1027,1031,1036,1040,1045,1049,1053,1057,1061,1065,1068,1071,1074,1077,1080,1082,1084,1085,1086,1087,1088,1088,1088,1087,1086,1085,1083,1081,1079,1076,1073,1070,1067,1063,1060,1056,1052,1049,1045,1042,1039,1036,1033,1031,1029,1027,1026,1025,1024,1024,1024,1025,1025,1026,1028,1029,1031,1033,1036,1038,1041,1043,1046,1049,1052,1055,1058,1061,1063,1066,1068,1071,1073,1075,1076,1077,1078,1079,1080,1080,1080,1079,1077,1075,1073,1070,1066,1062,1058,1053,1048,1043,1037,1032,1026,1021,1015,1010,1004,999,995,990,986,983,980,977,975,974,973,973,973,974,977,980,984,989,995,1001,1007,1014,1021,1028,1034,1041,1047,1052,1057,1061,1065,1067,1069,1069,1069,1068,1066,1064,1061,1057,1054,1049,1044,1039,1034,1029,1023,1017,1012,1007,1002,997,992,989,985,982,980,978,977,977,980,991,1007,1030,1058,1091,1127,1165,1205,1244,1283,1319,1351,1379,1402,1419,1429,1433,1297,1161,1025,889,753,617,638,660,682,703,725,747,769,790,812,834,856,877,899,921,943,964,969,974,979,984,988,993,998,1002,1007,1011,1015,1019,1023,1027,1030,1034,1037,1040,1043,1045,1047,1050,1051,1053,1054,1056,1056,1057,1058,1058,1056,1055,1053,1052,1050,1049,1047,1046,1045,1043,1042,1041,1040,1039,1038,1037,1036,1035,1034,1034,1033,1032,1032,1032,1031,1031,1031,1031,1031,1032,1033,1035,1037,1039,1042,1046,1049,1053,1057,1061,1066,1070,1075,1080,1084,1089,1093,1097,1101,1104,1108,1110,1113,1115,1117,1118,1119,1119,1119,1118,1116,1114,1111,1108,1104,1100,1096,1091,1085,1080,1074,1068,1063,1057,1051,1045,1040,1034,1029,1025,1021,1017,1014,1011,1009,1007,1007,1006,1006,1007,1008,1010,1011,1014,1016,1019,1022,1026,1030,1033,1038,1042,1046,1050,1055,1059,1063,1067,1071,1075,1078,1081,1084,1087,1089,1091,1093,1094,1094,1094,1094,1093,1092,1090,1087,1084,1081,1077,1073,1068,1063,1058,1052,1047,1041,1036,1030,1025,1020,1015,1010,1006,1002,999,995,993,991,990,988,988,989,991,995,999,1005,1012,1019,1027,1035,1043,1051,1059,1065,1071,1076,1079,1082,1082,1081,1079,1075,1070,1064,1056,1048,1040,1031,1022,1013,1005,997,991,986,982,980,979,979,980,982,985,988,992,996,1001,1007,1013,1019,1025,1031,1037,1043,1049,1055,1061,1065,1070,1074,1077,1080,1081,1083,1083,1083,1082,1080,1077,1074,1071,1066,1062,1057,1051,1046,1040,1034,1028,1022,1017,1011,1006,1001,997,994,991,988,986,985,985,985,985,985,986,986,987,987,988,989,990,991,992,993,994,995,996,998,999,1000,1002,1003,1004,1006,1007,1009,1010,1011,1013,1014,1015,1016,1017,1018,1019,1020,1021,1022,1022,1023,1023,1024,1024,1024,1024,1024,1023,1021,1019,1016,1013,1009,1005,1001,997,992,988,984,981,977,975,972,971,970,969,970,972,975,978,983,989,995,1002,1010,1017,1025,1032,1039,1045,1051,1056,1060,1063,1064,1065,1064,1062,1059,1055,1050,1044,1037,1030,1023,1015,1007,999,992,985,979,974,970,967,965,964,965,966,967,969,972,975,979,983,988,993,998,1003,1008,1014,1019,1024,1029,1033,1037,1041,1044,1047,1049,1051,1052,1052,1051,1049,1045,1040,1033,1026,1019,1012,1005,998,993,989,987,986,992,1008,1035,1070,1112,1160,1209,1259,1306,1349,1384,1411,1427,1433,1374,1316,1258,1200,1142,1083,1025,967,909,850,792,734,676,618,641,665,688,712,736,759,783,807,830,854,877,901,948,948,968,976,982,987,991,995,998,1001,1004,1006,1008,1010,1012,1014,1015,1017,1018,1019,1020,1021,1022,1023,1024,1024,1025,1025,1025,1026,1026,1026,1027,1028,1030,1031,1032,1033,1035,1036,1037,1038,1039,1041,1042,1043,1044,1045,1046,1047,1048,1049,1050,1051,1052,1053,1053,1054,1055,1056,1056,1057,1057,1058,1059,1059,1059,1060,1060,1060,1061,1061,1061,1061,1061,1061,1061,1062,1063,1065,1067,1069,1071,1074,1076,1079,1081,1084,1086,1088,1089,1091,1091,1091,1091,1089,1087,1083,1079,1074,1068,1062,1055,1048,1041,1034,1027,1020,1014,1008,1003,999,995,993,991,991,991,992,994,997,1001,1005,1010,1015,1021,1027,1033,1039,1045,1050,1056,1061,1065,1068,1071,1073,1075,1075,1075,1074,1073,1071,1069,1066,1063,1060,1057,1053,1050,1046,1042,1039,1036,1033,1030,1028,1026,1025,1024

lead:V4
count:1442
points:1024,1024,1023,1022,1021,1020,1018,1016,1014,1011,1009,1006,1003,1001,998,995,993,991,989,987,985,984,983,983,983,983,986,989,995,1001,1009,1017,1026,1035,1044,1052,1061,1068,1074,1080,1083,1086,1087,1086,1086,1085,1083,1081,1079,1077,1074,1071,1067,1064,1060,1056,1051,1047,1043,1038,1034,1029,1025,1021,1016,1013,1009,1005,1002,999,997,995,993,991,990,990,990,990,991,992,994,996,999,1002,1006,1010,1014,1019,1023,1028,1033,1039,1044,1049,1054,1059,1063,1067,1071,1075,1078,1081,1083,1085,1087,1088,1088,1088,1088,1088,1087,1087,1087,1087,1086,1086,1085,1084,1083,1082,1081,1079,1077,1075,1073,1070,1068,1064,1061,1057,1053,1048,1044,1038,1033,1027,1020,1013,1006,1011,1025,1049,1081,1120,1165,1213,1264,1314,1362,1407,1446,1478,1502,1522,1522,1493,1410,1286,1141,995,871,760,760,761,764,770,779,789,802,816,832,849,866,885,904,923,941,959,976,992,1006,1018,1029,1037,1043,1048,1048,1047,1046,1044,1043,1042,1041,1040,1038,1037,1036,1035,1033,1032,1031,1030,1029,1027,1026,1025,1024,1022,1021,1020,1019,1017,1016,1014,1014,1014,1014,1015,1015,1016,1017,1019,1020,1022,1024,1026,1028,1030,1033,1035,1038,1041,1044,1047,1050,1053,1056,1060,1063,1066,1070,1073,1077,1080,1083,1086,1090,1093,1096,1099,1102,1104,1107,1109,1112,1114,1116,1118,1119,1121,1122,1123,1124,1125,1125,1126,1126,1126,1125,1124,1122,1120,1118,1115,1112,1109,1105,1101,1096,1091,1086,1081,1076,1071,1065,1059,1054,1048,1042,1037,1031,1026,1021,1016,1011,1007,1003,999,995,992,989,987,985,984,983,982,982,982,982,983,983,984,986,987,989,990,992,994,996,998,1001,1003,1005,1007,1009,1011,1013,1015,1017,1019,1020,1021,1022,1023,1024,1024,1024,1023,1021,1017,1013,1007,1001,994,987,981,975,970,967,964,964,964,965,966,968,970,972,975,979,982,986,991,995,1000,1005,1010,1015,1020,1026,1031,1036,1041,1046,1050,1055,1059,1062,1066,1069,1071,1073,1075,1076,1077,1077,1076,1074,1070,1065,1059,1052,1043,1035,1026,1017,1009,1000,993,987,982,978,976,975,984,1012,1055,1112,1178,1249,1320,1386,1443,1487,1524,1524,1495,1412,1288,1142,996,872,760,760,762,766,773,783,795,809,825,842,859,876,893,908,922,934,944,952,958,958,961,964,968,971,975,978,981,985,988,992,995,998,1002,1005,1009,1012,1016,1019,1022,1026,1029,1033,1036,1039,1043,1046,1050,1053,1052,1051,1049,1048,1047,1046,1045,1043,1042,1041,1040,1038,1037,1036,1035,1034,1031,1031,1031,1032,1033,1034,1036,1038,1040,1043,1045,1049,1052,1056,1060,1064,1068,1072,1077,1082,1086,1091,1096,1100,1105,1109,1114,1118,1122,1126,1130,1133,1136,1139,1142,1144,1146,1148,1149,1150,1151,1151,1150,1150,1148,1146,1144,1141,1137,1133,1129,1124,1119,1113,1108,1102,1096,1089,1083,1076,1070,1063,1057,1051,1045,1039,1034,1028,1024,1019,1015,1012,1009,1006,1004,1003,1002,1002,1002,1003,1005,1007,1009,1012,1016,1020,1024,1029,1034,1039,1044,1049,1054,1059,1063,1068,1072,1075,1078,1081,1083,1084,1085,1086,1085,1084,1082,1079,1075,1071,1066,1060,1054,1047,1041,1033,1026,1019,1012,1005,999,993,987,982,978,974,971,969,967,967,967,968,969,970,972,974,977,979,982,986,990,994,998,1002,1007,1012,1016,1021,1026,1031,1036,1041,1046,1051,1056,1061,1065,1069,1073,1077,1080,1083,1086,1089,1091,1093,1094,1095,1096,1096,1096,1095,1094,1092,1090,1088,1085,1082,1079,1075,1072,1068,1064,1060,1056,1052,1048,1044,1041,1038,1035,1032,1029,1028,1026,1025,1024,1024,1024,1025,1025,1026,1028,1029,1031,1034,1036,1038,1041,1044,1047,1050,1053,1056,1059,1062,1065,1067,1070,1072,1074,1076,1078,1079,1080,1081,1082,1082,1081,1080,1079,1076,1074,1070,1066,1062,1057,1052,1046,1041,1035,1029,1022,1016,1010,1004,998,993,988,983,978,975,971,968,966,965,963,963,964,965,968,972,976,982,988,994,1001,1009,1016,1024,1031,1038,1045,1051,1056,1061,1064,1067,1069,1069,1069,1067,1065,1063,1059,1055,1050,1045,1039,1033,1027,1020,1014,1007,1000,994,988,982,977,972,968,964,962,960,958,958,961,972,989,1012,1041,1074,1112,1153,1196,1240,1285,1328,1369,1406,1440,1469,1492,1509,1523,1523,1332,1141,759,759,773,786,800,814,828,842,856,870,884,897,911,925,939,953,967,981,985,990,995,999,1004,1009,1013,1017,1022,1026,1030,1034,1038,1041,1045,1048,1051,1054,1057,1059,1061,1063,1065,1067,1068,1069,1070,1071,1071,1071,1068,1066,1063,1060,1058,1055,1053,1050,1048,1045,1043,1041,1039,1037,1035,1033,1032,1030,1029,1028,1027,1026,1025,1024,1024,1023,1023,1023,1023,1024,1025,1027,1029,1032,1035,1039,1043,1047,1052,1056,1061,1066,1071,1076,1081,1086,1091,1096,1100,1104,1107,1111,1113,1116,1118,1119,1120,1120,1120,1119,1117,1115,1112,1108,1104,1099,1094,1089,1083,1077,1071,1064,1058,1051,1045,1038,1032,1027,1021,1016,1011,1007,1004,1001,998,997,996,995,996,996,997,999,1001,1004,1006,1010,1013,1017,1021,1025,1030,1035,1039,1044,1049,1054,1058,1063,1067,1071,1075,1078,1082,1084,1087,1089,1091,1092,1092,1093,1092,1092,1090,1088,1086,1083,1079,1075,1071,1067,1062,1057,1051,1046,1040,1035,1030,1024,1019,1014,1010,1006,1002,998,995,993,991,989,988,988,989,991,995,1000,1006,1014,1022,1030,1039,1048,1056,1064,1072,1078,1083,1087,1089,1090,1089,1086,1081,1075,1067,1057,1047,1036,1025,1014,1003,993,984,976,969,964,961,960,961,962,965,968,972,976,982,988,995,1002,1009,1017,1024,1032,1040,1047,1054,1061,1067,1072,1077,1081,1084,1086,1088,1088,1088,1087,1085,1082,1079,1074,1070,1064,1059,1053,1046,1040,1033,1026,1020,1014,1007,1002,996,992,988,984,981,979,978,978,978,978,978,979,979,980,981,982,982,984,985,986,987,988,990,991,993,994,996,998,999,1001,1003,1004,1006,1007,1009,1011,1012,1013,1015,1016,1017,1018,1019,1020,1021,1022,1023,1023,1023,1024,1024,1024,1024,1022,1020,1017,1013,1009,1004,999,994,988,982,977,972,967,962,959,956,954,952,952,953,955,958,963,968,975,983,991,1000,1008,1017,1026,1034,1042,1048,1054,1059,1062,1064,1065,1064,1062,1059,1055,1049,1043,1036,1028,1020,1012,1003,995,987,980,974,968,964,961,959,958,958,960,962,964,968,972,976,981,987,993,999,1005,1012,1018,1025,1031,1037,1042,1048,1052,1056,1060,1062,1064,1065,1066,1065,1062,1058,1052,1045,1038,1030,1022,1015,1008,1002,998,995,994,1001,1020,1052,1094,1144,1200,1259,1317,1373,1423,1465,1497,1516,1523,1468,1414,1359,1304,1250,1195,1141,1086,1031,977,922,868,813,758,773,788,803,818,833,848,862,877,892,907,922,937,966,966,982,988,993,997,1000,1003,1006,1008,1010,1012,1014,1015,1017,1018,1019,1020,1021,1022,1023,1024,1025,1025,1026,1026,1027,1027,1027,1027,1028,1028,1030,1032,1034,1036,1038,1040,1042,1044,1046,1048,1050,1052,1053,1055,1057,1059,1061,1062,1064,1066,1067,1069,1070,1071,1073,1074,1075,1076,1077,1078,1079,1080,1081,1082,1083,1083,1084,1084,1085,1085,1085,1085,1086,1086,1088,1091,1093,1095,1097,1098,1099,1100,1101,1102,1102,1103,1103,1103,1103,1103,1103,1103,1103,1101,1098,1094,1089,1083,1076,1068,1060,1052,1043,1035,1027,1019,1011,1004,998,993,989,986,984,984,984,986,988,992,997,1002,1008,1015,1022,1029,1037,1045,1052,1059,1066,1072,1077,1082,1086,1088,1091,1091,1090,1089,1088,1085,1082,1079,1075,1071,1067,1062,1057,1053,1048,1043,1039,1035,1032,1029,1027,1025,1024

lead:V5
count:1442
points:1024,1024,1023,1022,1021,1020,1018,1016,1014,1012,1009,1007,1004,1001,999,996,994,992,990,988,987,985,985,984,984,985,987,991,996,1002,1010,1018,1027,1036,1045,1054,1062,1069,1076,1081,1085,1087,1088,1088,1087,1086,1085,1083,1082,1079,1077,1074,1071,1068,1065,1061,1058,1054,1050,1047,1043,1039,1035,1032,1028,1025,1022,1019,1016,1014,1012,1010,1008,1007,1006,1006,1005,1006,1006,1008,1009,1012,1014,1017,1021,1025,1029,1033,1038,1042,1047,1052,1057,1062,1066,1071,1075,1079,1083,1087,1090,1092,1094,1096,1098,1099,1099,1098,1098,1097,1095,1093,1091,1089,1086,1082,1079,1075,1071,1067,1063,1059,1055,1050,1046,1042,1038,1034,1030,1027,1023,1021,1018,1016,1014,1012,1011,1011,1011,1015,1030,1053,1084,1122,1166,1213,1262,1311,1359,1402,1440,1472,1495,1514,1514,1493,1431,1340,1232,1124,1032,949,949,950,951,952,955,958,962,966,971,976,982,987,993,999,1004,1010,1015,1020,1024,1028,1031,1034,1036,1037,1037,1036,1035,1035,1034,1033,1032,1031,1030,1030,1029,1028,1027,1026,1025,1025,1024,1023,1022,1021,1020,1020,1019,1018,1017,1016,1015,1014,1014,1014,1014,1015,1015,1016,1017,1019,1020,1022,1023,1025,1028,1030,1032,1035,1037,1040,1043,1046,1049,1052,1055,1059,1062,1065,1069,1072,1075,1078,1082,1085,1088,1091,1094,1097,1100,1102,1105,1107,1110,1112,1114,1116,1117,1119,1120,1121,1122,1123,1123,1123,1123,1123,1123,1122,1120,1118,1116,1114,1111,1107,1104,1100,1096,1092,1087,1082,1077,1072,1067,1062,1057,1051,1046,1041,1036,1031,1026,1022,1017,1013,1010,1006,1003,1000,997,995,993,992,991,990,990,990,990,991,991,992,993,994,996,997,998,1000,1002,1003,1005,1007,1009,1011,1012,1014,1015,1017,1018,1020,1021,1022,1023,1023,1024,1024,1024,1023,1021,1018,1013,1007,1001,994,988,981,976,971,968,965,965,965,966,967,968,970,973,976,979,983,986,991,995,1000,1004,1009,1014,1020,1025,1030,1035,1039,1044,1048,1053,1057,1060,1063,1066,1069,1071,1072,1073,1074,1074,1074,1072,1068,1063,1057,1050,1043,1035,1026,1018,1010,1002,995,989,985,981,979,978,987,1014,1057,1113,1178,1248,1318,1384,1440,1483,1519,1519,1497,1435,1342,1232,1122,1029,945,945,945,947,949,953,957,963,968,974,981,987,993,998,1004,1008,1012,1014,1016,1016,1017,1017,1018,1019,1021,1023,1025,1028,1031,1034,1037,1040,1044,1047,1050,1054,1057,1060,1063,1066,1069,1071,1073,1075,1076,1077,1078,1078,1077,1076,1075,1072,1069,1066,1062,1058,1054,1050,1046,1042,1039,1036,1034,1032,1031,1031,1031,1031,1032,1033,1035,1037,1039,1041,1044,1047,1050,1053,1057,1060,1064,1068,1072,1077,1081,1085,1089,1094,1098,1102,1106,1110,1114,1117,1121,1124,1127,1129,1132,1134,1135,1137,1138,1139,1140,1140,1139,1139,1137,1136,1133,1131,1127,1124,1120,1115,1111,1106,1100,1095,1089,1083,1078,1072,1066,1060,1054,1048,1043,1038,1033,1028,1024,1020,1016,1013,1010,1008,1006,1005,1004,1004,1004,1005,1006,1008,1010,1013,1016,1020,1023,1027,1031,1036,1040,1045,1049,1053,1057,1061,1064,1068,1070,1073,1074,1076,1076,1077,1076,1075,1073,1071,1067,1063,1058,1053,1048,1042,1035,1029,1022,1016,1010,1003,997,992,987,982,978,974,972,970,969,968,968,969,970,971,972,974,976,979,982,985,988,991,995,999,1003,1007,1011,1015,1019,1024,1028,1033,1037,1041,1045,1049,1053,1057,1060,1063,1066,1069,1071,1073,1075,1077,1078,1079,1079,1079,1079,1079,1078,1077,1075,1073,1071,1069,1066,1064,1061,1058,1055,1052,1049,1046,1043,1040,1037,1034,1032,1030,1028,1027,1026,1025,1024,1024,1024,1025,1025,1026,1027,1029,1030,1032,1034,1037,1039,1041,1044,1047,1049,1052,1055,1057,1060,1062,1064,1066,1068,1070,1071,1072,1073,1074,1075,1075,1074,1073,1072,1070,1067,1064,1060,1056,1052,1047,1042,1036,1031,1025,1019,1013,1007,1002,996,991,986,982,978,974,971,968,966,965,963,963,964,965,968,971,976,980,986,992,999,1006,1013,1020,1027,1033,1040,1045,1050,1054,1058,1060,1062,1062,1062,1061,1059,1056,1052,1048,1043,1038,1032,1026,1019,1013,1006,999,992,986,980,974,969,964,960,956,953,951,950,950,953,963,981,1004,1033,1067,1105,1146,1189,1234,1278,1322,1363,1401,1435,1464,1487,1504,1518,1518,1375,1232,945,945,948,952,956,959,963,967,970,974,978,981,985,989,992,996,1000,1003,1007,1011,1015,1019,1022,1026,1030,1033,1037,1040,1044,1047,1050,1053,1056,1058,1061,1063,1065,1067,1069,1071,1072,1074,1075,1076,1076,1077,1077,1077,1074,1070,1067,1063,1060,1057,1053,1050,1047,1044,1041,1038,1036,1033,1031,1029,1027,1025,1023,1021,1020,1019,1017,1017,1016,1015,1015,1015,1015,1016,1017,1019,1021,1024,1027,1030,1034,1038,1042,1047,1051,1056,1061,1065,1070,1075,1079,1084,1088,1091,1095,1098,1100,1102,1104,1105,1106,1106,1106,1105,1103,1101,1099,1095,1091,1087,1082,1077,1072,1066,1060,1054,1048,1042,1036,1030,1024,1018,1013,1009,1004,1000,997,994,992,990,989,989,989,990,991,993,995,997,1000,1003,1006,1009,1013,1017,1022,1026,1030,1035,1039,1044,1048,1052,1056,1060,1064,1067,1070,1073,1075,1077,1079,1080,1080,1081,1080,1080,1078,1077,1075,1072,1069,1066,1063,1059,1055,1051,1046,1042,1037,1033,1028,1024,1019,1015,1012,1008,1005,1002,999,997,996,995,994,994,994,996,1000,1005,1010,1017,1024,1032,1040,1049,1056,1064,1071,1076,1081,1085,1087,1087,1086,1084,1079,1073,1065,1056,1046,1035,1025,1014,1003,993,984,977,970,966,963,962,962,964,966,969,973,977,982,988,994,1001,1008,1015,1023,1030,1037,1044,1051,1057,1063,1068,1073,1077,1080,1082,1084,1084,1083,1082,1081,1078,1075,1072,1068,1063,1058,1053,1047,1042,1036,1030,1024,1019,1014,1009,1004,1000,996,993,991,989,988,988,988,988,988,989,989,990,990,991,992,992,993,994,995,996,997,998,1000,1001,1002,1003,1005,1006,1007,1009,1010,1011,1012,1013,1015,1016,1017,1018,1019,1020,1020,1021,1022,1022,1023,1023,1024,1024,1024,1024,1024,1023,1021,1019,1017,1014,1010,1007,1003,999,995,991,988,984,982,979,977,975,975,974,975,976,978,981,985,989,993,998,1004,1009,1015,1020,1025,1030,1034,1038,1041,1043,1044,1044,1044,1042,1040,1037,1032,1027,1022,1016,1010,1003,997,990,984,979,974,970,966,964,962,962,962,963,965,967,970,974,978,983,988,994,999,1005,1011,1017,1023,1029,1034,1040,1044,1049,1052,1055,1058,1060,1061,1061,1060,1058,1053,1048,1041,1034,1026,1018,1011,1004,999,995,992,991,998,1017,1049,1091,1140,1196,1255,1313,1369,1419,1461,1492,1512,1518,1477,1436,1395,1354,1313,1272,1231,1190,1149,1108,1067,1026,985,944,948,951,955,958,962,965,968,972,975,979,982,986,993,993,1002,1006,1008,1011,1013,1014,1016,1017,1018,1020,1021,1021,1022,1023,1024,1025,1025,1026,1026,1027,1027,1027,1028,1028,1028,1028,1028,1029,1029,1029,1031,1033,1035,1037,1039,1041,1043,1045,1046,1048,1050,1052,1054,1056,1057,1059,1061,1062,1064,1066,1067,1068,1070,1071,1073,1074,1075,1076,1077,1078,1079,1080,1081,1081,1082,1083,1083,1084,1084,1084,1085,1085,1085,1085,1088,1090,1093,1094,1096,1098,1099,1100,1101,1101,1102,1102,1103,1103,1103,1103,1103,1103,1102,1101,1098,1094,1090,1084,1078,1072,1064,1057,1049,1042,1034,1027,1020,1014,1009,1004,1000,998,996,995,996,997,999,1002,1006,1010,1015,1020,1026,1032,1038,1044,1050,1056,1061,1066,1070,1074,1076,1079,1080,1080,1080,1079,1078,1076,1073,1071,1067,1064,1060,1056,1052,1048,1044,1040,1037,1034,1031,1028,1027,1025,1024

lead:V6
count:1442
points:1024,1024,1023,1022,1021,1019,1017,1015,1012,1010,1007,1004,1001,998,995,992,989,987,985,983,981,980,979,978,978,979,981,984,989,995,1002,1010,1018,1027,1035,1043,1051,1058,1064,1069,1072,1074,1075,1075,1074,1073,1072,1070,1068,1065,1063,1059,1056,1052,1048,1044,1040,1035,1031,1027,1022,1018,1013,1009,1005,1001,997,994,991,988,985,983,981,980,979,978,978,978,979,980,982,984,986,989,992,996,1000,1004,1008,1012,1017,1021,1026,1030,1035,1039,1043,1047,1051,1054,1057,1059,1061,1063,1064,1065,1065,1065,1064,1063,1062,1060,1058,1056,1053,1050,1047,1043,1040,1036,1032,1028,1024,1020,1016,1012,1008,1005,1001,998,995,992,990,988,986,985,984,983,983,988,1004,1030,1064,1106,1154,1206,1260,1313,1365,1413,1455,1489,1515,1536,1536,1514,1451,1356,1244,1132,1038,952,952,955,958,961,964,967,970,973,976,979,982,985,988,991,994,997,1000,1003,1006,1009,1012,1015,1018,1024,1024,1024,1023,1023,1023,1022,1022,1021,1021,1021,1020,1020,1020,1019,1019,1019,1018,1018,1017,1017,1017,1016,1016,1016,1015,1015,1014,1014,1014,1014,1014,1015,1015,1016,1017,1018,1019,1020,1022,1024,1025,1027,1029,1031,1034,1036,1038,1041,1043,1046,1049,1052,1054,1057,1060,1063,1065,1068,1071,1074,1076,1079,1081,1084,1086,1088,1090,1092,1094,1096,1098,1099,1101,1102,1103,1104,1105,1105,1106,1106,1106,1106,1105,1105,1103,1102,1100,1098,1096,1094,1091,1088,1085,1081,1078,1074,1071,1067,1063,1059,1055,1051,1047,1043,1039,1035,1031,1028,1025,1021,1019,1016,1013,1011,1009,1007,1006,1005,1004,1004,1004,1004,1004,1004,1004,1005,1005,1006,1007,1008,1009,1010,1011,1012,1013,1014,1015,1016,1017,1018,1019,1020,1021,1021,1022,1023,1023,1023,1024,1024,1024,1023,1021,1018,1014,1010,1004,998,993,987,982,978,975,973,973,973,974,974,976,977,979,982,984,987,990,993,997,1001,1004,1008,1012,1016,1020,1024,1028,1032,1036,1039,1043,1046,1048,1051,1053,1055,1057,1058,1059,1060,1060,1059,1058,1055,1051,1047,1042,1036,1030,1024,1018,1012,1006,1001,997,993,990,989,988,993,1007,1030,1062,1101,1149,1202,1262,1326,1394,1536,1536,1460,1384,1308,1231,1155,1079,927,927,932,938,944,949,955,961,967,972,978,984,989,995,1001,1006,1012,1018,1029,1029,1029,1030,1031,1032,1034,1036,1038,1041,1043,1047,1050,1053,1056,1060,1063,1067,1070,1073,1076,1079,1082,1084,1086,1088,1089,1090,1090,1091,1090,1088,1085,1082,1077,1071,1065,1059,1052,1045,1039,1033,1027,1023,1019,1016,1014,1014,1014,1014,1015,1016,1017,1019,1021,1023,1025,1028,1031,1034,1037,1040,1044,1047,1051,1055,1059,1062,1066,1070,1074,1077,1081,1084,1088,1091,1094,1097,1099,1102,1104,1106,1107,1109,1110,1110,1111,1111,1111,1110,1109,1108,1106,1104,1102,1099,1096,1093,1089,1085,1081,1077,1073,1069,1064,1060,1055,1051,1047,1042,1038,1034,1030,1027,1024,1021,1018,1015,1013,1012,1010,1009,1009,1009,1009,1010,1011,1013,1015,1018,1022,1025,1029,1033,1038,1042,1047,1052,1056,1061,1065,1069,1073,1076,1079,1081,1083,1084,1085,1085,1085,1084,1082,1079,1076,1072,1067,1062,1057,1051,1045,1038,1032,1025,1019,1013,1007,1001,996,991,987,984,981,979,978,978,978,979,979,981,982,984,986,988,991,994,997,1000,1004,1007,1011,1015,1019,1023,1027,1032,1036,1040,1044,1048,1052,1056,1060,1063,1067,1070,1073,1075,1078,1080,1081,1083,1084,1085,1085,1085,1085,1085,1084,1082,1081,1079,1076,1074,1071,1068,1065,1062,1058,1055,1051,1048,1045,1041,1038,1036,1033,1031,1029,1027,1026,1025,1024,1024,1024,1024,1025,1026,1026,1027,1029,1030,1031,1033,1035,1036,1038,1040,1042,1044,1046,1047,1049,1051,1052,1054,1055,1056,1057,1058,1059,1059,1060,1060,1060,1059,1058,1056,1054,1052,1049,1045,1042,1038,1034,1030,1025,1021,1016,1012,1007,1003,999,995,991,987,984,981,979,977,975,974,973,973,973,974,976,979,982,986,990,995,1000,1006,1011,1017,1022,1027,1032,1036,1040,1044,1046,1048,1050,1050,1049,1048,1046,1044,1041,1037,1033,1029,1024,1018,1013,1007,1001,995,989,984,978,973,969,965,961,958,955,954,953,952,957,970,991,1021,1057,1098,1144,1193,1244,1295,1344,1390,1432,1468,1497,1518,1532,1536,1496,1386,1236,1087,977,937,938,940,945,950,957,965,974,983,992,1001,1009,1016,1021,1026,1028,1029,1029,1030,1030,1031,1032,1034,1035,1037,1039,1041,1043,1045,1047,1050,1052,1055,1057,1059,1062,1064,1066,1068,1069,1071,1072,1073,1074,1075,1075,1075,1075,1074,1073,1072,1070,1068,1065,1063,1060,1056,1053,1049,1046,1042,1038,1035,1031,1027,1024,1021,1018,1016,1014,1012,1011,1009,1009,1009,1009,1009,1010,1012,1013,1015,1018,1020,1023,1027,1030,1033,1037,1041,1044,1048,1052,1056,1059,1062,1066,1068,1071,1073,1076,1077,1079,1080,1080,1080,1080,1079,1078,1076,1074,1072,1068,1065,1061,1057,1053,1048,1044,1039,1034,1029,1025,1020,1015,1011,1007,1003,1000,997,994,992,990,989,988,988,988,989,990,991,992,994,996,999,1001,1004,1007,1010,1014,1017,1020,1024,1028,1031,1034,1038,1041,1044,1047,1049,1052,1054,1056,1057,1058,1059,1060,1060,1060,1059,1058,1057,1056,1054,1053,1051,1048,1046,1043,1040,1038,1035,1032,1029,1026,1023,1020,1018,1015,1013,1011,1009,1007,1006,1005,1004,1004,1004,1004,1006,1008,1012,1016,1021,1027,1033,1039,1046,1052,1057,1062,1067,1070,1073,1075,1075,1074,1072,1068,1063,1057,1050,1042,1033,1024,1015,1006,998,991,985,980,976,974,973,973,974,976,978,981,985,989,994,999,1004,1010,1016,1021,1027,1033,1039,1044,1049,1054,1058,1061,1065,1067,1069,1070,1070,1070,1069,1068,1066,1064,1062,1059,1056,1052,1049,1045,1041,1037,1033,1029,1025,1021,1018,1015,1012,1009,1007,1006,1004,1004,1004,1004,1004,1004,1004,1004,1004,1005,1005,1006,1006,1007,1007,1008,1008,1009,1010,1010,1011,1012,1012,1013,1014,1014,1015,1016,1017,1017,1018,1019,1019,1020,1020,1021,1021,1022,1022,1023,1023,1023,1024,1024,1024,1024,1024,1024,1023,1021,1019,1017,1013,1010,1006,1002,998,994,990,987,983,980,978,976,974,973,973,973,975,977,980,983,988,993,998,1004,1010,1016,1023,1029,1034,1040,1045,1049,1053,1056,1058,1059,1060,1059,1058,1055,1051,1047,1042,1036,1030,1024,1018,1012,1006,1001,997,993,990,989,988,988,989,991,993,995,998,1001,1005,1009,1013,1017,1022,1027,1031,1036,1040,1044,1048,1052,1055,1058,1061,1062,1064,1065,1065,1064,1061,1057,1051,1043,1035,1027,1018,1010,1003,997,992,989,988,995,1015,1048,1091,1143,1201,1262,1323,1381,1433,1476,1509,1529,1536,1528,1506,1470,1422,1365,1301,1234,1167,1103,1046,998,962,939,932,938,945,952,958,965,971,978,985,991,998,1004,1011,1024,1024,1024,1024,1023,1023,1023,1023,1023,1023,1022,1022,1022,1022,1022,1022,1021,1021,1021,1021,1021,1021,1020,1020,1020,1020,1020,1020,1019,1019,1019,1019,1019,1019,1020,1020,1021,1021,1022,1023,1024,1026,1027,1029,1030,1032,1034,1035,1037,1039,1041,1043,1045,1047,1049,1051,1053,1055,1057,1059,1061,1062,1064,1065,1067,1068,1070,1071,1072,1073,1073,1074,1075,1075,1075,1075,1075,1076,1076,1077,1078,1079,1080,1082,1083,1084,1086,1087,1088,1089,1090,1090,1091,1091,1090,1089,1086,1083,1079,1075,1069,1064,1057,1051,1044,1038,1031,1025,1020,1014,1010,1006,1003,1000,999,998,999,1000,1003,1006,1010,1014,1020,1025,1031,1038,1044,1051,1057,1064,1069,1075,1079,1083,1086,1089,1091,1091,1090,1089,1088,1085,1082,1079,1075,1071,1067,1062,1057,1053,1048,1043,1039,1035,1032,1029,1027,1025,1024

