pathology:idiov
group:arrhythmia
title:Idioventricular rhythm
name:Идиовентрикулярный ритм
leads:12

lead:I
count:700
points:1024,1024,1024,1024,1024,1024,1024,1024,1024,1024,1024,1024,1024,1024,1024,1024,1024,1024,1024,1024,1024,1024,1024,1024,1024,1024,1024,1024,1024,1024,1024,1024,1024,1024,1024,1024,1024,1024,1024,1024,1024,1024,1024,1024,1024,1024,1024,1024,1024,1024,1024,1024,1024,1024,1024,1024,1024,1024,1024,1024,1024,1024,1024,1024,1024,1024,1024,1024,1024,1024,1024,1024,1024,1024,1024,1024,1024,1024,1024,1024,1024,1024,1024,1024,1024,1024,1024,1024,1024,1024,1024,1024,1024,1024,1024,1024,1024,1024,1024,1024,1024,1024,1024,1024,1024,1024,1025,1025,1026,1027,1028,1030,1032,1035,1039,1044,1048,1052,1057,1061,1065,1069,1073,1076,1080,1084,1087,1090,1093,1096,1098,1101,1103,1105,1106,1108,1109,1110,1111,1111,1111,1111,1111,1111,1111,1110,1110,1110,1109,1109,1108,1107,1107,1106,1105,1104,1104,1103,1102,1100,1099,1098,1097,1096,1094,1093,1092,1090,1089,1087,1086,1084,1082,1081,1079,1077,1075,1073,1071,1069,1068,1066,1064,1061,1059,1057,1055,1053,1051,1049,1047,1044,1042,1040,1038,1035,1033,1031,1029,1026,1024,1023,1021,1018,1013,1007,1000,992,984,974,965,955,945,935,926,918,910,903,897,892,889,886,886,886,886,886,887,888,888,889,890,892,893,894,896,898,900,902,904,906,908,911,913,916,918,921,924,927,930,933,936,939,942,945,949,952,955,958,961,964,968,971,974,977,980,983,986,989,991,994,997,999,1001,1004,1006,1008,1010,1012,1014,1015,1017,1018,1019,1020,1021,1022,1023,1023,1024,1024,1024,1024,1024,1024,1024,1024,1024,1024,1024,1024,1024,1024,1024,1024,1024,1024,1024,1024,1024,1024,1024,1024,1024,1024,1024,1024,1024,1024,1024,1024,1024,1024,1024,1024,1024,1024,1024,1024,1024,1024,1024,1024,1024,1024,1024,1024,1024,1024,1024,1024,1024,1024,1024,1024,1024,1024,1024,1024,1024,1024,1024,1024,1024,1024,1024,1024,1024,1024,1024,1024,1024,1024,1024,1024,1024,1024,1024,1024,1024,1024,1024,1024,1024,1024,1024,1024,1024,1024,1024,1024,1024,1024,1024,1024,1024,1024,1024,1024,1024,1024,1024,1024,1024,1024,1024,1024,1024,1024,1024,1024,1024,1024,1024,1024,1024,1024,1024,1024,1024,1024,1024,1024,1024,1024,1024,1024,1024,1024,1024,1024,1024,1024,1024,1024,1024,1024,1024,1024,1024,1024,1024,1024,1024,1024,1024,1024,1024,1024,1024,1024,1024,1024,1024,1024,1024,1024,1024,1025,1025,1025,1026,1026,1026,1027,1027,1028,1029,1029,1030,1031,1032,1033,1034,1034,1035,1037,1038,1039,1040,1041,1042,1043,1045,1046,1047,1049,1050,1052,1053,1055,1056,1058,1059,1061,1063,1064,1066,1068,1069,1071,1073,1074,1076,1078,1080,1082,1083,1085,1087,1089,1091,1094,1097,1100,1103,1106,1109,1112,1115,1118,1121,1124,1127,1130,1133,1135,1138,1141,1144,1147,1150,1152,1155,1158,1160,1163,1166,1168,1171,1173,1176,1178,1181,1183,1185,1188,1190,1192,1194,1196,1198,1200,1202,1204,1206,1208,1209,1211,1213,1214,1216,1217,1219,1220,1221,1222,1224,1225,1226,1227,1228,1228,1229,1230,1231,1231,1232,1232,1233,1233,1233,1234,1234,1234,1234,1234,1234,1234,1233,1233,1232,1232,1231,1230,1229,1228,1227,1226,1225,1224,1222,1221,1219,1218,1216,1214,1212,1210,1208,1206,1204,1202,1200,1197,1195,1193,1190,1188,1185,1182,1180,1177,1174,1171,1168,1166,1163,1160,1157,1154,1151,1148,1144,1141,1138,1135,1132,1129,1126,1123,1120,1117,1113,1110,1107,1104,1101,1098,1095,1092,1090,1087,1084,1081,1078,1076,1073,1070,1068,1065,1063,1060,1058,1056,1054,1052,1049,1047,1046,1044,1042,1040,1039,1037,1036,1034,1033,1032,1031,1030,1029,1028,1027,1026,1026,1025,1025,1024,1024,1024,1024,1024,1024,1024,1024,1024,1024,1024,1024,1024,1024,1024,1024,1024,1024,1024,1024,1024,1024,1024

lead:II
count:700
points:1024,1024,1024,1024,1024,1024,1024,1024,1024,1024,1024,1024,1024,1024,1024,1024,1024,1024,1024,1024,1024,1024,1024,1024,1024,1024,1024,1024,1024,1024,1024,1024,1024,1024,1024,1024,1024,1024,1024,1024,1024,1024,1024,1024,1024,1024,1024,1024,1024,1024,1024,1024,1024,1024,1024,1024,1024,1024,1024,1024,1024,1024,1024,1024,1024,1024,1024,1024,1024,1024,1024,1024,1024,1024,1024,1024,1024,1024,1024,1024,1024,1024,1024,1024,1024,1024,1024,1024,1024,1024,1024,1024,1024,1024,1024,1024,1024,1024,1024,1024,1024,1024,1024,1024,1024,1024,1024,1024,1025,1025,1025,1026,1027,1028,1029,1029,1030,1031,1032,1034,1036,1039,1041,1045,1048,1052,1056,1061,1065,1070,1076,1081,1087,1093,1099,1105,1111,1117,1124,1130,1137,1136,1135,1133,1131,1128,1124,1119,1114,1108,1102,1095,1087,1078,1070,1060,1050,1040,1029,1018,1006,994,982,969,956,943,930,916,903,889,876,862,848,835,821,808,795,782,769,757,745,733,722,711,701,691,681,673,664,657,649,643,637,632,627,623,620,618,616,615,614,615,619,624,631,640,651,663,676,690,704,719,734,749,763,776,788,799,808,815,820,824,824,827,830,833,836,839,842,845,848,851,854,857,860,862,865,868,871,874,877,880,883,886,889,892,895,898,901,904,907,909,912,915,918,921,924,927,930,933,936,939,942,945,948,951,954,956,959,962,965,968,971,974,977,980,983,986,989,992,995,998,1001,1003,1006,1009,1012,1015,1018,1021,1024,1024,1024,1024,1024,1024,1024,1024,1024,1024,1024,1024,1024,1024,1024,1024,1024,1024,1024,1024,1024,1024,1024,1024,1024,1024,1024,1024,1024,1024,1024,1024,1024,1024,1024,1024,1024,1024,1024,1024,1024,1024,1024,1024,1024,1024,1024,1024,1024,1024,1024,1024,1024,1024,1024,1024,1024,1024,1024,1024,1024,1024,1024,1024,1024,1024,1024,1024,1024,1024,1024,1024,1024,1024,1024,1024,1024,1024,1024,1024,1024,1024,1024,1024,1024,1024,1024,1024,1024,1024,1024,1024,1024,1024,1024,1024,1024,1024,1024,1024,1024,1024,1024,1024,1024,1024,1024,1024,1024,1024,1024,1024,1024,1024,1024,1024,1024,1024,1024,1024,1024,1024,1024,1024,1024,1024,1024,1024,1024,1024,1024,1024,1024,1024,1024,1024,1024,1024,1024,1024,1024,1024,1024,1024,1024,1024,1024,1024,1024,1024,1024,1024,1024,1024,1024,1024,1024,1025,1025,1025,1025,1026,1026,1026,1027,1027,1028,1029,1029,1030,1031,1031,1032,1033,1034,1035,1035,1036,1037,1038,1039,1040,1042,1043,1044,1045,1046,1047,1049,1050,1051,1053,1054,1055,1057,1058,1059,1061,1062,1064,1065,1067,1068,1070,1071,1073,1074,1076,1077,1079,1080,1083,1086,1089,1092,1094,1097,1100,1103,1106,1108,1111,1114,1117,1119,1122,1125,1127,1130,1133,1135,1138,1140,1143,1145,1148,1150,1153,1155,1157,1159,1162,1164,1166,1168,1170,1172,1174,1176,1178,1180,1182,1184,1186,1187,1189,1191,1192,1194,1195,1197,1198,1199,1200,1202,1203,1204,1205,1206,1207,1208,1208,1209,1210,1210,1211,1212,1212,1212,1213,1213,1213,1213,1213,1213,1213,1213,1213,1213,1212,1212,1211,1211,1210,1209,1209,1208,1207,1206,1204,1203,1202,1201,1199,1198,1196,1195,1193,1191,1189,1187,1185,1183,1181,1179,1177,1175,1173,1170,1168,1166,1163,1161,1158,1156,1153,1151,1148,1146,1143,1140,1138,1135,1132,1129,1127,1124,1121,1119,1116,1113,1110,1108,1105,1102,1100,1097,1094,1092,1089,1087,1084,1082,1079,1077,1074,1072,1070,1068,1065,1063,1061,1059,1057,1055,1053,1051,1050,1048,1046,1045,1043,1042,1041,1039,1038,1037,1036,1035,1034,1033,1032,1032,1031,1031,1030,1030,1029,1029,1029,1029,1029,1029,1028,1028,1028,1028,1027,1027,1027,1027,1026,1026,1026,1026,1025,1025,1025,1025,1024

lead:III
count:700
points:1024,1024,1024,1024,1024,1024,1024,1024,1024,1024,1024,1024,1024,1024,1024,1024,1024,1024,1024,1024,1024,1024,1024,1024,1024,1024,1024,1024,1024,1024,1024,1024,1024,1024,1024,1024,1024,1024,1024,1024,1024,1024,1024,1024,1024,1024,1024,1024,1024,1024,1024,1024,1024,1024,1024,1024,1024,1024,1024,1024,1024,1024,1024,1024,1024,1024,1024,1024,1024,1024,1024,1024,1024,1024,1024,1024,1024,1024,1024,1024,1024,1024,1024,1024,1024,1024,1024,1024,1024,1024,1024,1024,1024,1024,1024,1024,1024,1024,1024,1024,1024,1023,1022,1021,1020,1019,1018,1017,1016,1015,1015,1014,1014,1014,1014,1016,1018,1020,1022,1024,1026,1028,1030,1032,1034,1036,1038,1039,1041,1042,1043,1044,1045,1046,1047,1048,1049,1049,1049,1050,1050,1049,1049,1048,1047,1046,1044,1042,1040,1038,1035,1032,1028,1025,1021,1016,1012,1007,1002,997,991,985,979,973,966,960,953,945,938,930,922,914,906,897,888,879,870,861,851,842,832,822,812,802,791,781,770,760,749,738,727,716,705,694,682,671,660,649,637,626,614,616,621,630,642,657,674,694,716,739,764,788,813,838,861,883,902,920,935,947,956,963,963,963,963,963,963,963,964,964,965,965,966,966,967,968,969,970,971,972,973,974,975,976,977,978,980,981,982,984,985,986,988,989,990,992,993,995,996,998,999,1000,1002,1003,1004,1006,1007,1008,1009,1011,1012,1013,1014,1015,1016,1017,1018,1019,1019,1020,1021,1021,1022,1022,1023,1023,1023,1024,1024,1024,1024,1024,1024,1024,1024,1024,1024,1024,1024,1024,1024,1024,1024,1024,1024,1024,1024,1024,1024,1024,1024,1024,1024,1024,1024,1024,1024,1024,1024,1024,1024,1024,1024,1024,1024,1024,1024,1024,1024,1024,1024,1024,1024,1024,1024,1024,1024,1024,1024,1024,1024,1024,1024,1024,1024,1024,1024,1024,1024,1024,1024,1024,1024,1024,1024,1024,1024,1024,1024,1024,1024,1024,1024,1024,1024,1024,1024,1024,1024,1024,1024,1024,1024,1024,1024,1024,1024,1024,1024,1024,1024,1024,1024,1024,1024,1024,1024,1024,1024,1024,1024,1024,1024,1024,1024,1024,1024,1024,1024,1024,1024,1024,1024,1024,1024,1024,1024,1024,1024,1024,1024,1024,1024,1024,1024,1024,1024,1024,1024,1024,1024,1024,1024,1024,1024,1024,1024,1024,1024,1024,1024,1024,1024,1024,1024,1024,1024,1024,1024,1024,1024,1024,1024,1024,1024,1024,1024,1024,1024,1024,1024,1024,1024,1024,1023,1023,1023,1023,1023,1023,1023,1023,1023,1022,1022,1022,1022,1022,1022,1021,1021,1021,1021,1021,1020,1020,1020,1020,1020,1019,1019,1019,1019,1018,1018,1018,1018,1017,1017,1017,1016,1016,1016,1016,1015,1015,1015,1015,1014,1014,1014,1014,1013,1013,1013,1013,1012,1012,1012,1012,1012,1011,1011,1011,1011,1011,1010,1010,1010,1010,1010,1009,1009,1009,1009,1009,1008,1008,1008,1008,1008,1007,1007,1007,1007,1007,1007,1007,1006,1006,1006,1006,1006,1006,1006,1005,1005,1005,1005,1005,1005,1005,1005,1005,1004,1004,1004,1004,1004,1004,1004,1004,1004,1004,1004,1004,1004,1004,1004,1004,1004,1004,1004,1004,1004,1004,1004,1004,1004,1004,1004,1004,1004,1004,1004,1004,1004,1004,1005,1005,1005,1005,1005,1005,1006,1006,1006,1006,1007,1007,1007,1007,1008,1008,1008,1009,1009,1009,1009,1010,1010,1010,1011,1011,1012,1012,1012,1013,1013,1013,1014,1014,1014,1015,1015,1016,1016,1016,1017,1017,1017,1018,1018,1019,1019,1019,1020,1020,1020,1021,1021,1021,1022,1022,1022,1023,1023,1023,1024,1024,1024,1025,1025,1025,1026,1026,1026,1026,1026,1027,1027,1027,1027,1028,1028,1028,1028,1028,1028,1028,1029,1029,1029,1029,1029,1029,1029,1029,1029,1029,1029,1029,1029,1028,1028,1028,1028,1027,1027,1027,1027,1026,1026,1026,1026,1025,1025,1025,1025,1024

lead:aVR
count:700
points:1024,1024,1024,1024,1024,1024,1024,1024,1024,1024,1024,1024,1024,1024,1024,1024,1024,1024,1024,1024,1024,1024,1024,1024,1024,1024,1024,1024,1024,1024,1024,1024,1024,1024,1024,1024,1024,1024,1024,1024,1024,1024,1024,1024,1024,1024,1024,1024,1024,1024,1024,1024,1024,1024,1024,1024,1024,1024,1024,1024,1024,1024,1024,1024,1024,1024,1024,1024,1024,1024,1024,1024,1024,1024,1024,1024,1024,1024,1024,1024,1024,1024,1024,1024,1024,1024,1024,1024,1024,1024,1024,1024,1024,1024,1024,1024,1024,1024,1024,1024,1024,1024,1024,1024,1024,1023,1023,1022,1022,1021,1020,1019,1018,1017,1012,1010,1009,1007,1005,1004,1002,1000,999,997,996,994,993,992,990,989,988,987,986,986,985,984,984,984,983,983,983,983,984,985,986,987,989,991,993,996,999,1003,1006,1010,1014,1018,1023,1028,1033,1038,1043,1049,1055,1061,1067,1073,1079,1085,1091,1098,1104,1110,1116,1123,1129,1135,1141,1147,1153,1159,1164,1170,1175,1180,1185,1189,1194,1198,1202,1205,1208,1211,1214,1217,1219,1221,1222,1223,1224,1224,1225,1225,1224,1224,1223,1222,1221,1220,1218,1216,1215,1213,1210,1208,1206,1203,1200,1198,1195,1192,1189,1183,1183,1181,1179,1176,1174,1172,1169,1167,1165,1162,1160,1157,1155,1153,1150,1148,1146,1143,1141,1139,1136,1134,1132,1129,1127,1125,1122,1120,1118,1115,1113,1111,1108,1106,1104,1101,1099,1097,1094,1092,1090,1087,1085,1083,1080,1078,1076,1073,1071,1068,1066,1064,1061,1059,1057,1054,1052,1050,1047,1045,1043,1040,1038,1036,1033,1031,1029,1026,1024,1024,1024,1024,1024,1024,1024,1024,1024,1024,1024,1024,1024,1024,1024,1024,1024,1024,1024,1024,1024,1024,1024,1024,1024,1024,1024,1024,1024,1024,1024,1024,1024,1024,1024,1024,1024,1024,1024,1024,1024,1024,1024,1024,1024,1024,1024,1024,1024,1024,1024,1024,1024,1024,1024,1024,1024,1024,1024,1024,1024,1024,1024,1024,1024,1024,1024,1024,1024,1024,1024,1024,1024,1024,1024,1024,1024,1024,1024,1024,1024,1024,1024,1024,1024,1024,1024,1024,1024,1024,1024,1024,1024,1024,1024,1024,1024,1024,1024,1024,1024,1024,1024,1024,1024,1024,1024,1024,1024,1024,1024,1024,1024,1024,1024,1024,1024,1024,1024,1024,1024,1024,1024,1024,1024,1024,1024,1024,1024,1024,1024,1024,1024,1024,1024,1024,1024,1024,1024,1024,1024,1024,1024,1024,1024,1024,1024,1024,1024,1024,1024,1024,1024,1024,1024,1024,1024,1023,1023,1023,1022,1022,1021,1021,1020,1020,1019,1018,1017,1017,1016,1015,1014,1013,1012,1011,1010,1008,1007,1006,1005,1003,1002,1000,999,998,996,994,993,991,990,988,986,985,983,981,979,978,976,974,972,970,968,966,965,963,961,959,957,955,953,951,948,946,943,940,938,935,933,931,928,926,923,921,918,916,914,911,909,906,904,902,900,897,895,893,891,889,887,885,882,880,879,877,875,873,871,869,867,866,864,862,861,859,858,856,855,853,852,851,849,848,847,846,845,844,843,842,841,840,840,839,838,838,837,837,836,836,835,835,835,835,834,834,834,834,835,835,835,835,836,836,837,838,838,839,840,841,842,843,845,846,847,849,850,852,854,855,857,859,861,863,865,867,869,871,873,876,878,880,883,885,888,890,893,895,898,900,903,906,908,911,914,917,919,922,925,928,930,933,936,939,941,944,947,950,952,955,958,960,963,965,968,970,973,975,978,980,982,984,987,989,991,993,995,997,998,1000,1002,1004,1005,1007,1008,1009,1011,1012,1013,1014,1015,1016,1017,1018,1018,1019,1020,1020,1020,1021,1021,1021,1021,1021,1021,1021,1022,1022,1022,1022,1022,1022,1023,1023,1023,1023,1023,1023,1023,1024,1024,1024

lead:aVL
count:700
points:1024,1024,1024,1024,1024,1024,1024,1024,1024,1024,1024,1024,1024,1024,1024,1024,1024,1024,1024,1024,1024,1024,1024,1024,1024,1024,1024,1024,1024,1024,1024,1024,1024,1024,1024,1024,1024,1024,1024,1024,1024,1024,1024,1024,1024,1024,1024,1024,1024,1024,1024,1024,1024,1024,1024,1024,1024,1024,1024,1024,1024,1024,1024,1024,1024,1024,1024,1024,1024,1024,1024,1024,1024,1024,1024,1024,1024,1024,1024,1024,1024,1024,1024,1024,1024,1024,1024,1024,1024,1024,1024,1024,1024,1024,1024,1024,1024,1024,1024,1024,1024,1024,1024,1024,1024,1023,1023,1023,1022,1022,1021,1020,1020,1019,1018,1018,1018,1018,1018,1018,1018,1017,1017,1017,1017,1016,1016,1016,1016,1015,1015,1015,1014,1014,1014,1014,1014,1014,1013,1013,1013,1014,1014,1015,1016,1018,1019,1022,1024,1027,1030,1033,1037,1041,1045,1050,1054,1059,1064,1070,1075,1081,1087,1093,1099,1105,1111,1118,1124,1130,1137,1143,1150,1156,1163,1169,1175,1181,1187,1193,1199,1204,1210,1215,1220,1224,1229,1233,1237,1241,1244,1247,1250,1252,1254,1256,1258,1259,1260,1260,1260,1259,1255,1248,1239,1227,1214,1198,1181,1163,1144,1125,1106,1087,1069,1052,1037,1023,1011,1002,995,990,990,990,990,990,990,990,991,991,991,991,992,992,992,993,993,994,994,995,995,996,997,997,998,999,999,1000,1001,1002,1002,1003,1004,1005,1005,1006,1007,1008,1009,1009,1010,1011,1012,1012,1013,1014,1015,1015,1016,1017,1017,1018,1018,1019,1020,1020,1021,1021,1021,1022,1022,1023,1023,1023,1023,1024,1024,1024,1024,1024,1024,1024,1024,1024,1024,1024,1024,1024,1024,1024,1024,1024,1024,1024,1024,1024,1024,1024,1024,1024,1024,1024,1024,1024,1024,1024,1024,1024,1024,1024,1024,1024,1024,1024,1024,1024,1024,1024,1024,1024,1024,1024,1024,1024,1024,1024,1024,1024,1024,1024,1024,1024,1024,1024,1024,1024,1024,1024,1024,1024,1024,1024,1024,1024,1024,1024,1024,1024,1024,1024,1024,1024,1024,1024,1024,1024,1024,1024,1024,1024,1024,1024,1024,1024,1024,1024,1024,1024,1024,1024,1024,1024,1024,1024,1024,1024,1024,1024,1024,1024,1024,1024,1024,1024,1024,1024,1024,1024,1024,1024,1024,1024,1024,1024,1024,1024,1024,1024,1024,1024,1024,1024,1024,1024,1024,1024,1024,1024,1024,1024,1024,1024,1024,1024,1024,1024,1024,1024,1024,1024,1024,1024,1024,1024,1024,1024,1024,1024,1024,1024,1024,1024,1024,1024,1024,1024,1024,1024,1024,1024,1024,1025,1025,1025,1025,1025,1025,1026,1026,1026,1026,1026,1027,1027,1027,1028,1028,1028,1028,1029,1029,1029,1030,1030,1031,1031,1031,1032,1032,1033,1033,1034,1034,1034,1035,1035,1036,1036,1037,1037,1038,1038,1039,1039,1040,1040,1041,1041,1042,1042,1043,1044,1046,1047,1049,1051,1052,1054,1055,1057,1058,1060,1061,1063,1064,1066,1067,1069,1070,1072,1073,1074,1076,1077,1078,1080,1081,1082,1084,1085,1086,1088,1089,1090,1091,1092,1093,1095,1096,1097,1098,1099,1100,1101,1102,1103,1103,1104,1105,1106,1107,1107,1108,1109,1110,1110,1111,1111,1112,1112,1113,1113,1114,1114,1114,1115,1115,1115,1115,1116,1116,1116,1116,1116,1116,1116,1116,1116,1116,1116,1115,1115,1115,1114,1114,1114,1113,1113,1112,1111,1111,1110,1109,1109,1108,1107,1106,1105,1105,1104,1103,1102,1101,1100,1098,1097,1096,1095,1094,1093,1091,1090,1089,1088,1086,1085,1084,1082,1081,1080,1078,1077,1076,1074,1073,1071,1070,1069,1067,1066,1064,1063,1062,1060,1059,1057,1056,1055,1053,1052,1051,1049,1048,1047,1046,1044,1043,1042,1041,1040,1039,1038,1036,1035,1034,1033,1033,1032,1031,1030,1029,1028,1028,1027,1026,1026,1025,1025,1024,1024,1023,1023,1022,1022,1022,1022,1021,1021,1021,1021,1021,1021,1021,1021,1022,1022,1022,1022,1022,1022,1023,1023,1023,1023,1023,1023,1023,1024,1024,1024

lead:aVF
count:700
points:1024,1024,1024,1024,1024,1024,1024,1024,1024,1024,1024,1024,1024,1024,1024,1024,1024,1024,1024,1024,1024,1024,1024,1024,1024,1024,1024,1024,1024,1024,1024,1024,1024,1024,1024,1024,1024,1024,1024,1024,1024,1024,1024,1024,1024,1024,1024,1024,1024,1024,1024,1024,1024,1024,1024,1024,1024,1024,1024,1024,1024,1024,1024,1024,1024,1024,1024,1024,1024,1024,1024,1024,1024,1024,1024,1024,1024,1024,1024,1024,1024,1024,1024,1024,1024,1024,1024,1024,1024,1024,1024,1024,1024,1024,1024,1024,1024,1024,1024,1024,1024,1024,1024,1024,1024,1024,1024,1024,1025,1025,1026,1027,1028,1029,1031,1032,1032,1033,1035,1037,1039,1042,1045,1048,1051,1055,1059,1062,1066,1070,1073,1077,1080,1083,1086,1088,1090,1092,1093,1093,1094,1093,1093,1092,1091,1089,1087,1084,1082,1079,1075,1071,1067,1062,1058,1052,1047,1041,1034,1028,1021,1014,1006,998,990,981,973,964,954,945,935,924,914,903,892,881,870,858,847,835,822,810,797,785,772,759,745,732,719,705,691,678,664,650,636,622,608,594,579,565,551,553,558,566,577,591,608,626,647,669,691,715,738,761,783,803,822,838,852,864,872,878,878,878,879,879,880,880,881,882,883,885,886,888,889,891,893,895,897,900,902,905,907,910,913,916,919,922,925,928,931,935,938,941,944,948,951,955,958,961,965,968,971,974,977,981,984,987,990,992,995,998,1000,1003,1005,1007,1009,1011,1013,1015,1016,1018,1019,1020,1021,1022,1023,1023,1024,1024,1024,1024,1024,1024,1024,1024,1024,1024,1024,1024,1024,1024,1024,1024,1024,1024,1024,1024,1024,1024,1024,1024,1024,1024,1024,1024,1024,1024,1024,1024,1024,1024,1024,1024,1024,1024,1024,1024,1024,1024,1024,1024,1024,1024,1024,1024,1024,1024,1024,1024,1024,1024,1024,1024,1024,1024,1024,1024,1024,1024,1024,1024,1024,1024,1024,1024,1024,1024,1024,1024,1024,1024,1024,1024,1024,1024,1024,1024,1024,1024,1024,1024,1024,1024,1024,1024,1024,1024,1024,1024,1024,1024,1024,1024,1024,1024,1024,1024,1024,1024,1024,1024,1024,1024,1024,1024,1024,1024,1024,1024,1024,1024,1024,1024,1024,1024,1024,1024,1024,1024,1024,1024,1024,1024,1024,1024,1024,1024,1024,1024,1024,1024,1024,1024,1024,1024,1024,1024,1024,1024,1024,1024,1024,1024,1024,1024,1024,1024,1024,1024,1024,1024,1024,1024,1024,1024,1024,1024,1024,1024,1025,1025,1025,1025,1025,1026,1026,1026,1026,1027,1027,1027,1028,1028,1029,1029,1029,1030,1030,1031,1031,1032,1032,1033,1033,1034,1035,1035,1036,1036,1037,1038,1038,1039,1039,1040,1041,1041,1042,1043,1043,1044,1045,1046,1046,1047,1048,1048,1049,1050,1051,1052,1053,1055,1056,1058,1059,1060,1062,1063,1064,1066,1067,1069,1070,1071,1073,1074,1075,1076,1078,1079,1080,1081,1083,1084,1085,1086,1087,1089,1090,1091,1092,1093,1094,1095,1096,1097,1098,1099,1100,1101,1102,1103,1104,1104,1105,1106,1107,1107,1108,1109,1109,1110,1111,1111,1112,1112,1113,1113,1114,1114,1114,1115,1115,1115,1115,1116,1116,1116,1116,1116,1116,1116,1116,1116,1116,1116,1116,1116,1116,1116,1115,1115,1115,1114,1114,1113,1113,1112,1112,1111,1110,1110,1109,1108,1108,1107,1106,1105,1104,1103,1102,1101,1100,1099,1098,1097,1096,1095,1094,1093,1092,1091,1089,1088,1087,1086,1085,1083,1082,1081,1080,1078,1077,1076,1074,1073,1072,1071,1069,1068,1067,1066,1064,1063,1062,1061,1059,1058,1057,1056,1055,1053,1052,1051,1050,1049,1048,1047,1046,1045,1044,1043,1042,1041,1040,1040,1039,1038,1037,1037,1036,1035,1035,1034,1034,1033,1033,1032,1032,1031,1031,1031,1031,1030,1030,1030,1030,1030,1030,1030,1029,1029,1029,1028,1028,1028,1028,1027,1027,1027,1026,1026,1026,1025,1025,1025,1025,1024

lead:V1
count:700
points:1024,1024,1024,1024,1024,1024,1024,1024,1024,1024,1024,1024,1024,1024,1024,1024,1024,1024,1024,1024,1024,1024,1024,1024,1024,1024,1024,1024,1024,1024,1024,1024,1024,1024,1024,1024,1024,1024,1024,1024,1024,1024,1024,1024,1024,1024,1024,1024,1024,1024,1024,1024,1024,1024,1024,1024,1024,1024,1024,1024,1024,1024,1024,1024,1024,1024,1024,1024,1024,1024,1024,1024,1024,1024,1024,1024,1024,1024,1024,1024,1024,1024,1024,1024,1024,1024,1024,1024,1024,1024,1024,1024,1024,1024,1024,1024,1024,1024,1024,1024,1024,1023,1023,1022,1021,1021,1020,1019,1019,1018,1017,1017,1016,1015,1015,1015,1014,1014,1014,1014,1014,1013,1013,1012,1012,1011,1011,1010,1009,1009,1008,1007,1006,1005,1004,1004,1003,1002,1001,1000,999,999,1000,1000,1002,1003,1005,1007,1009,1012,1015,1018,1022,1026,1030,1034,1039,1043,1048,1054,1059,1064,1070,1076,1082,1088,1094,1100,1106,1113,1119,1125,1131,1138,1144,1150,1156,1162,1168,1173,1179,1184,1189,1194,1199,1204,1208,1212,1216,1220,1223,1226,1229,1231,1233,1235,1236,1237,1238,1239,1239,1239,1239,1239,1240,1240,1241,1242,1243,1245,1247,1253,1259,1262,1263,1265,1265,1266,1267,1267,1268,1268,1268,1268,1267,1267,1266,1264,1263,1261,1259,1257,1254,1252,1249,1246,1242,1239,1235,1231,1226,1222,1217,1213,1208,1203,1197,1192,1187,1181,1176,1170,1164,1158,1152,1147,1141,1135,1129,1123,1117,1112,1106,1100,1095,1089,1084,1079,1074,1069,1064,1060,1055,1051,1047,1043,1039,1036,1033,1030,1027,1025,1022,1020,1019,1017,1016,1015,1014,1014,1014,1014,1013,1013,1013,1013,1013,1013,1013,1012,1012,1012,1012,1012,1012,1012,1012,1011,1011,1011,1011,1011,1011,1011,1011,1010,1010,1010,1010,1010,1010,1010,1009,1009,1009,1009,1009,1009,1009,1009,1008,1008,1008,1008,1008,1008,1008,1007,1007,1007,1007,1007,1007,1007,1007,1006,1006,1006,1006,1006,1006,1006,1005,1005,1005,1005,1005,1005,1005,1005,1004,1004,1004,1004,1004,1004,1004,1004,1003,1003,1003,1003,1003,1003,1003,1002,1002,1002,1002,1002,1002,1002,1002,1001,1001,1001,1001,1001,1001,1001,1000,1000,1000,1000,1000,1000,1000,1000,999,999,999,999,999,999,999,998,998,998,998,998,998,998,998,997,997,997,997,997,997,997,996,996,996,996,996,996,996,996,995,995,995,995,995,995,995,995,994,994,994,994,994,994,994,994,993,993,993,993,993,992,992,992,991,991,990,990,989,988,988,987,986,985,985,984,983,982,981,980,979,979,978,977,976,975,974,973,972,971,970,970,969,968,967,967,966,965,964,964,963,963,962,962,961,961,961,960,960,960,960,960,960,960,959,959,958,958,957,955,954,953,951,949,947,945,942,940,937,935,932,929,925,922,919,915,912,908,904,900,896,892,888,884,880,876,871,867,863,858,854,850,846,841,837,833,829,825,821,817,813,809,805,802,798,795,791,788,785,782,780,777,774,772,770,768,766,764,763,762,760,759,759,758,757,757,757,757,757,758,758,759,759,760,761,762,763,765,766,768,769,771,773,775,777,780,782,784,787,790,792,795,798,801,804,808,811,814,818,821,825,828,832,836,840,844,848,852,856,860,864,868,872,877,881,885,889,894,898,902,907,911,915,920,924,928,932,937,941,945,949,953,957,961,965,969,973,976,980,984,987,991,994,997,1000,1004,1007,1010,1012,1015,1018,1020,1023,1025,1027,1030,1032,1034,1035,1037,1039,1040,1041,1043,1044,1045,1045,1046,1047,1047,1047,1048,1048,1046,1045,1044,1043,1042,1041,1039,1038,1037,1036,1035,1033,1032,1031,1030,1029,1028,1026,1024

lead:V2
count:700
points:1024,1024,1024,1024,1024,1024,1024,1024,1024,1024,1024,1024,1024,1024,1024,1024,1024,1024,1024,1024,1024,1024,1024,1024,1024,1024,1024,1024,1024,1024,1024,1024,1024,1024,1024,1024,1024,1024,1024,1024,1024,1024,1024,1024,1024,1024,1024,1024,1024,1024,1024,1024,1024,1024,1024,1024,1024,1024,1024,1024,1024,1024,1024,1024,1024,1024,1024,1024,1024,1024,1024,1024,1024,1024,1024,1024,1024,1024,1024,1024,1024,1024,1024,1024,1024,1024,1024,1024,1024,1024,1024,1024,1024,1024,1024,1024,1024,1024,1024,1024,1024,1024,1024,1024,1024,1024,1024,1024,1025,1025,1025,1026,1027,1028,1029,1028,1027,1026,1025,1024,1023,1022,1021,1020,1019,1018,1017,1016,1015,1014,1013,1012,1011,1010,1009,1008,1007,1006,1005,1005,1004,1004,1004,1005,1006,1007,1009,1011,1013,1016,1019,1022,1025,1029,1033,1037,1042,1046,1052,1057,1063,1068,1075,1081,1088,1095,1102,1109,1117,1124,1132,1141,1149,1158,1167,1176,1185,1194,1204,1214,1224,1234,1244,1254,1265,1275,1286,1297,1308,1319,1330,1341,1352,1364,1375,1386,1398,1409,1421,1432,1444,1443,1439,1432,1424,1413,1400,1385,1369,1352,1334,1316,1298,1280,1263,1247,1232,1219,1208,1199,1193,1188,1188,1188,1187,1187,1186,1185,1184,1183,1182,1180,1178,1177,1174,1172,1170,1167,1164,1162,1159,1155,1152,1149,1145,1142,1138,1134,1131,1127,1123,1119,1115,1111,1107,1102,1098,1094,1090,1086,1082,1078,1074,1070,1066,1062,1058,1055,1051,1048,1044,1041,1038,1035,1032,1029,1027,1024,1022,1020,1018,1016,1015,1013,1012,1011,1010,1009,1009,1009,1009,1009,1009,1009,1009,1008,1008,1008,1008,1008,1008,1008,1008,1008,1008,1008,1008,1008,1008,1008,1008,1008,1008,1008,1008,1008,1008,1008,1008,1008,1008,1008,1008,1008,1007,1007,1007,1007,1007,1007,1007,1007,1007,1007,1007,1007,1007,1007,1007,1007,1007,1007,1007,1007,1007,1007,1007,1007,1007,1007,1007,1007,1007,1007,1006,1006,1006,1006,1006,1006,1006,1006,1006,1006,1006,1006,1006,1006,1006,1006,1006,1006,1006,1006,1006,1006,1006,1006,1006,1006,1006,1006,1006,1006,1005,1005,1005,1005,1005,1005,1005,1005,1005,1005,1005,1005,1005,1005,1005,1005,1005,1005,1005,1005,1005,1005,1005,1005,1005,1005,1005,1005,1005,1004,1004,1004,1004,1004,1004,1004,1004,1004,1004,1004,1004,1004,1004,1004,1004,1004,1004,1004,1004,1004,1004,1004,1004,1004,1004,1004,1004,1004,1004,1003,1003,1003,1003,1003,1003,1002,1002,1002,1001,1001,1000,1000,999,999,998,997,997,996,995,995,994,993,992,991,991,990,989,988,987,986,986,985,984,983,982,982,981,980,980,979,978,978,977,976,976,975,975,975,974,974,974,973,973,973,973,973,973,973,973,972,972,971,971,970,969,968,967,966,965,963,962,960,959,957,955,953,951,949,947,945,942,940,938,935,933,930,928,925,922,920,917,914,912,909,906,903,901,898,895,893,890,887,885,882,880,878,875,873,871,869,867,865,863,861,859,857,856,854,853,852,850,849,848,848,847,846,846,845,845,845,845,845,845,845,846,846,846,847,848,848,849,850,851,852,853,855,856,858,859,861,862,864,866,868,870,872,874,876,878,880,883,885,888,890,893,895,898,900,903,906,909,912,914,917,920,923,926,929,932,935,938,941,944,947,950,953,956,959,962,965,968,971,974,977,980,983,986,988,991,994,997,999,1002,1004,1007,1009,1012,1014,1016,1019,1021,1023,1025,1027,1029,1030,1032,1034,1035,1037,1038,1040,1041,1042,1043,1044,1045,1046,1047,1047,1048,1048,1049,1049,1049,1050,1050,1048,1047,1046,1044,1043,1042,1041,1039,1038,1037,1036,1034,1033,1032,1030,1029,1028,1027,1024

lead:V3
count:700
points:1024,1024,1024,1024,1024,1024,1024,1024,1024,1024,1024,1024,1024,1024,1024,1024,1024,1024,1024,1024,1024,1024,1024,1024,1024,1024,1024,1024,1024,1024,1024,1024,1024,1024,1024,1024,1024,1024,1024,1024,1024,1024,1024,1024,1024,1024,1024,1024,1024,1024,1024,1024,1024,1024,1024,1024,1024,1024,1024,1024,1024,1024,1024,1024,1024,1024,1024,1024,1024,1024,1024,1024,1024,1024,1024,1024,1024,1024,1024,1024,1024,1024,1024,1024,1024,1024,1024,1024,1024,1024,1024,1024,1024,1024,1024,1024,1024,1024,1024,1024,1024,1024,1024,1024,1024,1024,1025,1025,1027,1028,1030,1033,1037,1042,1048,1062,1075,1088,1102,1115,1128,1140,1152,1164,1175,1186,1197,1207,1216,1225,1233,1240,1247,1253,1258,1262,1266,1269,1271,1272,1272,1272,1271,1270,1268,1266,1264,1260,1257,1253,1248,1244,1238,1233,1226,1220,1213,1206,1199,1191,1183,1175,1166,1158,1149,1140,1131,1122,1112,1103,1094,1084,1075,1066,1057,1047,1039,1030,1021,1013,1004,996,989,981,974,967,961,955,949,944,939,935,931,927,924,921,919,917,916,915,915,915,915,915,915,915,916,916,917,918,920,925,930,932,933,934,934,935,935,935,935,935,935,935,935,935,935,936,936,937,937,938,939,939,940,941,942,943,944,945,946,948,949,950,952,953,955,956,958,959,961,962,964,965,967,969,970,972,974,975,977,978,980,982,983,985,986,988,989,990,992,993,994,995,997,998,999,1000,1001,1001,1002,1003,1004,1004,1005,1005,1005,1006,1006,1006,1006,1006,1006,1006,1006,1006,1006,1006,1006,1006,1006,1006,1006,1005,1005,1005,1005,1005,1005,1005,1005,1005,1005,1005,1005,1005,1005,1005,1005,1005,1005,1005,1005,1005,1005,1005,1005,1005,1005,1005,1005,1005,1005,1005,1005,1004,1004,1004,1004,1004,1004,1004,1004,1004,1004,1004,1004,1004,1004,1004,1004,1004,1004,1004,1004,1004,1004,1004,1004,1004,1004,1004,1004,1004,1004,1004,1004,1004,1003,1003,1003,1003,1003,1003,1003,1003,1003,1003,1003,1003,1003,1003,1003,1003,1003,1003,1003,1003,1003,1003,1003,1003,1003,1003,1003,1003,1003,1003,1003,1003,1002,1002,1002,1002,1002,1002,1002,1002,1002,1002,1002,1002,1002,1002,1002,1002,1002,1002,1002,1002,1002,1002,1002,1002,1002,1002,1002,1002,1002,1002,1002,1002,1001,1001,1001,1001,1001,1001,1001,1001,1001,1001,1001,1001,1001,1001,1001,1001,1001,1001,1001,1000,1000,1000,1000,1000,999,999,999,999,998,998,998,997,997,997,996,996,996,995,995,995,994,994,994,993,993,993,992,992,992,991,991,991,991,990,990,990,990,989,989,989,989,989,989,989,988,988,988,988,988,988,988,988,988,988,988,988,987,987,987,987,986,986,986,985,985,985,984,984,983,983,982,982,981,981,980,980,979,979,978,978,977,976,976,975,974,974,973,973,972,971,971,970,970,969,968,968,967,967,966,966,965,965,964,964,963,963,963,962,962,962,961,961,961,960,960,960,960,960,960,960,959,959,959,959,959,959,959,959,960,960,960,960,960,960,960,960,961,961,961,962,962,962,963,963,964,965,965,966,967,968,969,970,971,972,974,975,976,978,980,981,983,985,987,989,992,994,996,999,1002,1004,1007,1010,1014,1017,1020,1024,1028,1031,1034,1038,1041,1044,1046,1049,1052,1054,1056,1059,1061,1063,1065,1067,1068,1070,1072,1073,1074,1076,1077,1078,1079,1080,1081,1082,1083,1083,1084,1085,1085,1086,1086,1087,1087,1087,1087,1088,1088,1088,1088,1088,1088,1088,1089,1089,1089,1089,1089,1089,1089,1088,1088,1087,1085,1084,1082,1079,1076,1073,1070,1066,1062,1058,1053,1049,1044,1039,1034,1024

lead:V4
count:700
points:1024,1024,1024,1024,1024,1025,1025,1025,1025,1025,1025,1025,1025,1025,1026,1026,1026,1026,1026,1026,1026,1026,1027,1027,1027,1027,1027,1027,1027,1027,1027,1028,1028,1028,1028,1028,1028,1028,1028,1028,1029,1029,1029,1029,1029,1029,1029,1029,1029,1030,1030,1030,1030,1030,1030,1030,1030,1030,1031,1031,1031,1031,1031,1031,1031,1031,1032,1032,1032,1032,1032,1032,1032,1032,1032,1033,1033,1033,1033,1033,1033,1033,1033,1033,1034,1034,1034,1034,1034,1034,1034,1034,1034,1034,1035,1036,1037,1039,1043,1048,1055,1056,1057,1060,1063,1067,1072,1078,1084,1092,1100,1109,1118,1128,1138,1149,1161,1172,1184,1196,1208,1220,1231,1243,1255,1266,1277,1287,1297,1306,1315,1323,1331,1337,1343,1348,1352,1356,1358,1359,1360,1359,1358,1355,1352,1348,1343,1337,1330,1322,1313,1303,1293,1282,1270,1258,1244,1230,1216,1201,1185,1169,1153,1136,1119,1101,1083,1065,1047,1029,1011,992,974,956,938,920,903,885,869,852,836,820,805,791,777,764,751,739,728,718,708,700,692,685,679,673,669,666,663,662,661,662,662,663,663,665,666,668,670,672,674,677,680,683,686,690,694,698,702,706,711,716,721,726,732,738,743,749,756,762,769,775,782,789,796,803,811,818,826,833,841,849,857,865,873,881,889,897,905,921,921,928,935,941,947,953,958,963,968,973,978,982,986,990,994,997,1000,1003,1006,1009,1012,1014,1016,1018,1020,1022,1024,1025,1027,1028,1029,1030,1031,1032,1033,1034,1034,1035,1035,1035,1036,1036,1036,1036,1036,1037,1037,1037,1037,1037,1037,1036,1036,1036,1036,1035,1035,1035,1035,1034,1034,1034,1034,1033,1033,1033,1033,1033,1032,1032,1032,1032,1031,1031,1031,1031,1030,1030,1030,1030,1029,1029,1029,1029,1028,1028,1028,1028,1027,1027,1027,1027,1026,1026,1026,1026,1026,1025,1025,1025,1025,1024,1024,1024,1024,1023,1023,1023,1023,1022,1022,1022,1022,1021,1021,1021,1021,1020,1020,1020,1020,1019,1019,1019,1019,1019,1018,1018,1018,1018,1017,1017,1017,1017,1016,1016,1016,1016,1015,1015,1015,1015,1014,1014,1014,1014,1013,1013,1013,1013,1012,1012,1012,1012,1011,1011,1011,1011,1011,1010,1010,1010,1010,1009,1009,1009,1009,1008,1008,1008,1008,1007,1007,1007,1007,1006,1006,1006,1006,1005,1005,1005,1005,1004,1004,1004,1004,1004,1003,1003,1003,1003,1002,1002,1002,1002,1003,1003,1003,1003,1003,1004,1004,1004,1005,1005,1005,1006,1006,1007,1007,1008,1009,1009,1010,1010,1011,1012,1013,1013,1014,1015,1016,1017,1018,1018,1019,1020,1021,1022,1023,1024,1025,1026,1027,1028,1030,1031,1032,1033,1034,1035,1036,1037,1039,1040,1041,1042,1043,1044,1046,1050,1055,1060,1065,1070,1074,1079,1084,1088,1093,1098,1102,1107,1112,1116,1121,1125,1130,1134,1139,1143,1147,1151,1156,1160,1164,1168,1172,1176,1180,1184,1187,1191,1195,1198,1202,1205,1208,1212,1215,1218,1221,1224,1227,1230,1233,1235,1238,1240,1243,1245,1247,1249,1251,1253,1255,1257,1258,1260,1261,1263,1264,1265,1266,1267,1268,1269,1269,1270,1270,1271,1271,1271,1271,1271,1271,1271,1270,1270,1269,1269,1268,1267,1266,1265,1263,1262,1261,1259,1257,1256,1254,1252,1250,1248,1246,1243,1241,1238,1236,1233,1231,1228,1225,1222,1219,1216,1213,1210,1207,1203,1200,1197,1193,1190,1186,1183,1179,1176,1172,1168,1165,1161,1157,1154,1150,1146,1143,1139,1135,1132,1128,1124,1121,1117,1113,1110,1106,1103,1099,1096,1093,1089,1086,1083,1080,1077,1074,1071,1068,1065,1062,1059,1057,1054,1052,1049,1047,1045,1043,1041,1039,1037,1035,1034,1032,1031,1029,1028,1027,1026,1025,1024,1024,1023,1022,1022,1022,1022,1022,1022,1022,1022,1022,1022,1022,1022,1023,1023,1023,1023,1023,1023,1023,1023,1024,1024,1024,1024

lead:V5
count:700
points:1024,1024,1024,1024,1024,1024,1024,1024,1024,1024,1024,1024,1024,1024,1024,1024,1024,1024,1024,1024,1024,1024,1024,1024,1024,1024,1024,1024,1024,1024,1024,1024,1024,1024,1024,1024,1024,1024,1024,1024,1024,1024,1024,1024,1024,1024,1024,1024,1024,1024,1024,1024,1024,1024,1024,1024,1024,1024,1024,1024,1024,1024,1024,1024,1024,1024,1024,1024,1024,1024,1024,1024,1024,1024,1024,1024,1024,1024,1024,1024,1024,1024,1024,1024,1024,1024,1024,1024,1024,1024,1024,1024,1024,1024,1025,1025,1027,1029,1033,1038,1046,1046,1048,1050,1054,1059,1064,1071,1078,1086,1095,1105,1116,1127,1138,1150,1163,1176,1189,1202,1215,1229,1242,1255,1268,1280,1292,1304,1315,1325,1335,1344,1352,1360,1366,1372,1377,1380,1383,1384,1385,1385,1384,1382,1380,1377,1374,1370,1365,1360,1354,1348,1341,1333,1325,1316,1307,1297,1286,1275,1264,1252,1239,1226,1212,1198,1183,1168,1152,1136,1120,1103,1086,1068,1050,1031,1012,993,973,953,933,912,891,870,848,826,804,782,760,737,714,691,668,645,622,598,575,551,528,504,480,480,481,482,483,485,487,490,493,496,500,504,508,513,518,524,529,536,542,549,556,564,571,579,588,597,606,615,624,634,644,654,665,675,686,697,708,720,731,743,755,767,779,791,803,815,828,840,852,877,877,886,894,901,909,916,922,929,935,941,946,952,957,962,966,970,974,978,982,985,988,991,994,997,999,1001,1003,1005,1007,1008,1010,1011,1012,1013,1014,1015,1016,1016,1017,1017,1018,1018,1018,1019,1019,1019,1019,1019,1019,1019,1019,1019,1019,1019,1019,1018,1018,1018,1018,1018,1018,1018,1018,1018,1018,1018,1018,1017,1017,1017,1017,1017,1017,1017,1017,1017,1017,1017,1017,1016,1016,1016,1016,1016,1016,1016,1016,1016,1016,1016,1015,1015,1015,1015,1015,1015,1015,1015,1015,1015,1015,1015,1014,1014,1014,1014,1014,1014,1014,1014,1014,1014,1014,1014,1013,1013,1013,1013,1013,1013,1013,1013,1013,1013,1013,1012,1012,1012,1012,1012,1012,1012,1012,1012,1012,1012,1012,1011,1011,1011,1011,1011,1011,1011,1011,1011,1011,1011,1011,1010,1010,1010,1010,1010,1010,1010,1010,1010,1010,1010,1009,1009,1009,1009,1009,1009,1009,1009,1009,1009,1009,1009,1008,1008,1008,1008,1008,1008,1008,1008,1008,1008,1008,1007,1007,1007,1007,1007,1007,1007,1007,1007,1007,1007,1007,1007,1007,1007,1007,1008,1008,1008,1009,1009,1010,1010,1011,1011,1012,1012,1013,1014,1015,1016,1016,1017,1018,1019,1020,1021,1022,1024,1025,1026,1027,1028,1030,1031,1033,1034,1036,1037,1039,1040,1042,1044,1045,1047,1049,1051,1053,1055,1057,1059,1061,1063,1065,1067,1069,1072,1074,1080,1086,1091,1097,1103,1109,1115,1121,1126,1132,1138,1144,1149,1155,1160,1166,1172,1177,1182,1188,1193,1198,1204,1209,1214,1219,1224,1229,1234,1238,1243,1248,1252,1257,1261,1265,1269,1274,1278,1282,1285,1289,1293,1296,1300,1303,1306,1309,1312,1315,1318,1321,1323,1326,1328,1331,1333,1335,1337,1338,1340,1342,1343,1344,1345,1346,1347,1348,1349,1349,1350,1350,1350,1350,1350,1350,1350,1349,1349,1348,1347,1346,1345,1344,1342,1341,1339,1337,1335,1333,1331,1328,1326,1323,1321,1318,1315,1312,1309,1306,1302,1299,1295,1292,1288,1284,1281,1277,1273,1269,1264,1260,1256,1252,1247,1243,1238,1234,1229,1225,1220,1215,1211,1206,1201,1197,1192,1187,1183,1178,1173,1169,1164,1159,1155,1150,1146,1141,1137,1133,1128,1124,1120,1116,1112,1108,1104,1100,1096,1092,1089,1085,1082,1078,1075,1072,1069,1066,1063,1061,1058,1056,1053,1051,1049,1047,1045,1044,1042,1041,1039,1038,1037,1036,1035,1035,1034,1034,1034,1034,1033,1033,1032,1032,1031,1031,1030,1030,1029,1029,1028,1028,1027,1027,1026,1026,1025,1025,1024

lead:V6
count:700
points:1024,1024,1024,1024,1024,1024,1024,1024,1024,1024,1024,1024,1024,1024,1024,1024,1024,1024,1024,1024,1024,1024,1024,1024,1024,1024,1024,1024,1024,1024,1024,1024,1024,1024,1024,1024,1024,1024,1024,1024,1024,1024,1024,1024,1024,1024,1024,1024,1024,1024,1024,1024,1024,1024,1024,1024,1024,1024,1024,1024,1024,1024,1024,1024,1024,1024,1024,1024,1024,1024,1024,1024,1024,1024,1024,1024,1024,1024,1024,1024,1024,1024,1024,1024,1024,1024,1024,1024,1024,1024,1024,1024,1024,1024,1025,1025,1027,1029,1032,1037,1044,1052,1059,1066,1073,1080,1088,1095,1101,1108,1115,1122,1128,1135,1141,1147,1153,1159,1164,1170,1175,1180,1185,1189,1194,1198,1202,1205,1209,1212,1215,1217,1220,1222,1224,1225,1227,1228,1228,1229,1229,1229,1228,1227,1226,1224,1222,1219,1216,1213,1209,1205,1200,1195,1190,1184,1178,1172,1165,1158,1151,1143,1135,1126,1117,1108,1099,1089,1079,1069,1058,1047,1036,1024,1012,1000,988,976,963,950,937,924,910,896,883,868,854,840,825,811,796,781,766,751,736,721,706,691,676,660,645,645,646,646,647,648,649,651,652,654,656,659,661,664,667,670,674,677,681,685,689,693,698,703,708,713,718,723,729,734,740,746,752,758,765,771,777,784,791,797,804,811,818,825,832,839,847,854,861,876,876,884,893,901,908,916,923,930,936,942,948,954,959,964,969,973,977,981,985,989,992,995,998,1001,1003,1005,1008,1010,1011,1013,1014,1016,1017,1018,1019,1020,1021,1021,1022,1022,1023,1023,1023,1024,1024,1024,1024,1024,1024,1024,1024,1024,1024,1024,1024,1024,1024,1024,1024,1024,1024,1024,1024,1024,1024,1024,1024,1024,1024,1024,1024,1023,1023,1023,1023,1023,1023,1023,1023,1023,1023,1023,1023,1023,1023,1023,1022,1022,1022,1022,1022,1022,1022,1022,1022,1022,1022,1021,1021,1021,1021,1021,1021,1021,1021,1021,1021,1020,1020,1020,1020,1020,1020,1020,1020,1020,1019,1019,1019,1019,1019,1019,1019,1019,1019,1018,1018,1018,1018,1018,1018,1018,1018,1018,1017,1017,1017,1017,1017,1017,1017,1017,1017,1016,1016,1016,1016,1016,1016,1016,1016,1016,1016,1016,1015,1015,1015,1015,1015,1015,1015,1015,1015,1015,1015,1015,1015,1015,1014,1014,1014,1014,1014,1014,1014,1014,1014,1014,1014,1014,1014,1014,1014,1014,1014,1014,1014,1014,1014,1014,1014,1014,1014,1014,1015,1016,1017,1017,1018,1019,1019,1020,1021,1022,1022,1023,1024,1024,1025,1026,1026,1027,1028,1029,1029,1030,1031,1031,1032,1033,1034,1034,1035,1036,1036,1037,1038,1038,1039,1040,1041,1041,1042,1043,1043,1044,1045,1046,1046,1047,1048,1048,1049,1050,1050,1051,1052,1053,1053,1054,1055,1055,1055,1056,1056,1057,1059,1060,1061,1063,1065,1067,1070,1072,1075,1078,1081,1084,1087,1091,1095,1099,1102,1107,1111,1115,1119,1124,1129,1133,1138,1143,1148,1153,1158,1162,1167,1172,1177,1182,1187,1192,1197,1202,1207,1212,1216,1221,1225,1230,1234,1238,1243,1246,1250,1254,1257,1261,1264,1267,1270,1273,1275,1278,1280,1282,1284,1285,1286,1288,1289,1289,1290,1290,1290,1290,1290,1290,1289,1289,1288,1287,1287,1286,1284,1283,1282,1280,1279,1277,1276,1274,1272,1270,1268,1265,1263,1260,1258,1255,1253,1250,1247,1244,1241,1238,1235,1231,1228,1225,1221,1218,1214,1211,1207,1203,1200,1196,1192,1188,1185,1181,1177,1173,1169,1165,1161,1157,1153,1149,1145,1141,1137,1134,1130,1126,1122,1118,1114,1111,1107,1103,1100,1096,1093,1089,1086,1083,1080,1076,1073,1070,1067,1064,1062,1059,1056,1054,1051,1049,1047,1045,1042,1041,1039,1037,1035,1034,1032,1031,1030,1029,1028,1027,1026,1025,1025,1025,1024,1024,1024,1024,1024,1024,1024,1024,1024,1024,1024,1024,1024,1024,1024,1024,1024,1024,1024,1024,1024,1024

