pathology:incomprbbb
group:conduction
title:Sinus rhythm with incomplete RBBB
name:Синусовый ритм при неполной блокаде правой ножки пучка Гиса
leads:12

lead:I
count:520
points:1024,1024,1024,1025,1025,1026,1026,1027,1028,1029,1030,1032,1033,1034,1036,1038,1039,1041,1043,1045,1047,1049,1051,1053,1055,1057,1059,1061,1064,1066,1068,1070,1071,1073,1075,1077,1078,1080,1082,1083,1084,1085,1086,1087,1088,1089,1090,1090,1090,1090,1091,1090,1090,1090,1090,1089,1088,1087,1086,1085,1084,1083,1082,1080,1078,1077,1075,1073,1071,1070,1068,1066,1064,1061,1059,1057,1055,1053,1051,1049,1047,1045,1043,1041,1039,1038,1036,1034,1033,1032,1030,1029,1028,1027,1026,1026,1025,1025,1024,1024,1024,1024,1024,1024,1024,1024,1024,1024,1024,1024,1024,1024,1024,1024,1024,1024,1024,1024,1024,1024,1024,1024,1024,1024,1024,1024,1024,1024,1024,1024,1024,1024,1023,1023,1023,1023,1022,1022,1022,1021,1021,1020,1020,1019,1018,1017,1016,1015,1014,1012,1011,1009,1008,1004,1004,1001,999,997,995,993,991,989,987,985,983,999,1015,1031,1048,1064,1080,1096,1112,1128,1145,1161,1177,1193,1209,1225,1241,1258,1274,1290,1306,1322,1338,1354,1371,1403,1403,1383,1363,1343,1324,1304,1285,1265,1246,1227,1209,1191,1173,1155,1138,1121,1105,1089,1074,1059,1044,1031,1017,1005,993,981,971,961,951,943,935,927,921,915,910,906,902,900,898,896,896,902,908,915,921,927,933,940,946,952,958,964,971,983,983,986,989,992,995,997,1000,1003,1005,1008,1010,1012,1014,1016,1017,1019,1020,1021,1022,1023,1024,1024,1024,1024,1024,1024,1024,1024,1024,1024,1024,1024,1024,1024,1024,1024,1024,1024,1024,1024,1024,1024,1024,1024,1024,1024,1024,1024,1024,1024,1024,1024,1024,1024,1024,1024,1024,1024,1024,1024,1024,1024,1024,1024,1024,1024,1024,1024,1024,1024,1024,1024,1024,1024,1024,1024,1024,1024,1024,1024,1024,1024,1024,1024,1024,1024,1024,1025,1025,1025,1026,1026,1027,1027,1028,1029,1029,1030,1031,1032,1033,1033,1034,1036,1037,1038,1039,1040,1041,1043,1044,1045,1047,1048,1050,1051,1053,1054,1056,1057,1059,1061,1062,1064,1066,1067,1069,1071,1073,1075,1076,1078,1080,1082,1084,1085,1087,1089,1091,1093,1095,1096,1098,1100,1102,1103,1105,1107,1109,1110,1112,1113,1115,1117,1118,1120,1121,1123,1124,1126,1127,1128,1130,1131,1132,1133,1134,1135,1136,1137,1138,1139,1140,1141,1142,1142,1143,1144,1144,1145,1145,1146,1146,1146,1146,1147,1147,1147,1147,1147,1147,1146,1146,1145,1145,1144,1143,1142,1140,1139,1138,1136,1134,1133,1131,1129,1127,1125,1122,1120,1118,1115,1113,1110,1108,1105,1102,1100,1097,1094,1091,1088,1085,1083,1080,1077,1074,1071,1069,1066,1063,1061,1058,1056,1053,1051,1048,1046,1044,1042,1040,1038,1036,1035,1033,1032,1030,1029,1028,1027,1026,1026,1025,1025,1024,1024,1024,1024,1024,1024,1024,1024,1024,1024,1024,1024,1024,1024,1024,1024,1024,1024,1024,1024,1024,1024

lead:II
count:520
points:1024,1024,1024,1025,1026,1027,1028,1029,1030,1032,1034,1036,1038,1040,1043,1045,1048,1051,1053,1056,1059,1062,1066,1069,1072,1075,1078,1082,1085,1088,1091,1094,1097,1100,1103,1105,1108,1110,1113,1115,1117,1118,1120,1122,1123,1124,1125,1125,1126,1126,1126,1126,1126,1125,1125,1124,1123,1122,1120,1118,1117,1115,1113,1110,1108,1105,1103,1100,1097,1094,1091,1088,1085,1082,1078,1075,1072,1069,1066,1062,1059,1056,1053,1051,1048,1045,1043,1040,1038,1036,1034,1032,1030,1029,1028,1027,1026,1025,1024,1024,1024,1024,1024,1024,1024,1024,1024,1024,1024,1024,1024,1024,1024,1024,1024,1024,1024,1024,1024,1024,1024,1024,1024,1024,1024,1024,1024,1024,1024,1024,1023,1023,1023,1023,1022,1022,1021,1021,1020,1019,1018,1017,1016,1015,1013,1012,1010,1008,1006,1004,1001,998,995,988,988,983,977,971,966,960,954,949,943,937,932,958,983,1009,1035,1061,1087,1112,1138,1164,1190,1216,1241,1267,1293,1319,1345,1370,1396,1422,1448,1474,1499,1525,1551,1603,1603,1575,1548,1521,1494,1468,1441,1415,1389,1363,1338,1313,1289,1265,1241,1219,1196,1175,1154,1133,1114,1095,1077,1060,1043,1028,1013,999,987,975,964,954,945,937,930,925,920,916,913,911,911,934,953,969,983,994,1003,1010,1015,1019,1021,1023,1024,1024,1024,1024,1024,1024,1024,1024,1024,1024,1024,1024,1024,1024,1024,1024,1024,1024,1024,1024,1024,1024,1024,1024,1024,1024,1024,1024,1024,1024,1024,1024,1024,1024,1024,1024,1024,1024,1024,1024,1024,1024,1024,1024,1024,1024,1024,1024,1024,1024,1024,1024,1024,1024,1024,1024,1024,1024,1024,1024,1024,1024,1024,1024,1024,1024,1024,1024,1024,1024,1024,1024,1024,1024,1024,1024,1024,1024,1024,1024,1024,1024,1024,1024,1024,1024,1024,1024,1025,1025,1025,1026,1026,1027,1028,1028,1029,1030,1031,1032,1033,1034,1036,1037,1038,1040,1041,1043,1044,1046,1048,1050,1051,1053,1055,1057,1059,1061,1063,1066,1068,1070,1072,1074,1077,1079,1081,1084,1086,1089,1091,1094,1096,1098,1101,1103,1106,1108,1111,1113,1116,1118,1121,1123,1126,1128,1131,1133,1136,1138,1140,1143,1145,1147,1149,1151,1154,1156,1158,1160,1162,1164,1166,1167,1169,1171,1172,1174,1176,1177,1179,1180,1181,1182,1184,1185,1186,1187,1188,1189,1189,1190,1191,1191,1192,1192,1192,1193,1193,1193,1193,1193,1193,1192,1192,1191,1190,1189,1187,1186,1184,1182,1180,1178,1176,1173,1171,1168,1165,1162,1159,1156,1153,1150,1146,1143,1139,1135,1132,1128,1124,1120,1116,1112,1108,1105,1101,1097,1093,1089,1085,1082,1078,1074,1071,1067,1064,1061,1058,1055,1052,1049,1046,1043,1041,1039,1037,1035,1033,1031,1030,1028,1027,1026,1025,1025,1024,1024,1024,1024,1024,1024,1024,1024,1024,1024,1024,1024,1024,1024,1024,1024,1024,1024,1024,1024,1024,1024

lead:III
count:520
points:1024,1024,1024,1024,1025,1025,1025,1026,1026,1027,1027,1028,1029,1030,1030,1031,1032,1033,1034,1035,1036,1037,1039,1040,1041,1042,1043,1044,1045,1046,1047,1049,1050,1051,1052,1052,1053,1054,1055,1056,1056,1057,1058,1058,1059,1059,1059,1060,1060,1060,1060,1060,1060,1060,1059,1059,1059,1058,1058,1057,1056,1056,1055,1054,1053,1052,1052,1051,1050,1049,1047,1046,1045,1044,1043,1042,1041,1040,1039,1037,1036,1035,1034,1033,1032,1031,1030,1030,1029,1028,1027,1027,1026,1026,1025,1025,1025,1024,1024,1024,1024,1024,1024,1024,1024,1024,1024,1024,1024,1024,1024,1024,1024,1024,1024,1024,1024,1024,1024,1024,1024,1024,1024,1024,1024,1024,1024,1024,1024,1024,1024,1024,1024,1023,1023,1023,1023,1023,1022,1022,1022,1021,1021,1020,1019,1019,1018,1017,1016,1015,1014,1013,1012,1009,1009,1005,1001,998,994,991,987,984,980,976,973,982,992,1002,1011,1021,1031,1040,1050,1060,1069,1079,1089,1098,1108,1118,1127,1137,1146,1156,1166,1175,1185,1195,1204,1224,1224,1216,1209,1202,1195,1188,1181,1174,1167,1160,1153,1147,1140,1134,1127,1121,1115,1110,1104,1099,1093,1088,1084,1079,1075,1070,1067,1063,1059,1056,1053,1051,1048,1046,1044,1043,1042,1041,1040,1039,1039,1041,1043,1045,1047,1049,1050,1052,1054,1056,1058,1059,1061,1065,1065,1062,1059,1056,1053,1051,1048,1045,1043,1040,1038,1036,1034,1032,1031,1029,1028,1027,1026,1025,1024,1024,1024,1024,1024,1024,1024,1024,1024,1024,1024,1024,1024,1024,1024,1024,1024,1024,1024,1024,1024,1024,1024,1024,1024,1024,1024,1024,1024,1024,1024,1024,1024,1024,1024,1024,1024,1024,1024,1024,1024,1024,1024,1024,1024,1024,1024,1024,1024,1024,1024,1024,1024,1024,1024,1024,1024,1024,1024,1024,1024,1024,1024,1024,1024,1024,1024,1024,1024,1024,1025,1025,1025,1025,1025,1026,1026,1026,1027,1027,1027,1028,1028,1028,1029,1029,1030,1030,1031,1031,1031,1032,1033,1033,1034,1034,1035,1035,1036,1037,1037,1038,1038,1039,1040,1040,1041,1042,1042,1043,1044,1044,1045,1046,1046,1047,1048,1048,1049,1050,1050,1051,1052,1052,1053,1054,1054,1055,1056,1056,1057,1058,1058,1059,1059,1060,1060,1061,1062,1062,1063,1063,1064,1064,1064,1065,1065,1066,1066,1067,1067,1067,1068,1068,1068,1068,1069,1069,1069,1069,1069,1070,1070,1070,1070,1070,1070,1070,1070,1070,1070,1070,1070,1069,1069,1069,1069,1068,1068,1067,1067,1066,1065,1065,1064,1063,1063,1062,1061,1060,1059,1058,1057,1056,1055,1054,1053,1052,1051,1050,1049,1048,1047,1046,1045,1044,1043,1042,1041,1040,1039,1038,1037,1036,1035,1034,1033,1032,1032,1031,1030,1029,1029,1028,1027,1027,1026,1026,1026,1025,1025,1025,1024,1024,1024,1024,1024,1024,1024,1024,1024,1024,1024,1024,1024,1024,1024,1024,1024,1024,1024,1024,1024,1024,1024,1024

lead:aVR
count:520
points:1024,1024,1024,1023,1022,1022,1021,1019,1018,1016,1015,1013,1011,1009,1006,1004,1001,999,996,993,990,987,984,981,978,975,972,969,966,963,960,957,954,952,949,947,944,942,940,938,936,934,932,931,930,929,928,927,927,927,926,927,927,927,928,929,930,931,932,934,936,938,940,942,944,947,949,952,954,957,960,963,966,969,972,975,978,981,984,987,990,993,996,999,1001,1004,1006,1009,1011,1013,1015,1016,1018,1019,1021,1022,1022,1023,1024,1024,1024,1024,1024,1024,1024,1024,1024,1024,1024,1024,1024,1024,1024,1024,1024,1024,1024,1024,1024,1024,1024,1024,1024,1024,1024,1024,1024,1024,1024,1024,1025,1025,1025,1025,1026,1026,1026,1027,1028,1028,1029,1030,1031,1032,1034,1035,1037,1038,1040,1042,1045,1047,1050,1057,1057,1061,1065,1070,1074,1079,1083,1088,1092,1096,1101,1077,1052,1028,1004,980,956,931,907,883,859,834,810,786,762,738,713,689,665,641,617,592,568,544,520,471,471,498,525,553,579,606,633,659,685,711,736,761,785,809,833,856,878,899,920,941,960,979,997,1014,1031,1046,1061,1075,1088,1099,1110,1120,1129,1137,1144,1150,1154,1158,1161,1163,1163,1155,1146,1138,1130,1122,1114,1105,1097,1089,1081,1072,1064,1048,1048,1046,1044,1043,1041,1039,1038,1036,1035,1033,1032,1031,1030,1029,1028,1027,1026,1025,1025,1025,1024,1024,1024,1024,1024,1024,1024,1024,1024,1024,1024,1024,1024,1024,1024,1024,1024,1024,1024,1024,1024,1024,1024,1024,1024,1024,1024,1024,1024,1024,1024,1024,1024,1024,1024,1024,1024,1024,1024,1024,1024,1024,1024,1024,1024,1024,1024,1024,1024,1024,1024,1024,1024,1024,1024,1024,1024,1024,1024,1024,1024,1024,1024,1024,1024,1024,1023,1023,1023,1022,1022,1021,1020,1020,1019,1018,1017,1016,1015,1014,1012,1011,1010,1008,1007,1005,1004,1002,1000,998,997,995,993,991,989,987,985,983,980,978,976,974,971,969,967,964,962,960,957,955,952,950,947,945,942,940,937,935,932,930,927,925,922,920,918,915,913,910,908,906,904,901,899,897,895,893,891,889,887,885,883,881,879,878,876,874,873,871,870,869,867,866,865,864,863,862,861,860,859,858,858,857,857,856,856,856,856,856,856,856,856,856,857,858,859,860,861,863,864,866,868,870,873,875,877,880,883,886,889,892,895,899,902,906,909,913,917,920,924,928,932,936,940,944,948,951,955,959,963,967,970,974,977,981,984,987,991,994,997,999,1002,1005,1007,1009,1011,1013,1015,1017,1018,1020,1021,1022,1023,1023,1024,1024,1024,1024,1024,1024,1024,1024,1024,1024,1024,1024,1024,1024,1024,1024,1024,1024,1024,1024,1024,1024

lead:aVL
count:520
points:1024,1024,1024,1024,1024,1024,1025,1025,1025,1025,1026,1026,1026,1027,1027,1028,1028,1029,1029,1030,1030,1031,1031,1032,1032,1033,1033,1034,1035,1035,1036,1036,1037,1037,1038,1038,1039,1039,1039,1040,1040,1040,1041,1041,1041,1041,1041,1042,1042,1042,1042,1042,1042,1042,1041,1041,1041,1041,1041,1040,1040,1040,1039,1039,1039,1038,1038,1037,1037,1036,1036,1035,1035,1034,1033,1033,1032,1032,1031,1031,1030,1030,1029,1029,1028,1028,1027,1027,1026,1026,1026,1025,1025,1025,1025,1024,1024,1024,1024,1024,1024,1024,1024,1024,1024,1024,1024,1024,1024,1024,1024,1024,1024,1024,1024,1024,1024,1024,1024,1024,1024,1024,1024,1024,1024,1024,1024,1024,1024,1024,1024,1024,1024,1024,1024,1024,1024,1024,1024,1024,1024,1023,1023,1023,1023,1023,1023,1023,1023,1022,1022,1022,1022,1021,1021,1022,1023,1024,1025,1025,1026,1027,1028,1029,1030,1034,1037,1041,1045,1049,1052,1056,1060,1064,1067,1071,1075,1079,1082,1086,1090,1094,1097,1101,1105,1109,1112,1116,1120,1127,1127,1120,1113,1106,1098,1091,1084,1077,1070,1063,1056,1049,1043,1036,1030,1024,1018,1012,1007,1001,996,991,986,981,977,973,969,965,962,958,955,953,950,948,946,945,944,943,942,941,941,944,946,949,951,954,956,959,962,964,967,969,972,977,977,980,983,987,990,993,996,999,1002,1005,1008,1010,1012,1015,1016,1018,1020,1021,1022,1023,1024,1024,1024,1024,1024,1024,1024,1024,1024,1024,1024,1024,1024,1024,1024,1024,1024,1024,1024,1024,1024,1024,1024,1024,1024,1024,1024,1024,1024,1024,1024,1024,1024,1024,1024,1024,1024,1024,1024,1024,1024,1024,1024,1024,1024,1024,1024,1024,1024,1024,1024,1024,1024,1024,1024,1024,1024,1024,1024,1024,1024,1024,1024,1024,1024,1024,1024,1024,1024,1024,1025,1025,1025,1025,1025,1026,1026,1026,1026,1027,1027,1027,1028,1028,1029,1029,1029,1030,1030,1031,1031,1032,1032,1033,1033,1034,1034,1035,1035,1036,1037,1037,1038,1038,1039,1040,1040,1041,1042,1042,1043,1044,1044,1045,1046,1046,1047,1047,1048,1049,1049,1050,1051,1051,1052,1053,1053,1054,1055,1055,1056,1056,1057,1057,1058,1059,1059,1060,1060,1061,1061,1062,1062,1063,1063,1063,1064,1064,1065,1065,1065,1066,1066,1066,1066,1067,1067,1067,1067,1068,1068,1068,1068,1068,1068,1068,1068,1068,1068,1068,1068,1068,1068,1068,1067,1067,1067,1066,1066,1066,1065,1064,1064,1063,1063,1062,1061,1060,1060,1059,1058,1057,1056,1055,1054,1053,1052,1051,1050,1049,1048,1047,1046,1045,1044,1043,1042,1041,1040,1039,1038,1037,1036,1035,1034,1034,1033,1032,1031,1030,1030,1029,1028,1028,1027,1027,1026,1026,1025,1025,1025,1025,1024,1024,1024,1024,1024,1024,1024,1024,1024,1024,1024,1024,1024,1024,1024,1024,1024,1024,1024,1024,1024,1024,1024,1024

lead:aVF
count:520
points:1024,1024,1024,1025,1025,1026,1027,1028,1029,1030,1032,1033,1035,1037,1038,1040,1043,1045,1047,1049,1052,1054,1056,1059,1061,1064,1066,1069,1071,1074,1076,1079,1081,1083,1085,1087,1089,1091,1093,1095,1096,1098,1099,1100,1101,1102,1103,1103,1103,1104,1104,1104,1103,1103,1103,1102,1101,1100,1099,1098,1096,1095,1093,1091,1089,1087,1085,1083,1081,1079,1076,1074,1071,1069,1066,1064,1061,1059,1056,1054,1052,1049,1047,1045,1043,1040,1038,1037,1035,1033,1032,1030,1029,1028,1027,1026,1025,1025,1024,1024,1024,1024,1024,1024,1024,1024,1024,1024,1024,1024,1024,1024,1024,1024,1024,1024,1024,1024,1024,1024,1024,1024,1024,1024,1024,1024,1024,1024,1024,1024,1023,1023,1023,1023,1023,1022,1022,1021,1021,1020,1019,1018,1018,1016,1015,1014,1013,1011,1009,1007,1005,1003,1000,994,994,989,984,978,973,968,963,957,952,947,941,962,982,1003,1023,1044,1064,1084,1105,1125,1146,1166,1187,1207,1228,1248,1269,1289,1310,1330,1351,1371,1391,1412,1432,1473,1473,1453,1434,1414,1394,1375,1355,1336,1317,1298,1280,1262,1244,1226,1209,1192,1176,1160,1145,1130,1116,1102,1089,1076,1064,1053,1042,1032,1023,1014,1006,999,993,987,982,978,974,971,969,968,968,974,979,985,991,996,1002,1008,1013,1019,1025,1031,1036,1048,1048,1046,1044,1043,1041,1039,1038,1036,1035,1033,1032,1031,1030,1029,1028,1027,1026,1025,1025,1025,1024,1024,1024,1024,1024,1024,1024,1024,1024,1024,1024,1024,1024,1024,1024,1024,1024,1024,1024,1024,1024,1024,1024,1024,1024,1024,1024,1024,1024,1024,1024,1024,1024,1024,1024,1024,1024,1024,1024,1024,1024,1024,1024,1024,1024,1024,1024,1024,1024,1024,1024,1024,1024,1024,1024,1024,1024,1024,1024,1024,1024,1024,1024,1024,1024,1024,1024,1025,1025,1025,1026,1026,1027,1027,1028,1029,1029,1030,1031,1032,1033,1034,1035,1036,1037,1038,1039,1040,1042,1043,1044,1046,1047,1048,1050,1051,1053,1055,1056,1058,1059,1061,1063,1064,1066,1068,1070,1071,1073,1075,1077,1079,1081,1082,1084,1086,1088,1090,1092,1093,1095,1097,1099,1101,1102,1104,1106,1108,1109,1111,1113,1114,1116,1118,1119,1121,1122,1124,1125,1127,1128,1129,1131,1132,1133,1134,1135,1137,1138,1139,1140,1140,1141,1142,1143,1144,1144,1145,1145,1146,1146,1147,1147,1147,1148,1148,1148,1148,1148,1148,1148,1148,1147,1147,1146,1145,1144,1143,1142,1140,1139,1137,1136,1134,1132,1130,1128,1126,1123,1121,1119,1116,1114,1111,1109,1106,1103,1100,1097,1095,1092,1089,1086,1083,1080,1078,1075,1072,1069,1066,1064,1061,1058,1056,1053,1051,1049,1046,1044,1042,1040,1038,1037,1035,1033,1032,1031,1029,1028,1027,1026,1026,1025,1025,1024,1024,1024,1024,1024,1024,1024,1024,1024,1024,1024,1024,1024,1024,1024,1024,1024,1024,1024,1024,1024,1024

lead:V1
count:520
points:1024,1024,1024,1024,1024,1025,1025,1025,1025,1026,1026,1026,1027,1027,1028,1028,1029,1029,1030,1031,1031,1032,1033,1033,1034,1034,1035,1036,1036,1037,1038,1038,1039,1040,1040,1041,1041,1042,1042,1043,1043,1043,1044,1044,1044,1044,1045,1045,1045,1045,1045,1045,1045,1045,1045,1044,1044,1044,1044,1043,1043,1043,1042,1042,1041,1041,1040,1040,1039,1038,1038,1037,1036,1036,1035,1034,1034,1033,1033,1032,1031,1031,1030,1029,1029,1028,1028,1027,1027,1026,1026,1026,1025,1025,1025,1025,1024,1024,1024,1024,1024,1024,1024,1024,1024,1024,1024,1024,1024,1024,1024,1024,1024,1024,1024,1024,1024,1024,1024,1024,1024,1024,1024,1024,1024,1024,1024,1024,1025,1025,1025,1025,1026,1026,1027,1028,1029,1029,1031,1032,1033,1035,1037,1039,1041,1044,1047,1050,1054,1057,1062,1066,1071,1083,1083,1071,1060,1049,1037,1026,1015,1004,992,981,970,962,955,948,940,933,926,918,911,904,896,889,882,875,867,860,853,845,838,831,823,816,809,802,794,780,780,794,808,822,836,850,864,878,891,905,918,931,944,956,968,980,992,1003,1014,1025,1035,1045,1054,1063,1072,1080,1088,1095,1102,1108,1114,1119,1123,1127,1131,1134,1137,1139,1140,1141,1141,1136,1130,1125,1120,1114,1109,1104,1098,1093,1088,1082,1077,1066,1066,1065,1063,1061,1059,1057,1055,1054,1052,1050,1049,1047,1046,1045,1044,1043,1042,1041,1041,1040,1040,1040,1040,1039,1038,1037,1036,1036,1035,1034,1033,1033,1032,1031,1030,1029,1029,1028,1027,1026,1025,1025,1024,1023,1022,1022,1021,1020,1019,1018,1018,1017,1016,1015,1014,1014,1013,1012,1011,1011,1010,1009,1008,1007,1007,1006,1005,1004,1004,1003,1002,1001,1000,1000,999,998,997,996,996,995,994,993,993,992,992,992,992,991,991,990,989,989,988,987,985,984,983,981,980,978,977,975,973,971,969,967,965,963,960,958,956,953,950,948,945,942,940,937,934,931,928,925,922,918,915,912,909,906,902,899,896,892,889,886,882,879,875,872,869,865,862,859,855,852,849,846,842,839,836,833,830,827,824,821,818,815,812,810,807,805,802,800,797,795,793,790,788,786,784,783,781,779,778,776,775,773,772,771,770,769,768,767,767,766,766,765,765,765,765,765,766,766,767,768,770,772,774,776,779,781,784,788,791,795,799,803,807,812,816,821,826,832,837,842,848,853,859,865,871,877,883,889,895,900,906,912,918,924,930,936,941,947,952,958,963,968,973,977,982,986,990,994,998,1001,1005,1008,1010,1013,1015,1017,1019,1021,1022,1023,1023,1024,1024,1024,1024,1024,1024,1024,1024,1024,1024,1024,1024,1024,1024,1024,1024,1024,1024,1024,1024,1024

lead:V2
count:520
points:1024,1024,1024,1024,1025,1025,1026,1026,1027,1028,1028,1029,1030,1031,1032,1033,1035,1036,1037,1038,1040,1041,1043,1044,1045,1047,1048,1050,1051,1053,1054,1055,1057,1058,1059,1060,1062,1063,1064,1065,1065,1066,1067,1068,1068,1069,1069,1069,1070,1070,1070,1070,1070,1069,1069,1069,1068,1068,1067,1066,1065,1065,1064,1063,1062,1060,1059,1058,1057,1055,1054,1053,1051,1050,1048,1047,1045,1044,1043,1041,1040,1038,1037,1036,1035,1033,1032,1031,1030,1029,1028,1028,1027,1026,1026,1025,1025,1024,1024,1024,1024,1024,1024,1024,1024,1024,1024,1024,1024,1024,1024,1024,1024,1024,1024,1024,1024,1024,1024,1024,1024,1024,1024,1024,1024,1024,1024,1024,1025,1025,1025,1025,1026,1026,1027,1027,1028,1029,1030,1031,1032,1034,1036,1038,1040,1042,1045,1047,1051,1054,1058,1062,1067,1077,1077,1083,1090,1096,1103,1109,1116,1122,1129,1135,1142,1123,1104,1085,1066,1047,1028,1010,991,972,953,934,915,896,877,858,839,821,802,783,764,745,726,707,688,650,650,669,687,705,723,741,759,777,795,812,829,846,862,878,894,910,925,939,953,967,980,993,1005,1017,1028,1038,1048,1057,1066,1074,1081,1088,1094,1099,1104,1108,1111,1114,1115,1117,1117,1112,1106,1101,1096,1090,1085,1080,1074,1069,1064,1058,1053,1043,1043,1041,1040,1039,1037,1036,1035,1034,1033,1031,1030,1029,1029,1028,1027,1026,1026,1025,1025,1024,1024,1024,1024,1024,1023,1023,1022,1022,1021,1021,1021,1020,1020,1019,1019,1018,1018,1018,1017,1017,1016,1016,1015,1015,1015,1014,1014,1013,1013,1012,1012,1012,1011,1011,1010,1010,1009,1009,1009,1008,1008,1007,1007,1007,1006,1006,1005,1005,1004,1004,1004,1003,1003,1002,1002,1001,1001,1001,1000,1000,999,998,998,998,998,998,998,998,997,997,996,996,995,995,994,993,992,991,991,990,988,987,986,985,984,982,981,980,978,977,975,974,972,970,969,967,965,963,961,960,958,956,954,952,950,948,946,944,942,940,938,935,933,931,929,927,925,923,921,919,916,914,912,910,908,906,904,902,900,898,896,894,892,891,889,887,885,884,882,880,879,877,876,874,873,871,870,869,868,867,865,864,863,862,862,861,860,859,859,858,858,857,857,856,856,856,856,856,856,856,856,856,857,858,859,860,861,863,864,866,868,870,873,875,877,880,883,886,889,892,895,899,902,906,909,913,917,920,924,928,932,936,940,944,948,951,955,959,963,967,970,974,977,981,984,987,991,994,997,999,1002,1005,1007,1009,1011,1013,1015,1017,1018,1020,1021,1022,1023,1023,1024,1024,1024,1024,1024,1024,1024,1024,1024,1024,1024,1024,1024,1024,1024,1024,1024,1024,1024,1024,1024,1024

lead:V3
count:520
points:1024,1024,1024,1025,1025,1026,1026,1027,1028,1029,1030,1031,1033,1034,1036,1037,1039,1041,1042,1044,1046,1048,1050,1052,1054,1056,1058,1060,1062,1064,1066,1068,1069,1071,1073,1075,1076,1078,1079,1080,1082,1083,1084,1085,1086,1086,1087,1087,1088,1088,1088,1088,1088,1087,1087,1086,1086,1085,1084,1083,1082,1080,1079,1078,1076,1075,1073,1071,1069,1068,1066,1064,1062,1060,1058,1056,1054,1052,1050,1048,1046,1044,1042,1041,1039,1037,1036,1034,1033,1031,1030,1029,1028,1027,1026,1026,1025,1025,1024,1024,1024,1024,1024,1024,1024,1024,1024,1024,1024,1024,1024,1024,1024,1024,1024,1024,1024,1024,1024,1024,1024,1024,1024,1024,1024,1024,1024,1024,1024,1025,1025,1025,1025,1026,1026,1026,1027,1028,1028,1029,1030,1031,1033,1034,1036,1037,1039,1041,1044,1046,1049,1052,1056,1063,1063,1087,1110,1133,1157,1180,1203,1226,1250,1273,1296,1269,1241,1213,1186,1158,1130,1103,1075,1047,1020,992,964,937,909,882,854,826,799,771,743,716,688,660,633,577,577,597,617,636,656,675,694,713,732,751,769,787,805,822,839,856,872,888,903,918,932,946,959,971,983,994,1005,1015,1024,1033,1041,1048,1054,1060,1065,1069,1073,1075,1077,1079,1079,1074,1070,1065,1061,1056,1052,1047,1043,1038,1034,1029,1025,1016,1016,1015,1015,1014,1014,1013,1013,1012,1012,1011,1011,1011,1010,1010,1010,1009,1009,1009,1009,1009,1009,1008,1008,1008,1008,1008,1008,1008,1008,1008,1008,1008,1008,1008,1008,1008,1008,1008,1008,1008,1008,1008,1008,1008,1008,1008,1008,1008,1008,1008,1008,1008,1008,1008,1008,1008,1008,1008,1008,1008,1008,1008,1008,1008,1008,1008,1008,1008,1008,1008,1008,1008,1008,1008,1008,1008,1008,1008,1008,1008,1008,1008,1008,1008,1008,1008,1008,1008,1008,1008,1008,1007,1007,1007,1007,1007,1007,1006,1006,1006,1006,1005,1005,1005,1004,1004,1004,1003,1003,1003,1002,1002,1001,1001,1000,1000,1000,999,999,998,998,997,997,996,996,995,995,994,993,993,992,992,991,991,990,990,989,989,988,988,987,986,986,985,985,984,984,983,983,982,982,981,981,980,980,979,979,979,978,978,977,977,976,976,976,975,975,975,974,974,974,974,973,973,973,973,972,972,972,972,972,972,972,971,971,971,971,971,971,971,971,972,972,972,972,973,973,974,974,975,975,976,977,977,978,979,980,981,982,983,984,985,986,987,988,989,990,992,993,994,995,996,998,999,1000,1001,1002,1004,1005,1006,1007,1008,1009,1010,1012,1013,1014,1014,1015,1016,1017,1018,1019,1019,1020,1021,1021,1022,1022,1023,1023,1023,1024,1024,1024,1024,1024,1024,1024,1024,1024,1024,1024,1024,1024,1024,1024,1024,1024,1024,1024,1024,1024,1024,1024,1024

lead:V4
count:520
points:1024,1024,1024,1025,1025,1026,1027,1027,1028,1030,1031,1032,1034,1035,1037,1039,1041,1043,1045,1047,1049,1051,1053,1056,1058,1060,1062,1065,1067,1069,1071,1073,1075,1078,1079,1081,1083,1085,1086,1088,1089,1091,1092,1093,1094,1094,1095,1096,1096,1096,1096,1096,1096,1096,1095,1094,1094,1093,1092,1091,1089,1088,1086,1085,1083,1081,1079,1078,1075,1073,1071,1069,1067,1065,1062,1060,1058,1056,1053,1051,1049,1047,1045,1043,1041,1039,1037,1035,1034,1032,1031,1030,1028,1027,1027,1026,1025,1025,1024,1024,1024,1024,1024,1024,1024,1024,1024,1024,1024,1024,1024,1024,1024,1024,1024,1024,1024,1024,1024,1024,1024,1024,1024,1024,1024,1024,1024,1024,1024,1024,1024,1024,1025,1025,1025,1025,1025,1026,1026,1027,1027,1028,1028,1029,1030,1030,1031,1032,1034,1035,1036,1038,1039,1043,1043,1080,1117,1154,1191,1228,1265,1302,1338,1375,1412,1380,1348,1315,1283,1251,1218,1186,1154,1121,1089,1057,1024,992,960,927,895,863,831,798,766,734,701,669,637,572,572,590,608,626,644,662,679,697,714,731,748,764,780,796,812,827,842,856,870,884,897,909,921,933,943,954,964,973,981,989,996,1003,1009,1014,1019,1022,1026,1028,1030,1031,1031,1028,1025,1022,1019,1016,1013,1010,1008,1005,1002,999,996,990,990,990,991,991,991,992,992,992,993,993,993,993,994,994,994,994,994,995,995,995,995,995,995,995,996,996,997,997,997,998,998,999,999,1000,1000,1000,1001,1001,1002,1002,1003,1003,1003,1004,1004,1005,1005,1006,1006,1006,1007,1007,1008,1008,1009,1009,1009,1010,1010,1011,1011,1012,1012,1012,1013,1013,1014,1014,1015,1015,1015,1016,1016,1017,1017,1018,1018,1018,1019,1019,1020,1021,1021,1021,1021,1021,1021,1021,1021,1021,1022,1022,1022,1023,1023,1023,1024,1024,1025,1025,1026,1027,1027,1028,1028,1029,1030,1031,1031,1032,1033,1034,1035,1036,1037,1038,1039,1040,1041,1042,1043,1044,1045,1046,1047,1048,1049,1050,1051,1052,1054,1055,1056,1057,1058,1059,1060,1062,1063,1064,1065,1066,1067,1068,1069,1071,1072,1073,1074,1075,1076,1077,1078,1079,1080,1081,1082,1083,1084,1085,1085,1086,1087,1088,1089,1089,1090,1091,1091,1092,1093,1093,1094,1094,1095,1095,1096,1096,1096,1097,1097,1097,1097,1098,1098,1098,1098,1098,1098,1098,1098,1098,1097,1097,1097,1096,1096,1095,1094,1093,1093,1092,1091,1090,1088,1087,1086,1085,1083,1082,1081,1079,1078,1076,1074,1073,1071,1069,1068,1066,1064,1063,1061,1059,1058,1056,1054,1053,1051,1049,1048,1046,1045,1043,1042,1040,1039,1037,1036,1035,1034,1033,1031,1030,1030,1029,1028,1027,1027,1026,1025,1025,1025,1024,1024,1024,1024,1024,1024,1024,1024,1024,1024,1024,1024,1024,1024,1024,1024,1024,1024,1024,1024,1024,1024,1024

lead:V5
count:520
points:1024,1024,1024,1025,1025,1026,1026,1027,1028,1029,1031,1032,1033,1035,1037,1038,1040,1042,1044,1046,1048,1050,1052,1054,1057,1059,1061,1063,1065,1067,1070,1072,1074,1076,1077,1079,1081,1083,1084,1086,1087,1088,1089,1090,1091,1092,1092,1093,1093,1093,1094,1093,1093,1093,1092,1092,1091,1090,1089,1088,1087,1086,1084,1083,1081,1079,1077,1076,1074,1072,1070,1067,1065,1063,1061,1059,1057,1054,1052,1050,1048,1046,1044,1042,1040,1038,1037,1035,1033,1032,1031,1029,1028,1027,1026,1026,1025,1025,1024,1024,1024,1024,1024,1024,1024,1024,1024,1024,1024,1024,1024,1024,1024,1024,1024,1024,1024,1024,1024,1024,1024,1024,1024,1024,1024,1024,1024,1024,1024,1024,1024,1024,1024,1024,1024,1024,1024,1024,1024,1024,1023,1023,1023,1023,1023,1023,1023,1022,1022,1022,1022,1021,1021,1021,1021,1065,1110,1154,1199,1244,1288,1333,1377,1422,1467,1435,1403,1371,1339,1307,1275,1243,1211,1179,1147,1115,1083,1051,1019,987,955,923,891,859,827,795,763,731,699,635,635,649,663,676,690,703,717,730,743,756,769,781,793,806,817,829,840,851,862,872,882,891,900,909,917,925,932,939,946,952,957,962,967,971,974,977,979,981,983,984,984,983,982,981,980,979,978,977,976,975,974,973,972,969,969,971,972,973,974,975,976,977,978,979,980,981,982,983,983,984,985,985,985,986,986,986,986,987,988,988,989,990,991,992,992,993,994,995,996,996,997,998,999,999,1000,1001,1002,1003,1003,1004,1005,1006,1007,1007,1008,1009,1010,1010,1011,1012,1013,1014,1014,1015,1016,1017,1017,1018,1019,1020,1021,1021,1022,1023,1024,1025,1025,1026,1027,1028,1028,1029,1030,1031,1032,1033,1033,1033,1033,1034,1034,1034,1035,1035,1036,1036,1037,1038,1039,1040,1041,1042,1043,1044,1046,1047,1048,1050,1051,1053,1055,1056,1058,1060,1062,1064,1066,1068,1070,1072,1075,1077,1079,1081,1084,1086,1089,1091,1094,1096,1099,1101,1104,1106,1109,1111,1114,1117,1119,1122,1125,1127,1130,1133,1135,1138,1140,1143,1145,1148,1150,1153,1155,1158,1160,1163,1165,1167,1169,1172,1174,1176,1178,1180,1182,1184,1186,1188,1189,1191,1193,1194,1196,1197,1198,1200,1201,1202,1203,1204,1205,1206,1207,1208,1208,1209,1209,1210,1210,1210,1211,1211,1211,1211,1210,1210,1209,1208,1207,1206,1205,1203,1201,1199,1197,1194,1192,1189,1186,1183,1180,1177,1174,1170,1167,1163,1159,1155,1151,1147,1143,1139,1135,1130,1126,1122,1117,1113,1109,1105,1100,1096,1092,1088,1084,1080,1076,1072,1068,1065,1061,1058,1054,1051,1048,1046,1043,1040,1038,1036,1034,1032,1030,1029,1028,1026,1026,1025,1024,1024,1024,1024,1024,1024,1024,1024,1024,1024,1024,1024,1024,1024,1024,1024,1024,1024,1024,1024,1024,1024

lead:V6
count:520
points:1024,1024,1024,1024,1025,1025,1026,1027,1027,1028,1029,1030,1032,1033,1034,1036,1037,1039,1040,1042,1043,1045,1047,1049,1050,1052,1054,1056,1057,1059,1061,1063,1064,1066,1067,1069,1070,1071,1073,1074,1075,1076,1077,1078,1078,1079,1079,1080,1080,1080,1080,1080,1080,1080,1079,1079,1078,1078,1077,1076,1075,1074,1073,1071,1070,1069,1067,1066,1064,1063,1061,1059,1057,1056,1054,1052,1050,1049,1047,1045,1043,1042,1040,1039,1037,1036,1034,1033,1032,1030,1029,1028,1027,1027,1026,1025,1025,1024,1024,1024,1024,1024,1024,1024,1024,1024,1024,1024,1024,1024,1024,1024,1024,1024,1024,1024,1024,1024,1024,1024,1024,1024,1024,1024,1024,1024,1024,1024,1024,1024,1024,1023,1023,1023,1023,1022,1022,1022,1021,1021,1020,1019,1018,1017,1016,1015,1014,1013,1011,1009,1008,1006,1003,998,998,1044,1090,1135,1181,1226,1272,1317,1363,1409,1454,1427,1401,1374,1347,1320,1293,1267,1240,1213,1186,1159,1133,1106,1079,1052,1026,999,972,945,918,892,865,838,811,758,758,758,759,760,762,765,768,771,775,780,785,790,796,802,808,815,821,828,836,843,850,857,864,871,878,885,892,898,904,910,915,920,924,928,932,935,938,940,941,942,942,943,944,945,946,948,949,950,951,952,953,954,955,957,957,959,961,963,965,966,968,970,971,973,974,976,977,978,979,980,981,981,982,982,983,983,983,984,985,986,987,988,989,990,991,992,993,994,995,996,997,998,999,1000,1001,1002,1004,1005,1006,1007,1008,1009,1010,1011,1012,1013,1014,1015,1016,1017,1018,1019,1020,1021,1022,1023,1024,1025,1026,1027,1028,1029,1030,1031,1032,1033,1034,1035,1036,1037,1038,1039,1040,1041,1042,1044,1044,1045,1045,1045,1045,1046,1046,1047,1048,1049,1050,1051,1052,1054,1055,1057,1058,1060,1062,1064,1066,1068,1070,1073,1075,1077,1080,1083,1085,1088,1091,1094,1097,1100,1103,1106,1109,1113,1116,1119,1123,1126,1130,1133,1137,1140,1144,1148,1151,1155,1159,1162,1166,1170,1174,1177,1181,1185,1188,1192,1196,1199,1203,1207,1210,1214,1217,1220,1224,1227,1230,1234,1237,1240,1243,1246,1249,1252,1255,1257,1260,1262,1265,1267,1270,1272,1274,1276,1278,1280,1282,1283,1285,1286,1288,1289,1290,1291,1292,1293,1293,1294,1294,1295,1295,1295,1295,1295,1295,1294,1293,1292,1290,1288,1286,1284,1281,1278,1275,1272,1268,1264,1260,1256,1251,1246,1241,1236,1231,1226,1220,1214,1209,1203,1197,1191,1185,1178,1172,1166,1160,1153,1147,1141,1135,1129,1123,1117,1111,1105,1099,1094,1088,1083,1078,1073,1068,1064,1059,1055,1051,1048,1044,1041,1038,1036,1033,1031,1029,1028,1026,1025,1025,1024,1024,1024,1024,1024,1024,1024,1024,1024,1024,1024,1024,1024,1024,1024,1024,1024,1024,1024,1024,1024

