pathology:inf
group:infarction
title:Sinus rhythm in AMI of the lower wall aVF ST4
name:Синусовый ритм при нижнем ИМ
leads:12

lead:I
count:470
points:1024,1024,1024,1025,1025,1026,1027,1028,1029,1031,1032,1034,1036,1038,1040,1042,1044,1047,1049,1051,1054,1057,1059,1062,1065,1068,1070,1073,1076,1078,1081,1084,1086,1088,1091,1093,1095,1097,1099,1101,1103,1104,1106,1107,1108,1109,1110,1110,1111,1111,1111,1111,1111,1110,1110,1109,1108,1107,1106,1104,1103,1101,1099,1097,1095,1093,1091,1088,1086,1084,1081,1078,1076,1073,1070,1068,1065,1062,1059,1057,1054,1051,1049,1047,1044,1042,1040,1038,1036,1034,1032,1031,1029,1028,1027,1026,1025,1025,1024,1024,1024,1024,1024,1024,1024,1024,1024,1024,1024,1024,1024,1024,1023,1023,1023,1022,1022,1021,1021,1020,1019,1018,1017,1015,1014,1013,1013,1012,1012,1011,1011,1010,1010,1009,1009,1036,1064,1092,1119,1147,1175,1202,1230,1257,1285,1313,1340,1368,1396,1423,1451,1479,1506,1562,1562,1506,1451,1395,1340,1229,1229,1203,1177,1150,1124,1098,1072,1046,1020,968,968,976,985,993,1001,1008,1013,1018,1021,1023,1024,1024,1024,1024,1024,1024,1024,1024,1024,1024,1024,1024,1024,1024,1024,1024,1024,1024,1024,1024,1024,1024,1024,1024,1024,1024,1024,1024,1024,1024,1024,1024,1024,1024,1024,1024,1024,1024,1024,1024,1024,1024,1024,1024,1024,1024,1024,1024,1024,1024,1024,1024,1024,1024,1024,1024,1024,1024,1024,1024,1024,1024,1024,1024,1024,1024,1024,1024,1024,1024,1024,1024,1024,1024,1024,1024,1024,1024,1024,1024,1024,1024,1024,1024,1024,1024,1024,1024,1024,1024,1024,1024,1024,1024,1024,1024,1024,1024,1024,1024,1024,1024,1024,1024,1024,1024,1024,1024,1024,1024,1024,1024,1024,1024,1024,1024,1024,1024,1024,1024,1024,1024,1025,1025,1025,1026,1027,1027,1028,1029,1030,1031,1032,1033,1034,1035,1036,1038,1039,1040,1042,1044,1045,1047,1049,1050,1052,1054,1056,1058,1060,1062,1064,1066,1068,1070,1072,1074,1076,1078,1080,1082,1085,1087,1089,1091,1093,1095,1097,1099,1101,1103,1105,1107,1108,1110,1112,1114,1115,1117,1119,1120,1122,1123,1124,1126,1127,1128,1129,1130,1131,1132,1133,1133,1134,1135,1135,1136,1136,1136,1136,1137,1137,1137,1136,1136,1136,1135,1134,1134,1133,1132,1131,1130,1128,1127,1125,1124,1122,1120,1118,1116,1114,1112,1110,1108,1105,1103,1101,1098,1096,1093,1091,1088,1086,1083,1080,1078,1075,1073,1070,1067,1065,1062,1060,1058,1055,1053,1051,1048,1046,1044,1042,1040,1039,1037,1035,1034,1032,1031,1030,1029,1028,1027,1026,1025,1025,1025,1024,1024,1024,1024,1024,1024,1024,1024,1024,1024,1024,1024,1024,1024,1024,1024,1024,1024,1024,1024,1024,1024

lead:II
count:470
points:1024,1024,1024,1025,1025,1026,1027,1027,1028,1030,1031,1032,1034,1035,1037,1039,1041,1043,1045,1047,1049,1051,1053,1055,1058,1060,1062,1064,1067,1069,1071,1073,1075,1077,1079,1081,1083,1084,1086,1087,1089,1090,1091,1092,1093,1094,1095,1095,1095,1096,1096,1096,1095,1095,1094,1094,1093,1092,1091,1089,1088,1086,1085,1083,1081,1079,1077,1074,1072,1070,1067,1065,1062,1060,1057,1055,1052,1050,1047,1045,1042,1040,1037,1035,1033,1031,1029,1027,1025,1023,1022,1020,1019,1018,1017,1016,1015,1014,1014,1014,1014,1014,1014,1014,1014,1014,1014,1014,1014,1014,1013,1013,1013,1013,1013,1012,1012,1011,1011,1010,1009,1008,1007,1005,1004,1002,1000,999,997,996,994,993,991,988,988,1002,1016,1030,1044,1059,1073,1087,1101,1115,1129,1143,1157,1171,1185,1199,1213,1228,1242,1270,1270,1286,1302,1318,1335,1367,1367,1347,1326,1306,1285,1265,1244,1224,1203,1162,1162,1169,1175,1181,1186,1191,1195,1199,1201,1203,1203,1204,1204,1205,1206,1206,1207,1208,1208,1209,1210,1210,1211,1211,1212,1212,1213,1214,1214,1215,1215,1216,1216,1217,1217,1218,1218,1219,1219,1219,1220,1220,1220,1221,1221,1221,1222,1222,1222,1222,1223,1223,1223,1223,1223,1223,1224,1224,1224,1224,1224,1224,1224,1224,1224,1223,1223,1223,1223,1223,1223,1222,1222,1222,1222,1221,1221,1221,1220,1220,1220,1219,1219,1218,1218,1218,1217,1217,1216,1216,1215,1215,1214,1214,1213,1213,1212,1212,1212,1211,1211,1210,1210,1209,1209,1208,1208,1208,1207,1207,1207,1206,1206,1206,1205,1205,1205,1204,1204,1204,1204,1204,1204,1203,1203,1203,1203,1203,1203,1203,1203,1203,1203,1204,1204,1204,1204,1205,1205,1205,1206,1206,1207,1207,1208,1208,1209,1209,1210,1211,1211,1212,1213,1214,1214,1215,1216,1217,1218,1219,1219,1220,1221,1222,1223,1224,1225,1226,1227,1228,1229,1230,1231,1232,1233,1234,1234,1235,1236,1237,1238,1239,1240,1241,1242,1242,1243,1244,1245,1245,1246,1247,1248,1248,1249,1249,1250,1250,1251,1251,1252,1252,1253,1253,1253,1254,1254,1254,1254,1254,1254,1254,1254,1254,1254,1253,1252,1251,1250,1248,1247,1245,1242,1240,1237,1234,1231,1228,1224,1221,1217,1213,1209,1204,1200,1195,1191,1186,1181,1176,1171,1166,1160,1155,1150,1145,1139,1134,1129,1123,1118,1113,1108,1103,1098,1093,1088,1083,1079,1074,1070,1066,1062,1058,1054,1051,1047,1044,1041,1039,1036,1034,1032,1030,1028,1027,1026,1025,1024,1024,1024,1024,1024,1024,1024,1024,1024,1024,1024,1024,1024,1024,1024,1024,1024,1024,1024,1024,1024,1024

lead:III
count:470
points:1024,1024,1024,1024,1024,1024,1023,1023,1023,1023,1023,1022,1022,1022,1021,1021,1020,1020,1020,1019,1019,1018,1018,1017,1017,1016,1016,1015,1015,1014,1014,1013,1013,1013,1012,1012,1011,1011,1011,1010,1010,1010,1010,1009,1009,1009,1009,1009,1009,1009,1009,1009,1009,1009,1009,1009,1009,1009,1009,1009,1009,1009,1009,1009,1010,1010,1010,1010,1010,1010,1010,1011,1011,1011,1011,1011,1011,1012,1012,1012,1012,1012,1012,1012,1013,1013,1013,1013,1013,1013,1013,1013,1013,1014,1014,1014,1014,1014,1014,1014,1014,1014,1014,1014,1014,1014,1014,1014,1014,1014,1014,1014,1014,1014,1014,1014,1014,1014,1014,1014,1014,1014,1014,1014,1014,1013,1012,1011,1010,1009,1008,1007,1006,1004,1004,990,976,963,949,936,922,909,895,881,868,854,841,827,814,800,786,773,759,732,732,804,876,947,1019,1162,1162,1168,1174,1179,1185,1190,1196,1202,1207,1219,1219,1216,1214,1212,1210,1208,1206,1205,1204,1203,1203,1204,1204,1205,1206,1206,1207,1208,1208,1209,1210,1210,1211,1211,1212,1212,1213,1214,1214,1215,1215,1216,1216,1217,1217,1218,1218,1219,1219,1219,1220,1220,1220,1221,1221,1221,1222,1222,1222,1222,1223,1223,1223,1223,1223,1223,1224,1224,1224,1224,1224,1223,1223,1223,1222,1222,1222,1222,1221,1221,1221,1220,1220,1220,1219,1219,1219,1219,1218,1218,1218,1217,1217,1217,1216,1216,1216,1216,1215,1215,1215,1214,1214,1214,1213,1213,1213,1213,1212,1212,1212,1211,1211,1211,1210,1210,1210,1210,1209,1209,1209,1208,1208,1208,1207,1207,1207,1207,1206,1206,1206,1205,1205,1205,1204,1204,1204,1204,1203,1203,1203,1203,1203,1203,1203,1203,1203,1202,1202,1202,1202,1201,1201,1201,1200,1200,1200,1199,1199,1199,1198,1198,1197,1197,1196,1196,1195,1194,1194,1193,1193,1192,1191,1191,1190,1189,1188,1188,1187,1186,1185,1184,1184,1183,1182,1181,1180,1179,1178,1177,1176,1175,1174,1173,1172,1171,1170,1169,1168,1167,1166,1165,1164,1163,1162,1161,1160,1159,1158,1157,1155,1154,1153,1152,1151,1150,1149,1147,1146,1145,1144,1143,1142,1139,1136,1134,1131,1128,1125,1123,1120,1117,1115,1112,1110,1107,1104,1102,1099,1097,1094,1092,1089,1087,1084,1082,1080,1077,1075,1073,1071,1069,1067,1064,1062,1060,1058,1057,1055,1053,1051,1049,1048,1046,1045,1043,1042,1040,1039,1038,1036,1035,1034,1033,1032,1031,1030,1029,1028,1028,1027,1027,1026,1026,1025,1025,1025,1024,1024,1024,1024,1024,1024,1024,1024,1024,1024,1024,1024,1024,1024,1024,1024,1024,1024,1024,1024,1024,1024,1024

lead:aVR
count:470
points:1024,1024,1024,1023,1023,1022,1021,1020,1018,1017,1015,1013,1012,1010,1007,1005,1003,1000,998,995,992,990,987,984,981,978,975,972,970,967,964,961,959,956,954,951,949,947,945,943,941,939,938,937,936,935,934,933,933,932,932,932,933,933,934,935,936,937,938,940,942,944,946,948,950,952,955,958,960,963,966,969,972,975,978,981,984,987,990,993,996,999,1002,1005,1007,1010,1012,1015,1017,1019,1021,1022,1024,1025,1026,1028,1028,1029,1030,1030,1030,1030,1030,1030,1030,1030,1030,1030,1030,1030,1030,1030,1031,1031,1031,1032,1032,1033,1034,1035,1036,1037,1038,1040,1042,1043,1044,1045,1046,1048,1049,1050,1051,1054,1054,1029,1005,981,957,933,909,885,861,837,813,789,764,740,716,692,668,644,620,572,572,594,617,640,662,708,708,735,762,788,815,842,869,896,923,977,977,968,959,951,944,937,931,927,923,921,921,920,920,919,919,919,918,918,918,917,917,917,916,916,916,915,915,915,914,914,914,913,913,913,912,912,912,912,911,911,911,911,911,910,910,910,910,910,910,909,909,909,909,909,909,909,909,909,909,909,909,909,909,909,909,910,910,910,910,910,910,911,911,911,911,911,911,912,912,912,912,912,913,913,913,913,913,913,914,914,914,914,914,914,915,915,915,915,915,915,916,916,916,916,916,917,917,917,917,917,917,918,918,918,918,918,918,919,919,919,919,919,919,920,920,920,920,920,921,921,920,920,920,920,919,919,918,918,917,917,916,915,914,913,912,911,910,909,908,907,905,904,903,901,900,898,897,895,894,892,891,889,887,885,884,882,880,879,877,875,873,871,870,868,866,864,863,861,859,858,856,854,853,851,850,848,847,845,844,842,841,840,839,837,836,835,834,833,832,831,831,830,829,829,828,828,827,827,826,826,826,826,826,826,826,827,828,829,830,831,833,834,836,838,841,843,846,849,852,855,858,862,865,869,873,877,881,885,889,894,898,902,907,911,916,920,925,930,934,939,943,948,952,956,961,965,969,973,977,981,985,988,992,995,998,1001,1004,1007,1009,1011,1014,1016,1017,1019,1020,1021,1022,1023,1024,1024,1024,1024,1024,1024,1024,1024,1024,1024,1024,1024,1024,1024,1024,1024,1024,1024,1024,1024,1024,1024

lead:aVL
count:470
points:1024,1024,1024,1025,1025,1025,1026,1027,1028,1029,1030,1031,1032,1033,1035,1036,1038,1039,1041,1043,1044,1046,1048,1050,1052,1054,1055,1057,1059,1061,1063,1064,1066,1068,1069,1071,1072,1074,1075,1076,1077,1079,1079,1080,1081,1082,1082,1083,1083,1083,1083,1083,1083,1083,1082,1082,1081,1081,1080,1079,1078,1077,1076,1075,1073,1072,1071,1069,1068,1066,1065,1063,1062,1060,1058,1057,1055,1053,1052,1050,1048,1047,1045,1044,1042,1041,1040,1038,1037,1036,1035,1034,1033,1032,1032,1031,1031,1030,1030,1030,1030,1030,1030,1030,1030,1030,1030,1030,1030,1030,1030,1030,1030,1029,1029,1029,1029,1028,1028,1028,1027,1026,1026,1025,1024,1024,1025,1025,1025,1025,1026,1026,1026,1027,1027,1051,1075,1098,1122,1146,1170,1194,1217,1241,1265,1289,1313,1336,1360,1384,1408,1431,1455,1503,1503,1429,1356,1283,1209,1062,1062,1044,1026,1007,989,971,952,934,916,879,879,886,892,898,903,908,913,916,919,920,921,920,920,919,919,919,918,918,918,917,917,917,916,916,916,915,915,915,914,914,914,913,913,913,912,912,912,912,911,911,911,911,911,910,910,910,910,910,910,909,909,909,909,909,909,909,909,909,909,909,909,909,909,909,909,910,910,910,910,910,910,911,911,911,911,911,911,912,912,912,912,912,913,913,913,913,913,913,914,914,914,914,914,914,915,915,915,915,915,915,916,916,916,916,916,917,917,917,917,917,917,918,918,918,918,918,918,919,919,919,919,919,919,920,920,920,920,920,921,921,921,921,921,921,922,922,923,923,924,925,926,926,927,928,929,930,932,933,934,935,937,938,939,941,942,944,946,947,949,951,952,954,956,958,960,961,963,965,967,969,971,973,975,976,978,980,982,984,986,987,989,991,993,994,996,998,999,1001,1002,1004,1005,1006,1008,1009,1010,1011,1012,1013,1014,1015,1016,1017,1018,1018,1019,1019,1020,1020,1020,1021,1021,1021,1021,1021,1021,1021,1021,1021,1021,1021,1021,1021,1021,1021,1021,1021,1021,1021,1021,1021,1022,1022,1022,1022,1022,1022,1022,1022,1022,1022,1022,1022,1022,1022,1022,1022,1023,1023,1023,1023,1023,1023,1023,1023,1023,1023,1023,1023,1023,1023,1023,1023,1024,1024,1024,1024,1024,1024,1024,1024,1024,1024,1024,1024,1024,1024,1024,1024,1024,1024,1024,1024,1024,1024,1024,1024,1024,1024,1024,1024,1024,1024,1024,1024,1024,1024,1024,1024,1024,1024

lead:aVF
count:470
points:1024,1024,1024,1024,1025,1025,1025,1026,1026,1027,1027,1028,1028,1029,1030,1031,1032,1032,1033,1034,1035,1036,1037,1038,1039,1040,1041,1042,1043,1044,1045,1046,1047,1048,1049,1050,1051,1051,1052,1053,1053,1054,1055,1055,1055,1056,1056,1056,1056,1056,1057,1056,1056,1056,1056,1055,1055,1054,1054,1053,1052,1051,1051,1050,1048,1047,1046,1045,1044,1043,1041,1040,1039,1037,1036,1034,1033,1032,1030,1029,1027,1026,1025,1024,1022,1021,1020,1019,1018,1017,1016,1016,1015,1014,1014,1013,1013,1013,1012,1012,1012,1012,1012,1012,1012,1012,1012,1012,1012,1012,1012,1012,1012,1012,1011,1011,1011,1011,1010,1010,1009,1009,1008,1007,1006,1005,1003,1002,1000,999,997,996,994,991,991,992,992,992,993,993,993,994,994,994,994,995,995,995,996,996,996,997,997,997,997,1048,1099,1150,1200,1302,1302,1293,1285,1276,1268,1259,1250,1242,1233,1216,1216,1218,1221,1223,1225,1227,1228,1229,1230,1231,1231,1232,1232,1233,1234,1235,1235,1236,1237,1238,1238,1239,1240,1240,1241,1242,1242,1243,1244,1244,1245,1245,1246,1247,1247,1248,1248,1249,1249,1250,1250,1250,1251,1251,1252,1252,1252,1253,1253,1253,1253,1254,1254,1254,1254,1254,1254,1254,1255,1255,1255,1254,1254,1254,1253,1253,1252,1252,1252,1251,1251,1251,1250,1250,1250,1249,1249,1249,1248,1248,1248,1247,1247,1247,1246,1246,1246,1245,1245,1244,1244,1244,1243,1243,1243,1242,1242,1242,1241,1241,1241,1240,1240,1240,1239,1239,1239,1238,1238,1238,1237,1237,1236,1236,1236,1235,1235,1235,1234,1234,1234,1233,1233,1233,1232,1232,1232,1231,1231,1231,1231,1231,1231,1231,1231,1231,1231,1231,1231,1231,1231,1231,1231,1230,1230,1230,1230,1230,1230,1230,1230,1230,1230,1230,1230,1230,1229,1229,1229,1229,1229,1229,1229,1229,1229,1229,1228,1228,1228,1228,1228,1228,1228,1228,1228,1227,1227,1227,1227,1227,1227,1227,1227,1227,1226,1226,1226,1226,1226,1226,1226,1226,1226,1226,1226,1226,1226,1225,1225,1225,1225,1225,1225,1225,1225,1225,1225,1225,1225,1225,1225,1225,1225,1225,1225,1224,1223,1222,1221,1220,1218,1216,1214,1212,1210,1207,1205,1202,1199,1196,1192,1189,1185,1181,1177,1173,1169,1165,1161,1156,1152,1148,1143,1138,1134,1129,1125,1120,1115,1111,1106,1101,1097,1093,1088,1084,1080,1076,1072,1068,1064,1060,1057,1053,1050,1047,1044,1042,1039,1037,1035,1033,1031,1029,1028,1027,1026,1025,1024,1024,1024,1024,1024,1024,1024,1024,1024,1024,1024,1024,1024,1024,1024,1024,1024,1024,1024,1024,1024,1024

lead:V1
count:470
points:1024,1024,1024,1023,1023,1023,1022,1021,1020,1019,1018,1017,1016,1015,1013,1012,1010,1009,1007,1005,1003,1002,1000,998,996,994,992,990,989,987,985,983,981,980,978,977,975,974,972,971,970,969,968,967,966,966,965,965,965,964,964,964,965,965,965,966,967,968,969,970,971,972,974,975,977,979,980,982,984,986,988,990,992,995,997,999,1001,1003,1005,1007,1010,1012,1014,1015,1017,1019,1021,1022,1024,1025,1027,1028,1029,1030,1031,1032,1032,1033,1033,1033,1033,1033,1033,1033,1033,1033,1034,1034,1034,1034,1035,1035,1036,1037,1038,1039,1041,1043,1046,1048,1052,1056,1061,1066,1072,1055,1037,1020,1003,986,969,952,934,900,900,886,873,859,846,832,819,805,792,778,764,751,737,724,710,697,683,670,656,629,629,649,669,688,708,748,748,765,781,798,814,831,847,864,880,913,913,912,910,908,907,905,903,901,900,898,896,895,894,894,893,892,891,890,889,888,888,887,886,885,884,884,883,882,881,881,880,879,879,878,877,877,876,875,875,874,874,873,873,872,872,872,871,871,870,870,870,870,869,869,869,869,869,869,869,869,869,869,869,869,869,870,870,870,871,872,872,873,874,875,876,877,878,880,881,882,884,885,887,889,890,892,894,896,898,900,902,904,906,909,911,913,916,918,921,923,926,929,932,934,937,940,943,946,949,952,955,958,961,964,967,971,974,977,980,984,987,990,993,997,1000,1003,1007,1010,1013,1014,1014,1014,1014,1014,1015,1015,1015,1015,1015,1016,1016,1016,1016,1016,1017,1017,1017,1017,1017,1017,1018,1018,1018,1018,1018,1019,1019,1019,1019,1019,1019,1020,1020,1020,1020,1020,1020,1020,1021,1021,1021,1021,1021,1021,1021,1022,1022,1022,1022,1022,1022,1022,1022,1022,1023,1023,1023,1023,1023,1023,1023,1023,1023,1023,1023,1023,1024,1024,1024,1024,1024,1024,1024,1024,1024,1024,1024,1024,1024,1024,1024,1024,1024,1024,1024,1024,1024,1024,1024,1024,1024,1024,1024,1024,1024,1024,1024,1024,1024,1024,1024,1024,1024,1024,1024,1024,1024,1024,1024,1024,1024,1024,1024,1024,1024,1024,1024,1024,1024,1024,1024,1024,1024,1024,1024,1024,1024,1024,1024,1024,1024,1024,1024,1024,1024,1024,1024,1024,1024,1024,1024,1024,1024,1024,1024,1024,1024,1024,1024,1024,1024,1024,1024,1024,1024,1024,1024,1024,1024,1024,1024,1024,1024,1024,1024,1024,1024,1024,1024,1024

lead:V2
count:470
points:1024,1024,1024,1024,1023,1023,1022,1022,1021,1020,1020,1019,1018,1017,1016,1015,1013,1012,1011,1010,1008,1007,1005,1004,1003,1001,1000,998,997,996,994,993,992,990,989,988,987,986,985,984,983,982,981,981,980,980,979,979,979,978,978,978,979,979,979,980,980,981,982,982,983,984,985,987,988,989,990,992,993,995,996,998,999,1001,1003,1004,1006,1007,1009,1011,1012,1014,1015,1017,1018,1019,1021,1022,1023,1024,1025,1026,1027,1027,1028,1029,1029,1029,1030,1030,1030,1030,1030,1030,1030,1030,1030,1030,1030,1031,1031,1032,1032,1033,1034,1036,1037,1039,1042,1045,1048,1052,1056,1061,1067,1072,1077,1082,1086,1091,1096,1101,1105,1115,1115,1086,1057,1028,999,970,941,912,883,854,825,796,768,739,710,681,652,623,594,536,536,560,584,608,631,679,679,698,718,737,756,775,794,813,833,871,871,870,868,867,866,865,863,862,861,860,858,858,857,856,855,854,854,853,852,851,851,850,849,848,848,847,846,845,845,844,843,843,842,841,841,840,840,839,839,838,838,837,837,836,836,836,835,835,835,834,834,834,834,833,833,833,833,833,833,833,833,833,833,833,833,834,834,835,836,836,837,838,839,840,841,842,844,845,846,848,849,851,853,855,857,859,861,863,865,867,869,872,874,877,879,882,885,887,890,893,896,899,902,905,908,911,914,918,921,924,927,931,934,938,941,945,948,952,955,959,962,966,970,973,977,981,984,988,992,995,998,1002,1005,1009,1012,1015,1019,1022,1026,1029,1032,1036,1039,1042,1045,1049,1052,1055,1058,1061,1065,1068,1071,1074,1077,1080,1083,1086,1089,1092,1095,1097,1100,1103,1106,1108,1111,1113,1116,1118,1121,1123,1126,1128,1130,1132,1134,1137,1139,1141,1143,1144,1146,1148,1150,1152,1153,1155,1156,1158,1159,1160,1162,1163,1164,1165,1166,1167,1168,1169,1170,1170,1171,1172,1172,1173,1173,1174,1174,1174,1174,1174,1174,1174,1174,1174,1173,1172,1171,1170,1169,1168,1166,1165,1163,1161,1159,1157,1155,1152,1150,1147,1144,1142,1139,1136,1133,1130,1126,1123,1120,1116,1113,1110,1106,1103,1099,1096,1092,1089,1085,1082,1079,1075,1072,1069,1066,1063,1060,1057,1054,1051,1049,1046,1044,1041,1039,1037,1035,1033,1032,1030,1029,1028,1027,1026,1025,1025,1024,1024,1024,1024,1024,1024,1024,1024,1024,1024,1024,1024,1024,1024,1024,1024,1024,1024,1024,1024,1024,1024

lead:V3
count:470
points:1024,1024,1024,1024,1024,1023,1023,1023,1022,1022,1022,1021,1021,1020,1020,1019,1018,1018,1017,1016,1015,1015,1014,1013,1012,1012,1011,1010,1009,1009,1008,1007,1006,1006,1005,1004,1004,1003,1003,1002,1002,1001,1001,1001,1000,1000,1000,1000,999,999,999,999,999,1000,1000,1000,1000,1001,1001,1001,1002,1002,1003,1004,1004,1005,1005,1006,1007,1008,1008,1009,1010,1011,1012,1012,1013,1014,1015,1016,1017,1017,1018,1019,1019,1020,1021,1021,1022,1023,1023,1024,1024,1024,1025,1025,1025,1025,1025,1026,1026,1026,1026,1026,1026,1026,1026,1026,1026,1026,1027,1027,1027,1028,1029,1030,1032,1033,1035,1038,1040,1044,1047,1051,1056,1082,1108,1134,1160,1186,1212,1238,1264,1316,1316,1276,1236,1196,1156,1116,1076,1036,996,956,916,876,836,796,756,716,676,636,596,516,516,540,565,589,614,662,662,697,733,768,803,838,873,908,943,1013,1013,1012,1010,1009,1007,1005,1004,1002,1001,999,997,997,996,996,995,995,994,994,993,992,992,991,991,990,990,989,989,988,988,987,987,987,986,986,985,985,985,984,984,983,983,983,983,982,982,982,981,981,981,981,981,980,980,980,980,980,980,980,980,980,980,980,980,980,980,980,980,981,981,981,982,982,982,983,983,984,985,985,986,987,987,988,989,990,990,991,992,993,994,995,996,997,998,999,1001,1002,1003,1004,1005,1007,1008,1009,1011,1012,1013,1015,1016,1018,1019,1021,1022,1024,1025,1027,1028,1030,1031,1033,1035,1036,1038,1039,1041,1043,1044,1046,1048,1049,1051,1054,1057,1060,1063,1067,1070,1073,1076,1079,1082,1085,1088,1091,1094,1097,1101,1104,1107,1109,1112,1115,1118,1121,1124,1127,1130,1132,1135,1138,1141,1143,1146,1148,1151,1153,1156,1158,1161,1163,1166,1168,1170,1172,1174,1177,1179,1181,1183,1185,1187,1188,1190,1192,1194,1195,1197,1198,1200,1201,1203,1204,1205,1207,1208,1209,1210,1211,1212,1213,1214,1215,1215,1216,1217,1217,1218,1218,1218,1219,1219,1219,1219,1219,1219,1219,1219,1219,1218,1217,1216,1214,1213,1211,1209,1207,1205,1202,1200,1197,1194,1191,1188,1184,1181,1177,1173,1169,1165,1161,1157,1153,1148,1144,1140,1135,1131,1126,1122,1117,1113,1108,1104,1099,1095,1091,1086,1082,1078,1074,1070,1067,1063,1059,1056,1053,1050,1047,1044,1041,1039,1036,1034,1032,1031,1029,1028,1027,1026,1025,1024,1024,1024,1024,1024,1024,1024,1024,1024,1024,1024,1024,1024,1024,1024,1024,1024,1024,1024,1024,1024,1024

lead:V4
count:470
points:1024,1024,1024,1024,1024,1024,1024,1024,1024,1024,1024,1024,1024,1024,1024,1024,1024,1024,1024,1024,1024,1024,1024,1024,1024,1024,1024,1024,1024,1024,1024,1024,1024,1024,1024,1025,1025,1025,1025,1025,1025,1025,1025,1025,1025,1025,1025,1025,1025,1025,1025,1025,1025,1025,1025,1025,1025,1024,1024,1024,1024,1024,1024,1024,1024,1024,1024,1024,1024,1023,1023,1023,1023,1023,1023,1023,1023,1023,1022,1022,1022,1022,1022,1022,1022,1022,1022,1021,1021,1021,1021,1021,1021,1021,1021,1021,1021,1021,1021,1021,1021,1021,1021,1021,1021,1021,1021,1021,1021,1021,1021,1022,1022,1023,1023,1024,1025,1026,1027,1028,1030,1032,1034,1037,1040,1084,1127,1171,1215,1258,1302,1346,1390,1477,1477,1432,1387,1342,1297,1252,1206,1161,1116,1071,1026,981,936,891,846,800,755,710,665,575,575,596,617,638,659,701,701,730,759,787,816,845,873,902,931,988,988,988,988,987,987,987,987,987,987,987,986,987,987,987,987,987,987,987,987,988,988,988,988,988,988,988,988,988,989,989,989,989,989,989,989,989,989,989,989,990,990,990,990,990,990,990,990,990,990,990,990,990,990,990,990,990,990,990,990,990,990,990,990,990,991,991,991,991,991,991,992,992,992,993,993,994,994,994,995,995,996,997,997,998,998,999,1000,1001,1001,1002,1003,1004,1004,1005,1006,1007,1008,1009,1010,1011,1012,1013,1014,1015,1016,1017,1018,1019,1020,1021,1023,1024,1025,1026,1027,1028,1030,1031,1032,1033,1034,1036,1037,1038,1039,1041,1042,1043,1044,1048,1052,1055,1059,1062,1066,1069,1073,1076,1080,1083,1087,1090,1094,1097,1101,1104,1107,1111,1114,1117,1121,1124,1127,1130,1134,1137,1140,1143,1146,1149,1152,1155,1158,1161,1163,1166,1169,1172,1174,1177,1179,1182,1184,1187,1189,1191,1194,1196,1198,1200,1202,1204,1206,1208,1210,1211,1213,1215,1216,1218,1219,1221,1222,1223,1225,1226,1227,1228,1229,1230,1230,1231,1232,1233,1233,1234,1234,1234,1235,1235,1235,1235,1235,1235,1235,1234,1233,1232,1231,1230,1228,1226,1224,1222,1219,1217,1214,1211,1208,1204,1201,1197,1193,1189,1185,1181,1177,1172,1168,1163,1159,1154,1149,1144,1139,1135,1130,1125,1120,1115,1110,1105,1101,1096,1091,1087,1083,1078,1074,1070,1066,1062,1058,1055,1052,1048,1045,1042,1040,1037,1035,1033,1031,1029,1028,1027,1026,1025,1024,1024,1024,1024,1024,1024,1024,1024,1024,1024,1024,1024,1024,1024,1024,1024,1024,1024,1024,1024,1024,1024

lead:V5
count:470
points:1024,1024,1024,1024,1024,1025,1025,1025,1026,1026,1026,1027,1027,1028,1029,1029,1030,1031,1031,1032,1033,1033,1034,1035,1036,1037,1037,1038,1039,1040,1041,1041,1042,1043,1043,1044,1045,1045,1046,1046,1047,1047,1048,1048,1048,1049,1049,1049,1049,1049,1049,1049,1049,1049,1049,1048,1048,1048,1047,1047,1046,1046,1045,1044,1043,1043,1042,1041,1040,1039,1038,1037,1036,1035,1034,1033,1032,1031,1030,1029,1028,1027,1026,1025,1024,1023,1023,1022,1021,1021,1020,1019,1019,1018,1018,1018,1017,1017,1017,1017,1017,1017,1017,1017,1017,1017,1017,1017,1017,1017,1017,1017,1017,1017,1017,1018,1018,1018,1018,1019,1019,1020,1020,1021,1022,1076,1130,1185,1239,1293,1348,1402,1457,1565,1565,1522,1479,1436,1392,1349,1306,1263,1220,1176,1133,1090,1047,1003,960,917,874,830,787,701,701,715,730,745,759,788,788,806,824,842,860,878,896,914,932,968,968,970,971,972,974,975,976,978,979,980,982,982,983,984,985,985,986,987,988,988,989,990,990,991,992,993,993,994,995,995,996,996,997,998,998,999,999,1000,1000,1001,1001,1002,1002,1002,1003,1003,1003,1004,1004,1004,1005,1005,1005,1005,1005,1005,1006,1006,1006,1006,1006,1006,1006,1006,1006,1006,1006,1006,1006,1006,1007,1007,1007,1007,1007,1008,1008,1008,1008,1009,1009,1009,1009,1010,1010,1011,1011,1011,1012,1012,1013,1013,1013,1014,1014,1015,1015,1016,1016,1017,1017,1018,1019,1019,1020,1020,1021,1021,1022,1023,1023,1024,1024,1025,1026,1026,1027,1028,1028,1029,1030,1030,1031,1032,1032,1033,1034,1034,1035,1038,1042,1045,1049,1052,1056,1059,1062,1066,1069,1073,1076,1079,1083,1086,1089,1092,1096,1099,1102,1105,1108,1112,1115,1118,1121,1124,1127,1130,1133,1136,1138,1141,1144,1147,1149,1152,1155,1157,1160,1162,1165,1167,1170,1172,1174,1176,1179,1181,1183,1185,1187,1189,1190,1192,1194,1196,1197,1199,1200,1202,1203,1205,1206,1207,1208,1209,1210,1211,1212,1213,1214,1215,1215,1216,1217,1217,1217,1218,1218,1218,1218,1219,1219,1219,1218,1218,1217,1216,1215,1214,1212,1210,1208,1206,1204,1202,1199,1196,1193,1190,1187,1183,1180,1176,1173,1169,1165,1161,1156,1152,1148,1144,1139,1135,1130,1126,1121,1117,1112,1108,1103,1099,1095,1090,1086,1082,1078,1074,1070,1066,1063,1059,1056,1053,1049,1046,1044,1041,1039,1036,1034,1032,1031,1029,1028,1027,1026,1025,1024,1024,1024,1024,1024,1024,1024,1024,1024,1024,1024,1024,1024,1024,1024,1024,1024,1024,1024,1024,1024,1024

lead:V6
count:470
points:1024,1024,1024,1024,1025,1025,1026,1026,1027,1028,1028,1029,1030,1031,1032,1033,1035,1036,1037,1039,1040,1041,1043,1044,1046,1047,1048,1050,1051,1053,1054,1056,1057,1058,1059,1061,1062,1063,1064,1065,1066,1066,1067,1068,1068,1069,1069,1070,1070,1070,1070,1070,1070,1070,1069,1069,1068,1067,1067,1066,1065,1064,1062,1061,1060,1058,1057,1055,1054,1052,1051,1049,1047,1045,1044,1042,1040,1038,1037,1035,1033,1032,1030,1028,1027,1025,1024,1023,1021,1020,1019,1018,1017,1016,1016,1015,1015,1014,1014,1014,1014,1014,1014,1014,1014,1014,1014,1014,1014,1014,1013,1013,1013,1013,1013,1012,1012,1011,1011,1010,1009,1008,1007,1005,1004,1060,1117,1174,1231,1288,1345,1401,1458,1572,1572,1537,1502,1467,1433,1398,1363,1328,1293,1258,1224,1189,1154,1119,1084,1050,1015,980,945,876,876,881,887,893,899,911,911,914,918,921,924,927,930,933,936,942,942,944,945,947,948,950,951,953,954,956,957,958,958,958,959,959,959,960,960,960,961,961,961,962,962,962,962,963,963,963,963,964,964,964,964,965,965,965,965,966,966,966,966,966,966,967,967,967,967,967,967,967,967,967,967,968,968,968,968,968,968,968,968,968,968,968,968,968,968,968,968,968,968,968,968,968,968,968,968,968,968,968,968,968,968,969,969,969,969,969,969,969,969,969,969,969,969,969,970,970,970,970,970,970,970,970,970,970,971,971,971,971,971,971,971,971,971,972,972,972,972,972,972,972,972,972,973,973,973,973,973,973,974,975,975,976,977,978,980,981,983,984,986,988,990,992,995,997,999,1002,1005,1008,1010,1013,1016,1020,1023,1026,1029,1033,1036,1040,1043,1047,1050,1054,1058,1061,1065,1069,1073,1076,1080,1084,1088,1091,1095,1098,1102,1106,1109,1113,1116,1119,1123,1126,1129,1132,1135,1138,1141,1143,1146,1148,1151,1153,1155,1157,1159,1161,1163,1164,1166,1167,1168,1169,1170,1171,1171,1172,1172,1172,1172,1172,1172,1172,1171,1171,1170,1169,1167,1166,1165,1163,1161,1159,1157,1155,1153,1151,1148,1146,1143,1140,1137,1134,1131,1128,1125,1122,1119,1115,1112,1108,1105,1102,1098,1095,1091,1088,1085,1081,1078,1075,1071,1068,1065,1062,1059,1056,1054,1051,1048,1046,1043,1041,1039,1037,1035,1033,1032,1030,1029,1028,1027,1026,1025,1025,1024,1024,1024,1024,1024,1024,1024,1024,1024,1024,1024,1024,1024,1024,1024,1024,1024,1024,1024,1024,1024,1024

