pathology:lateralmi
group:infarction
title:Sinus rhythm during anterolateral MI
name:Синусовый ритм при боковом ИМ
leads:12

lead:I
count:520
points:1024,1024,1024,1025,1025,1026,1026,1027,1028,1029,1030,1032,1033,1034,1036,1038,1039,1041,1043,1045,1047,1049,1051,1053,1055,1057,1059,1061,1064,1066,1068,1070,1071,1073,1075,1077,1078,1080,1082,1083,1084,1085,1086,1087,1088,1089,1090,1090,1090,1090,1091,1090,1090,1090,1090,1089,1088,1087,1086,1085,1084,1083,1082,1080,1078,1077,1075,1073,1071,1070,1068,1066,1064,1061,1059,1057,1055,1053,1051,1049,1047,1045,1043,1041,1039,1038,1036,1034,1033,1032,1030,1029,1028,1027,1026,1026,1025,1025,1024,1024,1024,1024,1024,1024,1024,1024,1024,1024,1024,1024,1024,1024,1024,1024,1024,1024,1024,1024,1024,1024,1024,1024,1024,1024,1024,1024,1024,1024,1024,1024,1024,1024,1023,1023,1023,1023,1022,1022,1022,1021,1021,1020,1020,1019,1018,1017,1016,1015,1014,1012,1011,1009,1008,1004,1004,1000,996,993,989,986,982,978,975,971,968,984,1001,1018,1035,1051,1068,1085,1102,1118,1135,1152,1169,1185,1202,1219,1235,1252,1269,1286,1302,1319,1336,1353,1369,1403,1403,1389,1376,1362,1348,1335,1322,1308,1295,1282,1270,1257,1245,1233,1221,1209,1198,1187,1177,1167,1157,1147,1138,1129,1121,1113,1106,1099,1093,1087,1081,1076,1072,1068,1064,1061,1059,1057,1056,1055,1055,1059,1064,1068,1072,1077,1080,1084,1087,1089,1092,1093,1095,1096,1096,1097,1098,1100,1101,1102,1103,1105,1106,1107,1108,1110,1111,1112,1113,1115,1116,1117,1118,1119,1121,1122,1123,1124,1125,1126,1127,1129,1130,1131,1132,1133,1134,1135,1136,1137,1138,1139,1140,1141,1142,1143,1144,1145,1145,1146,1147,1148,1149,1149,1150,1151,1152,1152,1153,1154,1154,1155,1155,1156,1156,1157,1157,1158,1158,1159,1159,1160,1160,1160,1160,1161,1161,1161,1161,1162,1162,1162,1162,1162,1162,1162,1162,1162,1162,1162,1162,1161,1161,1160,1160,1159,1158,1157,1156,1155,1154,1153,1152,1150,1149,1147,1146,1144,1142,1141,1139,1137,1135,1133,1131,1128,1126,1124,1122,1119,1117,1114,1112,1109,1107,1104,1102,1099,1096,1093,1091,1088,1085,1082,1079,1076,1074,1071,1068,1065,1062,1059,1056,1053,1051,1048,1045,1042,1039,1037,1034,1031,1028,1026,1023,1021,1018,1015,1013,1011,1008,1006,1004,1001,999,997,995,993,991,989,988,986,984,983,981,980,978,977,976,975,974,973,972,971,970,970,969,969,968,968,968,968,968,968,968,968,968,968,969,969,970,970,971,971,972,973,973,974,975,976,977,978,979,980,981,982,983,984,986,987,988,989,991,992,993,995,996,997,998,1000,1001,1002,1004,1005,1006,1007,1008,1010,1011,1012,1013,1014,1015,1016,1017,1018,1018,1019,1020,1020,1021,1022,1022,1023,1023,1023,1024,1024,1024,1024,1024,1024,1024,1024,1024,1024,1024,1024,1024,1024,1024,1024,1024,1024,1024,1024,1024,1024,1024,1024

lead:II
count:520
points:1024,1024,1024,1025,1026,1027,1028,1029,1030,1032,1034,1036,1038,1040,1043,1045,1048,1051,1053,1056,1059,1062,1066,1069,1072,1075,1078,1082,1085,1088,1091,1094,1097,1100,1103,1105,1108,1110,1113,1115,1117,1118,1120,1122,1123,1124,1125,1125,1126,1126,1126,1126,1126,1125,1125,1124,1123,1122,1120,1118,1117,1115,1113,1110,1108,1105,1103,1100,1097,1094,1091,1088,1085,1082,1078,1075,1072,1069,1066,1062,1059,1056,1053,1051,1048,1045,1043,1040,1038,1036,1034,1032,1030,1029,1028,1027,1026,1025,1024,1024,1024,1024,1024,1024,1024,1024,1024,1024,1024,1024,1024,1024,1024,1024,1024,1024,1024,1024,1024,1024,1024,1024,1024,1024,1024,1024,1024,1024,1024,1024,1024,1024,1023,1023,1023,1023,1022,1022,1022,1021,1021,1020,1020,1019,1018,1017,1016,1015,1014,1012,1011,1009,1008,1004,1004,1000,996,993,989,986,982,978,975,971,968,987,1007,1026,1046,1065,1085,1104,1124,1143,1163,1182,1202,1221,1241,1260,1280,1299,1319,1338,1358,1377,1397,1416,1436,1475,1475,1453,1432,1411,1390,1369,1348,1327,1307,1287,1267,1247,1228,1209,1191,1173,1156,1139,1122,1106,1091,1076,1062,1048,1035,1023,1012,1001,991,982,973,965,958,952,947,942,939,936,934,932,932,942,952,962,972,981,989,997,1004,1010,1015,1019,1022,1024,1024,1022,1021,1019,1017,1016,1014,1012,1011,1009,1007,1006,1004,1003,1001,999,998,996,995,993,991,990,988,987,985,984,982,981,980,978,977,975,974,973,971,970,969,967,966,965,964,962,961,960,959,958,957,956,955,954,953,952,951,950,949,948,948,947,946,945,945,944,943,943,942,942,941,941,940,940,939,939,939,938,938,938,938,937,937,937,937,937,937,937,937,937,938,938,939,939,940,941,942,943,944,945,947,948,950,951,953,955,957,959,961,963,965,967,970,972,974,977,980,982,985,988,991,994,997,1000,1003,1006,1009,1012,1015,1019,1022,1025,1028,1032,1035,1039,1042,1045,1049,1052,1056,1059,1062,1066,1069,1073,1076,1079,1083,1086,1089,1092,1095,1099,1102,1105,1108,1111,1114,1117,1119,1122,1125,1127,1130,1132,1135,1137,1139,1142,1144,1146,1148,1150,1151,1153,1155,1156,1158,1159,1160,1161,1162,1163,1164,1165,1166,1166,1167,1167,1167,1167,1167,1167,1167,1167,1166,1165,1165,1164,1163,1161,1160,1158,1157,1155,1153,1151,1149,1146,1144,1141,1139,1136,1133,1131,1128,1125,1122,1118,1115,1112,1109,1106,1102,1099,1096,1092,1089,1086,1083,1079,1076,1073,1070,1067,1064,1061,1058,1055,1052,1050,1047,1045,1043,1041,1038,1037,1035,1033,1032,1030,1029,1028,1027,1026,1025,1025,1024,1024,1024,1024,1024,1024,1024,1024,1024,1024,1024,1024,1024,1024,1024,1024,1024,1024,1024,1024,1024,1024

lead:III
count:520
points:1024,1024,1024,1024,1025,1025,1025,1026,1026,1027,1027,1028,1029,1030,1030,1031,1032,1033,1034,1035,1036,1037,1039,1040,1041,1042,1043,1044,1045,1046,1047,1049,1050,1051,1052,1052,1053,1054,1055,1056,1056,1057,1058,1058,1059,1059,1059,1060,1060,1060,1060,1060,1060,1060,1059,1059,1059,1058,1058,1057,1056,1056,1055,1054,1053,1052,1052,1051,1050,1049,1047,1046,1045,1044,1043,1042,1041,1040,1039,1037,1036,1035,1034,1033,1032,1031,1030,1030,1029,1028,1027,1027,1026,1026,1025,1025,1025,1024,1024,1024,1024,1024,1024,1024,1024,1024,1024,1024,1024,1024,1024,1024,1024,1024,1024,1024,1024,1024,1024,1024,1024,1024,1024,1024,1024,1024,1024,1024,1024,1024,1024,1024,1024,1024,1024,1024,1024,1024,1024,1024,1024,1024,1024,1024,1024,1024,1024,1024,1024,1024,1024,1024,1024,1024,1024,1024,1024,1024,1024,1024,1024,1024,1024,1024,1024,1027,1030,1032,1035,1038,1041,1043,1046,1049,1052,1054,1057,1060,1063,1065,1068,1071,1074,1076,1079,1082,1085,1087,1090,1096,1096,1088,1080,1073,1065,1058,1050,1043,1036,1028,1021,1014,1007,1001,994,988,981,975,969,964,958,953,948,943,938,934,930,926,922,919,916,913,911,908,906,905,904,902,902,901,901,907,913,918,923,928,933,937,941,944,947,949,951,952,952,949,946,943,941,938,935,932,929,926,923,920,917,914,912,909,906,903,900,898,895,892,889,887,884,882,879,876,874,871,869,866,864,862,859,857,855,852,850,848,846,844,842,840,838,836,834,832,830,828,827,825,823,822,820,819,817,816,815,813,812,811,810,809,808,807,806,805,804,803,803,802,802,801,801,800,800,799,799,799,799,799,799,799,799,800,800,801,802,803,805,806,808,810,812,814,817,819,822,825,828,832,835,839,842,846,850,854,859,863,868,872,877,882,887,892,898,903,909,914,920,926,931,937,943,949,955,961,967,974,980,986,992,999,1005,1011,1017,1024,1030,1036,1043,1049,1055,1061,1067,1073,1079,1085,1091,1097,1103,1108,1114,1119,1125,1130,1135,1140,1145,1150,1155,1159,1164,1168,1172,1176,1180,1184,1187,1191,1194,1197,1200,1203,1206,1208,1210,1212,1214,1216,1218,1219,1220,1221,1222,1223,1223,1224,1224,1224,1223,1223,1222,1221,1220,1219,1217,1215,1213,1211,1209,1206,1204,1201,1198,1194,1191,1188,1184,1180,1176,1172,1168,1164,1160,1156,1151,1147,1142,1138,1133,1128,1124,1119,1115,1110,1105,1101,1097,1092,1088,1084,1079,1075,1071,1067,1064,1060,1057,1053,1050,1047,1044,1041,1039,1037,1034,1033,1031,1029,1028,1027,1026,1025,1024,1024,1024,1024,1024,1024,1024,1024,1024,1024,1024,1024,1024,1024,1024,1024,1024,1024,1024,1024,1024,1024

lead:aVR
count:520
points:1024,1024,1024,1023,1022,1022,1021,1019,1018,1016,1015,1013,1011,1009,1006,1004,1001,999,996,993,990,987,984,981,978,975,972,969,966,963,960,957,954,952,949,947,944,942,940,938,936,934,932,931,930,929,928,927,927,927,926,927,927,927,928,929,930,931,932,934,936,938,940,942,944,947,949,952,954,957,960,963,966,969,972,975,978,981,984,987,990,993,996,999,1001,1004,1006,1009,1011,1013,1015,1016,1018,1019,1021,1022,1022,1023,1024,1024,1024,1024,1024,1024,1024,1024,1024,1024,1024,1024,1024,1024,1024,1024,1024,1024,1024,1024,1024,1024,1024,1024,1024,1024,1024,1024,1024,1024,1024,1024,1024,1025,1025,1025,1025,1025,1026,1026,1027,1027,1028,1028,1029,1030,1031,1032,1033,1034,1036,1037,1039,1041,1043,1048,1048,1052,1056,1060,1064,1068,1072,1077,1081,1085,1089,1068,1047,1026,1005,984,964,943,922,901,880,859,838,817,796,775,754,733,712,692,671,650,629,608,587,545,545,565,585,606,626,645,665,685,704,723,742,760,779,796,814,831,847,864,879,894,909,923,936,949,961,973,984,994,1003,1012,1020,1028,1034,1040,1045,1050,1053,1056,1058,1059,1059,1051,1042,1034,1026,1019,1012,1005,999,994,990,987,985,983,983,983,983,983,984,984,984,984,984,985,985,985,985,986,986,986,986,986,987,987,987,987,987,988,988,988,988,988,989,989,989,989,989,990,990,990,990,990,990,991,991,991,991,991,991,992,992,992,992,992,992,992,993,993,993,993,993,993,993,993,993,993,994,994,994,994,994,994,994,994,994,994,994,994,994,994,994,994,994,994,994,994,994,994,994,994,994,994,994,994,994,994,994,994,994,994,994,993,993,993,993,993,993,992,992,992,992,992,992,991,991,991,991,990,990,990,990,989,989,989,989,988,988,988,987,987,987,987,986,986,986,985,985,985,984,984,984,983,983,983,983,982,982,982,981,981,981,980,980,980,980,979,979,979,979,978,978,978,978,977,977,977,977,976,976,976,976,976,976,975,975,975,975,975,975,975,974,974,974,974,974,974,974,974,974,974,974,974,974,974,974,974,974,974,975,975,975,976,976,977,978,978,979,980,980,981,982,983,984,985,986,987,988,989,990,991,992,993,994,995,997,998,999,1000,1001,1002,1003,1005,1006,1007,1008,1009,1010,1011,1012,1013,1014,1015,1016,1017,1017,1018,1019,1020,1020,1021,1021,1022,1022,1023,1023,1023,1024,1024,1024,1024,1024,1024,1024,1024,1024,1024,1024,1024,1024,1024,1024,1024,1024,1024,1024,1024,1024,1024,1024,1024

lead:aVL
count:520
points:1024,1024,1024,1024,1024,1024,1025,1025,1025,1025,1026,1026,1026,1027,1027,1028,1028,1029,1029,1030,1030,1031,1031,1032,1032,1033,1033,1034,1035,1035,1036,1036,1037,1037,1038,1038,1039,1039,1039,1040,1040,1040,1041,1041,1041,1041,1041,1042,1042,1042,1042,1042,1042,1042,1041,1041,1041,1041,1041,1040,1040,1040,1039,1039,1039,1038,1038,1037,1037,1036,1036,1035,1035,1034,1033,1033,1032,1032,1031,1031,1030,1030,1029,1029,1028,1028,1027,1027,1026,1026,1026,1025,1025,1025,1025,1024,1024,1024,1024,1024,1024,1024,1024,1024,1024,1024,1024,1024,1024,1024,1024,1024,1024,1024,1024,1024,1024,1024,1024,1024,1024,1024,1024,1024,1024,1024,1024,1024,1024,1024,1024,1024,1024,1024,1023,1023,1023,1023,1023,1022,1022,1022,1021,1021,1021,1020,1019,1019,1018,1017,1016,1015,1014,1012,1012,1010,1008,1006,1004,1002,1000,998,996,994,991,1000,1008,1016,1024,1032,1040,1048,1056,1064,1072,1080,1088,1096,1104,1113,1121,1129,1137,1145,1153,1161,1169,1177,1185,1201,1201,1198,1194,1191,1187,1184,1181,1177,1174,1171,1167,1164,1161,1158,1155,1152,1149,1146,1144,1141,1139,1136,1134,1132,1130,1128,1126,1124,1122,1121,1119,1118,1117,1116,1115,1114,1114,1113,1113,1113,1113,1112,1111,1111,1110,1110,1109,1109,1108,1108,1107,1107,1107,1107,1107,1109,1112,1114,1116,1119,1121,1124,1126,1129,1131,1133,1136,1138,1140,1143,1145,1147,1150,1152,1154,1157,1159,1161,1163,1165,1167,1170,1172,1174,1176,1178,1180,1182,1184,1186,1188,1190,1191,1193,1195,1197,1198,1200,1202,1203,1205,1206,1208,1209,1211,1212,1213,1215,1216,1217,1218,1220,1221,1222,1223,1224,1225,1226,1226,1227,1228,1229,1229,1230,1231,1231,1232,1232,1232,1233,1233,1233,1234,1234,1234,1234,1234,1234,1234,1233,1233,1232,1231,1230,1229,1228,1226,1224,1223,1221,1219,1216,1214,1212,1209,1206,1203,1200,1197,1194,1191,1187,1183,1180,1176,1172,1168,1164,1159,1155,1151,1146,1141,1137,1132,1127,1122,1117,1112,1107,1102,1097,1092,1087,1081,1076,1071,1066,1060,1055,1050,1044,1039,1034,1029,1023,1018,1013,1008,1003,998,993,988,983,978,973,969,964,960,955,951,947,942,938,934,930,927,923,920,916,913,910,907,904,901,898,896,894,891,889,887,886,884,883,881,880,879,878,877,877,877,876,876,876,877,877,877,878,879,880,881,882,884,886,887,889,891,893,895,898,900,903,906,908,911,914,917,920,923,927,930,933,937,940,943,947,950,954,957,960,964,967,970,974,977,980,983,986,989,992,995,997,1000,1002,1005,1007,1009,1011,1013,1015,1016,1018,1019,1020,1021,1022,1023,1023,1024,1024,1024,1024,1024,1024,1024,1024,1024,1024,1024,1024,1024,1024,1024,1024,1024,1024,1024,1024,1024,1024

lead:aVF
count:520
points:1024,1024,1024,1025,1025,1026,1027,1028,1029,1030,1032,1033,1035,1037,1038,1040,1043,1045,1047,1049,1052,1054,1056,1059,1061,1064,1066,1069,1071,1074,1076,1079,1081,1083,1085,1087,1089,1091,1093,1095,1096,1098,1099,1100,1101,1102,1103,1103,1103,1104,1104,1104,1103,1103,1103,1102,1101,1100,1099,1098,1096,1095,1093,1091,1089,1087,1085,1083,1081,1079,1076,1074,1071,1069,1066,1064,1061,1059,1056,1054,1052,1049,1047,1045,1043,1040,1038,1037,1035,1033,1032,1030,1029,1028,1027,1026,1025,1025,1024,1024,1024,1024,1024,1024,1024,1024,1024,1024,1024,1024,1024,1024,1024,1024,1024,1024,1024,1024,1024,1024,1024,1024,1024,1024,1024,1024,1024,1024,1024,1024,1024,1024,1024,1024,1023,1023,1023,1023,1023,1022,1022,1022,1021,1021,1021,1020,1019,1019,1018,1017,1016,1015,1014,1012,1012,1010,1008,1006,1004,1002,1000,998,996,994,991,1004,1017,1030,1043,1056,1069,1081,1094,1107,1120,1133,1146,1158,1171,1184,1197,1210,1223,1236,1248,1261,1274,1287,1300,1326,1326,1309,1292,1275,1259,1242,1226,1210,1194,1178,1163,1147,1132,1118,1103,1089,1075,1062,1049,1037,1025,1013,1002,991,981,972,963,954,946,939,932,926,921,916,912,908,905,903,901,900,900,909,918,927,936,944,951,958,965,970,974,978,981,983,983,980,977,975,972,969,967,964,961,959,956,954,951,948,946,943,941,938,936,933,931,928,926,923,921,919,916,914,912,909,907,905,903,901,898,896,894,892,890,888,886,884,883,881,879,877,875,874,872,871,869,867,866,865,863,862,861,859,858,857,856,855,854,853,852,851,850,849,849,848,847,847,846,846,845,845,845,844,844,844,844,844,844,844,844,844,845,846,847,848,849,850,852,854,856,858,860,862,865,867,870,873,876,879,882,886,890,893,897,901,905,909,914,918,923,927,932,937,942,946,952,957,962,967,972,978,983,988,994,999,1005,1010,1016,1022,1027,1033,1038,1044,1050,1055,1061,1066,1072,1077,1083,1088,1093,1099,1104,1109,1114,1119,1124,1129,1134,1139,1143,1148,1152,1156,1161,1165,1169,1172,1176,1180,1183,1187,1190,1193,1196,1199,1201,1204,1206,1208,1210,1212,1214,1215,1217,1218,1219,1220,1221,1221,1222,1222,1222,1222,1222,1221,1220,1219,1218,1217,1215,1214,1212,1210,1207,1205,1202,1199,1196,1193,1190,1186,1183,1179,1175,1171,1167,1163,1159,1154,1150,1146,1141,1137,1132,1128,1123,1118,1114,1109,1105,1100,1096,1092,1087,1083,1079,1075,1071,1067,1063,1060,1056,1053,1050,1047,1044,1041,1039,1037,1034,1032,1031,1029,1028,1027,1026,1025,1024,1024,1024,1024,1024,1024,1024,1024,1024,1024,1024,1024,1024,1024,1024,1024,1024,1024,1024,1024,1024,1024

lead:V1
count:520
points:1024,1024,1024,1024,1025,1025,1025,1026,1027,1027,1028,1029,1030,1031,1032,1033,1034,1035,1036,1037,1039,1040,1041,1042,1044,1045,1046,1048,1049,1050,1052,1053,1054,1055,1056,1057,1058,1059,1060,1061,1062,1063,1064,1064,1065,1065,1065,1066,1066,1066,1066,1066,1066,1066,1065,1065,1065,1064,1064,1063,1062,1061,1060,1059,1058,1057,1056,1055,1054,1053,1052,1050,1049,1048,1046,1045,1044,1042,1041,1040,1039,1037,1036,1035,1034,1033,1032,1031,1030,1029,1028,1027,1027,1026,1025,1025,1025,1024,1024,1024,1024,1024,1024,1024,1024,1024,1024,1024,1024,1024,1024,1024,1024,1024,1024,1024,1024,1024,1024,1024,1024,1024,1024,1024,1024,1024,1024,1024,1024,1024,1024,1024,1025,1025,1025,1025,1025,1026,1026,1026,1027,1027,1028,1029,1029,1030,1031,1032,1033,1035,1036,1037,1039,1043,1043,1046,1050,1054,1058,1062,1066,1069,1073,1077,1081,1090,1099,1108,1117,1126,1135,1143,1152,1161,1170,1179,1188,1197,1206,1215,1224,1233,1242,1251,1260,1269,1278,1286,1295,1313,1313,1295,1276,1257,1238,1220,1202,1184,1166,1148,1130,1113,1096,1080,1063,1048,1032,1017,1003,989,975,962,950,938,927,916,906,896,887,879,872,865,859,853,848,844,841,839,837,835,835,848,862,874,887,898,909,919,928,935,942,947,951,954,954,953,952,951,950,949,948,948,947,946,945,944,943,942,942,941,940,939,938,937,937,936,935,934,933,933,932,931,930,930,929,928,927,927,926,925,925,924,923,923,922,921,921,920,920,919,918,918,917,917,916,916,915,915,914,914,914,913,913,912,912,912,911,911,911,910,910,910,910,909,909,909,909,909,908,908,908,908,908,908,908,908,908,908,908,908,909,909,909,910,910,911,912,913,914,915,916,917,918,919,921,922,923,925,927,928,930,932,934,935,937,939,942,944,946,948,950,953,955,957,960,962,965,967,970,972,975,977,980,983,985,988,991,993,996,999,1001,1004,1007,1009,1012,1015,1017,1020,1023,1025,1028,1030,1033,1035,1038,1040,1043,1045,1047,1049,1052,1054,1056,1058,1060,1062,1064,1066,1067,1069,1071,1072,1074,1075,1077,1078,1079,1081,1082,1083,1084,1085,1085,1086,1087,1087,1088,1088,1089,1089,1089,1089,1089,1089,1089,1089,1089,1089,1088,1088,1087,1087,1086,1085,1085,1084,1083,1082,1081,1080,1079,1078,1076,1075,1074,1073,1071,1070,1069,1067,1066,1064,1063,1061,1060,1058,1057,1055,1054,1052,1051,1049,1048,1046,1045,1044,1042,1041,1039,1038,1037,1036,1035,1034,1033,1032,1031,1030,1029,1028,1027,1027,1026,1026,1025,1025,1025,1024,1024,1024,1024,1024,1024,1024,1024,1024,1024,1024,1024,1024,1024,1024,1024,1024,1024,1024,1024,1024,1024,1024

lead:V2
count:520
points:1024,1024,1024,1025,1025,1026,1026,1027,1028,1029,1030,1032,1033,1034,1036,1038,1039,1041,1043,1045,1047,1049,1051,1053,1055,1057,1059,1061,1064,1066,1068,1070,1071,1073,1075,1077,1078,1080,1082,1083,1084,1085,1086,1087,1088,1089,1090,1090,1090,1090,1091,1090,1090,1090,1090,1089,1088,1087,1086,1085,1084,1083,1082,1080,1078,1077,1075,1073,1071,1070,1068,1066,1064,1061,1059,1057,1055,1053,1051,1049,1047,1045,1043,1041,1039,1038,1036,1034,1033,1032,1030,1029,1028,1027,1026,1026,1025,1025,1024,1024,1024,1024,1024,1024,1024,1024,1024,1024,1024,1024,1024,1024,1024,1024,1024,1024,1024,1024,1024,1024,1024,1024,1024,1024,1024,1024,1024,1024,1024,1024,1024,1024,1024,1024,1024,1024,1024,1024,1023,1023,1023,1023,1023,1023,1022,1022,1022,1022,1021,1021,1021,1020,1020,1019,1019,1017,1016,1014,1013,1011,1010,1008,1007,1005,1004,1023,1043,1063,1082,1102,1122,1141,1161,1181,1200,1220,1240,1260,1279,1299,1319,1338,1358,1378,1397,1417,1437,1456,1476,1516,1516,1490,1465,1440,1415,1390,1365,1340,1316,1292,1269,1245,1223,1200,1178,1157,1136,1116,1097,1078,1059,1042,1025,1009,994,979,965,953,941,930,920,910,902,895,888,883,878,875,872,870,870,885,899,913,926,939,950,961,970,979,986,991,995,998,998,998,997,996,995,994,994,993,992,991,991,990,989,988,988,987,986,985,985,984,983,982,982,981,980,980,979,978,977,977,976,975,975,974,974,973,972,972,971,971,970,969,969,968,968,967,967,966,966,965,965,964,964,964,963,963,962,962,962,961,961,961,960,960,960,960,959,959,959,959,959,958,958,958,958,958,958,958,958,958,957,957,957,957,958,958,958,959,959,960,961,962,963,964,965,967,968,970,971,973,975,977,979,981,983,985,988,990,993,996,998,1001,1004,1007,1010,1013,1016,1019,1022,1026,1029,1032,1036,1039,1043,1046,1050,1053,1057,1061,1064,1068,1072,1075,1079,1083,1087,1090,1094,1098,1101,1105,1109,1112,1116,1120,1123,1127,1130,1133,1137,1140,1143,1147,1150,1153,1156,1159,1162,1165,1168,1170,1173,1175,1178,1180,1183,1185,1187,1189,1191,1193,1194,1196,1198,1199,1200,1202,1203,1204,1205,1206,1206,1207,1207,1208,1208,1208,1208,1208,1208,1207,1207,1206,1205,1204,1202,1200,1199,1197,1195,1192,1190,1187,1184,1181,1178,1175,1172,1168,1165,1161,1157,1153,1149,1145,1141,1137,1133,1129,1125,1120,1116,1112,1108,1103,1099,1095,1091,1087,1083,1079,1075,1071,1068,1064,1061,1057,1054,1051,1048,1045,1043,1040,1038,1036,1034,1032,1030,1029,1028,1026,1026,1025,1024,1024,1024,1024,1024,1024,1024,1024,1024,1024,1024,1024,1024,1024,1024,1024,1024,1024,1024,1024,1024,1024

lead:V3
count:520
points:1024,1024,1024,1025,1025,1026,1027,1028,1029,1030,1032,1033,1035,1037,1039,1041,1043,1045,1047,1050,1052,1054,1057,1059,1062,1065,1067,1070,1072,1075,1077,1079,1082,1084,1086,1088,1090,1092,1094,1096,1097,1099,1100,1101,1102,1103,1104,1104,1105,1105,1105,1105,1105,1104,1104,1103,1102,1101,1100,1099,1097,1096,1094,1092,1090,1088,1086,1084,1082,1079,1077,1075,1072,1070,1067,1065,1062,1059,1057,1054,1052,1050,1047,1045,1043,1041,1039,1037,1035,1033,1032,1030,1029,1028,1027,1026,1025,1025,1024,1024,1024,1024,1024,1024,1024,1024,1024,1024,1024,1024,1024,1024,1024,1024,1024,1024,1024,1024,1024,1024,1024,1024,1024,1024,1024,1024,1024,1024,1024,1024,1023,1023,1023,1023,1023,1022,1022,1021,1021,1020,1020,1019,1018,1017,1016,1014,1013,1012,1010,1008,1006,1004,1001,996,996,989,983,976,969,963,956,949,943,936,929,957,984,1012,1039,1067,1094,1122,1149,1177,1204,1232,1259,1287,1314,1342,1369,1397,1424,1452,1479,1507,1534,1562,1589,1644,1644,1616,1588,1560,1532,1504,1477,1450,1423,1396,1370,1345,1319,1294,1270,1247,1224,1201,1179,1158,1138,1119,1100,1082,1065,1049,1034,1020,1007,994,983,973,964,955,948,942,937,934,931,929,929,942,955,968,980,992,1002,1012,1021,1029,1035,1040,1044,1047,1047,1046,1046,1045,1045,1044,1044,1043,1042,1042,1041,1041,1040,1040,1039,1038,1038,1037,1037,1036,1036,1035,1035,1034,1034,1033,1033,1032,1032,1031,1031,1030,1030,1029,1029,1028,1028,1027,1027,1027,1026,1026,1025,1025,1025,1024,1024,1023,1023,1023,1022,1022,1022,1021,1021,1021,1021,1020,1020,1020,1020,1019,1019,1019,1019,1018,1018,1018,1018,1018,1018,1018,1017,1017,1017,1017,1017,1017,1017,1017,1017,1017,1017,1017,1017,1017,1018,1018,1019,1020,1021,1022,1023,1024,1026,1027,1029,1031,1033,1034,1037,1039,1041,1043,1046,1048,1051,1054,1057,1060,1063,1066,1069,1072,1076,1079,1083,1086,1090,1094,1097,1101,1105,1109,1113,1117,1121,1125,1129,1133,1137,1142,1146,1150,1154,1158,1162,1167,1171,1175,1179,1183,1187,1191,1195,1200,1203,1207,1211,1215,1219,1223,1226,1230,1234,1237,1241,1244,1247,1250,1254,1257,1260,1263,1265,1268,1271,1273,1275,1278,1280,1282,1284,1286,1288,1289,1291,1292,1293,1295,1296,1297,1297,1298,1299,1299,1299,1299,1300,1299,1299,1298,1297,1296,1294,1292,1290,1288,1285,1282,1279,1275,1272,1268,1264,1259,1255,1250,1245,1240,1234,1229,1223,1217,1212,1206,1199,1193,1187,1181,1174,1168,1162,1155,1149,1143,1136,1130,1124,1118,1112,1106,1100,1095,1089,1084,1079,1074,1069,1064,1060,1056,1052,1048,1045,1041,1038,1036,1033,1031,1029,1028,1026,1025,1025,1024,1024,1024,1024,1024,1024,1024,1024,1024,1024,1024,1024,1024,1024,1024,1024,1024,1024,1024,1024,1024

lead:V4
count:520
points:1024,1024,1024,1025,1025,1026,1027,1028,1029,1030,1032,1034,1035,1037,1039,1041,1043,1046,1048,1050,1053,1055,1058,1060,1063,1066,1068,1071,1073,1076,1078,1081,1083,1086,1088,1090,1092,1094,1096,1098,1099,1101,1102,1103,1104,1105,1106,1106,1107,1107,1107,1107,1107,1106,1106,1105,1104,1103,1102,1101,1099,1098,1096,1094,1092,1090,1088,1086,1083,1081,1078,1076,1073,1071,1068,1066,1063,1060,1058,1055,1053,1050,1048,1046,1043,1041,1039,1037,1035,1034,1032,1030,1029,1028,1027,1026,1025,1025,1024,1024,1024,1024,1024,1024,1024,1024,1024,1024,1024,1024,1024,1024,1024,1024,1024,1024,1024,1024,1024,1024,1024,1024,1024,1024,1024,1024,1024,1024,1024,1023,1023,1023,1023,1022,1022,1021,1020,1020,1019,1018,1016,1015,1014,1012,1010,1008,1006,1003,1000,997,994,990,986,977,977,966,955,944,933,922,911,900,890,879,868,899,930,961,993,1024,1055,1086,1117,1149,1180,1211,1242,1273,1305,1336,1367,1398,1429,1461,1492,1523,1554,1585,1617,1679,1679,1652,1626,1600,1573,1547,1521,1496,1470,1445,1420,1396,1372,1349,1326,1304,1282,1261,1240,1220,1201,1183,1165,1148,1132,1117,1103,1089,1077,1065,1055,1045,1036,1028,1022,1016,1011,1008,1005,1003,1003,1013,1023,1033,1042,1051,1059,1067,1074,1079,1084,1088,1091,1093,1093,1093,1093,1092,1092,1092,1092,1091,1091,1091,1091,1090,1090,1090,1089,1089,1089,1089,1088,1088,1088,1088,1087,1087,1087,1087,1086,1086,1086,1086,1085,1085,1085,1085,1085,1084,1084,1084,1084,1084,1083,1083,1083,1083,1083,1082,1082,1082,1082,1082,1082,1081,1081,1081,1081,1081,1081,1081,1080,1080,1080,1080,1080,1080,1080,1080,1080,1080,1079,1079,1079,1079,1079,1079,1079,1079,1079,1079,1079,1079,1079,1079,1079,1079,1079,1079,1080,1080,1081,1082,1083,1084,1085,1086,1087,1089,1090,1092,1094,1096,1098,1100,1102,1104,1107,1109,1112,1114,1117,1120,1123,1126,1129,1132,1135,1139,1142,1146,1149,1153,1156,1160,1164,1167,1171,1175,1179,1183,1187,1191,1194,1198,1202,1206,1210,1214,1219,1223,1227,1231,1235,1238,1242,1246,1250,1254,1258,1262,1265,1269,1273,1276,1280,1283,1287,1290,1294,1297,1300,1303,1306,1309,1312,1315,1317,1320,1322,1325,1327,1329,1331,1333,1335,1337,1339,1340,1342,1343,1344,1345,1346,1347,1348,1349,1349,1350,1350,1350,1350,1350,1349,1348,1347,1346,1344,1342,1339,1336,1333,1329,1326,1322,1317,1312,1308,1302,1297,1291,1285,1279,1273,1266,1260,1253,1246,1239,1232,1224,1217,1210,1202,1195,1187,1180,1172,1165,1157,1150,1142,1135,1128,1121,1114,1108,1101,1095,1089,1083,1077,1072,1067,1062,1057,1053,1048,1045,1041,1038,1035,1032,1030,1028,1027,1026,1025,1024,1024,1024,1024,1024,1024,1024,1024,1024,1024,1024,1024,1024,1024,1024,1024,1024,1024,1024,1024,1024

lead:V5
count:520
points:1024,1024,1024,1025,1025,1026,1027,1027,1028,1030,1031,1032,1034,1035,1037,1039,1041,1043,1045,1047,1049,1051,1054,1056,1058,1060,1063,1065,1067,1069,1072,1074,1076,1078,1080,1082,1084,1085,1087,1088,1090,1091,1092,1093,1094,1095,1096,1096,1096,1097,1097,1097,1096,1096,1096,1095,1094,1093,1092,1091,1090,1088,1087,1085,1084,1082,1080,1078,1076,1074,1072,1069,1067,1065,1063,1060,1058,1056,1054,1051,1049,1047,1045,1043,1041,1039,1037,1035,1034,1032,1031,1030,1028,1027,1027,1026,1025,1025,1024,1024,1024,1024,1024,1024,1024,1024,1024,1024,1024,1024,1024,1024,1024,1024,1024,1024,1024,1024,1024,1024,1024,1024,1024,1024,1024,1024,1024,1024,1023,1023,1023,1023,1022,1022,1021,1020,1019,1019,1017,1016,1015,1013,1011,1009,1007,1004,1001,998,994,991,986,982,977,965,965,952,938,925,912,898,885,872,858,845,831,862,892,922,952,982,1012,1042,1072,1102,1132,1162,1193,1223,1253,1283,1313,1343,1373,1403,1433,1463,1493,1524,1554,1614,1614,1593,1572,1551,1530,1510,1489,1469,1449,1429,1409,1390,1371,1353,1334,1317,1300,1283,1267,1251,1236,1221,1207,1194,1181,1169,1158,1147,1137,1128,1120,1112,1105,1099,1094,1089,1086,1083,1081,1079,1079,1085,1090,1095,1100,1105,1110,1114,1117,1120,1123,1125,1127,1128,1128,1128,1128,1128,1128,1128,1128,1128,1128,1128,1129,1129,1129,1129,1129,1129,1129,1129,1129,1129,1129,1129,1129,1129,1129,1129,1130,1130,1130,1130,1130,1130,1130,1130,1130,1130,1130,1130,1130,1130,1130,1130,1130,1130,1130,1130,1130,1131,1131,1131,1131,1131,1131,1131,1131,1131,1131,1131,1131,1131,1131,1131,1131,1131,1131,1131,1131,1131,1131,1131,1131,1131,1131,1131,1131,1131,1131,1131,1131,1131,1131,1131,1131,1131,1131,1132,1132,1132,1133,1134,1134,1135,1136,1137,1138,1139,1141,1142,1143,1145,1146,1148,1150,1152,1154,1156,1158,1160,1162,1164,1167,1169,1172,1174,1177,1180,1182,1185,1188,1191,1194,1197,1200,1203,1206,1209,1212,1215,1218,1221,1224,1228,1231,1234,1237,1241,1244,1247,1250,1254,1257,1260,1263,1266,1269,1273,1276,1279,1282,1285,1288,1291,1293,1296,1299,1302,1304,1307,1310,1312,1314,1317,1319,1321,1323,1326,1328,1329,1331,1333,1335,1336,1338,1339,1341,1342,1343,1344,1345,1346,1347,1348,1348,1349,1349,1350,1350,1350,1350,1350,1349,1348,1347,1346,1344,1342,1339,1336,1333,1329,1326,1321,1317,1312,1307,1302,1297,1291,1285,1279,1273,1266,1260,1253,1246,1239,1232,1224,1217,1210,1202,1195,1187,1179,1172,1164,1157,1150,1142,1135,1128,1121,1114,1108,1101,1095,1089,1083,1077,1072,1067,1062,1057,1053,1048,1045,1041,1038,1035,1032,1030,1028,1027,1026,1025,1024,1024,1024,1024,1024,1024,1024,1024,1024,1024,1024,1024,1024,1024,1024,1024,1024,1024,1024,1024,1024

lead:V6
count:520
points:1024,1024,1024,1024,1025,1025,1026,1026,1027,1028,1029,1030,1031,1032,1033,1035,1036,1037,1039,1040,1042,1043,1045,1046,1048,1050,1051,1053,1054,1056,1058,1059,1061,1062,1063,1065,1066,1067,1068,1069,1070,1071,1072,1073,1073,1074,1074,1075,1075,1075,1075,1075,1075,1075,1074,1074,1073,1073,1072,1071,1070,1069,1068,1067,1066,1065,1063,1062,1061,1059,1058,1056,1054,1053,1051,1050,1048,1046,1045,1043,1042,1040,1039,1037,1036,1035,1033,1032,1031,1030,1029,1028,1027,1026,1026,1025,1025,1024,1024,1024,1024,1024,1024,1024,1024,1024,1024,1024,1024,1024,1024,1024,1024,1024,1024,1024,1024,1024,1024,1024,1024,1024,1024,1024,1024,1024,1024,1024,1023,1023,1023,1023,1022,1022,1021,1020,1019,1018,1017,1016,1014,1012,1011,1008,1006,1003,1000,997,993,989,985,980,975,963,963,949,935,921,907,893,880,866,852,838,824,849,873,898,922,946,971,995,1020,1044,1069,1093,1117,1142,1166,1191,1215,1239,1264,1288,1313,1337,1362,1386,1410,1459,1459,1447,1435,1422,1410,1398,1386,1374,1363,1351,1340,1328,1317,1307,1296,1286,1276,1266,1256,1247,1238,1230,1222,1214,1207,1200,1193,1187,1181,1176,1171,1166,1162,1159,1156,1153,1151,1149,1148,1147,1147,1147,1147,1147,1147,1147,1147,1147,1147,1147,1147,1147,1147,1147,1147,1147,1147,1147,1147,1147,1147,1147,1147,1147,1147,1147,1148,1148,1148,1148,1148,1148,1148,1148,1149,1149,1149,1149,1149,1149,1150,1150,1150,1150,1150,1151,1151,1151,1151,1152,1152,1152,1152,1153,1153,1153,1153,1154,1154,1154,1155,1155,1155,1156,1156,1156,1156,1157,1157,1157,1158,1158,1158,1159,1159,1160,1160,1160,1161,1161,1161,1162,1162,1162,1163,1163,1164,1164,1164,1165,1165,1165,1166,1166,1167,1167,1167,1167,1167,1168,1168,1168,1168,1169,1169,1170,1170,1171,1172,1172,1173,1174,1175,1176,1177,1178,1179,1180,1181,1182,1184,1185,1186,1188,1189,1190,1192,1194,1195,1197,1198,1200,1202,1204,1205,1207,1209,1211,1213,1214,1216,1218,1220,1222,1224,1226,1228,1230,1232,1234,1236,1238,1240,1242,1244,1246,1248,1250,1251,1253,1255,1257,1259,1261,1263,1264,1266,1268,1269,1271,1273,1274,1276,1277,1279,1280,1282,1283,1284,1286,1287,1288,1289,1290,1291,1292,1293,1294,1295,1296,1296,1297,1298,1298,1299,1299,1299,1300,1300,1300,1300,1300,1300,1300,1300,1299,1298,1297,1295,1293,1291,1289,1286,1283,1280,1276,1273,1269,1264,1260,1255,1251,1246,1240,1235,1230,1224,1218,1212,1206,1200,1194,1188,1181,1175,1169,1162,1156,1149,1143,1137,1131,1124,1118,1112,1106,1101,1095,1089,1084,1079,1074,1069,1064,1060,1056,1052,1048,1045,1041,1038,1036,1033,1031,1029,1028,1026,1025,1025,1024,1024,1024,1024,1024,1024,1024,1024,1024,1024,1024,1024,1024,1024,1024,1024,1024,1024,1024,1024,1024

