pathology:lbbbmi
group:infarction
title:LBBB and MI
name:Синусовый ритм при блокаде левой ножки пучка Гиса и ИМ
leads:12

lead:I
count:500
points:1024,1024,1024,1025,1025,1026,1027,1028,1029,1030,1031,1033,1034,1036,1038,1040,1042,1044,1046,1048,1051,1053,1055,1058,1060,1062,1065,1067,1070,1072,1074,1077,1079,1081,1083,1085,1087,1089,1090,1092,1093,1095,1096,1097,1098,1099,1100,1100,1100,1101,1101,1101,1100,1100,1100,1099,1098,1097,1096,1095,1093,1092,1090,1089,1087,1085,1083,1081,1079,1077,1074,1072,1070,1067,1065,1062,1060,1058,1055,1053,1051,1048,1046,1044,1042,1040,1038,1036,1034,1033,1031,1030,1029,1028,1027,1026,1025,1025,1024,1024,1024,1023,1021,1020,1019,1018,1016,1015,1014,1012,1011,1010,1009,1007,1006,1005,1004,1002,1001,998,998,998,998,997,996,995,994,992,990,988,986,983,980,977,974,970,966,962,958,954,950,945,940,935,930,925,920,915,909,904,898,892,887,876,876,891,906,922,937,952,968,983,998,1014,1029,1044,1060,1075,1091,1106,1121,1137,1152,1167,1183,1198,1213,1229,1244,1260,1275,1290,1306,1321,1336,1352,1367,1382,1398,1413,1428,1444,1459,1475,1490,1521,1521,1507,1494,1480,1467,1454,1440,1427,1414,1400,1387,1373,1360,1347,1333,1320,1306,1293,1280,1266,1253,1239,1226,1213,1199,1186,1172,1162,1151,1141,1130,1120,1110,1100,1090,1081,1072,1063,1054,1046,1039,1031,1024,1018,1012,1007,1002,997,994,990,988,986,984,983,983,983,983,983,983,983,983,983,983,983,983,983,983,983,983,983,983,983,983,983,983,983,983,983,983,983,983,983,983,983,983,983,983,983,983,983,983,983,983,983,983,983,983,983,983,983,983,983,983,983,983,983,983,983,983,983,983,983,983,983,983,983,983,983,983,983,983,983,983,983,983,983,983,983,983,983,983,983,983,983,983,983,983,982,982,982,982,981,981,981,980,980,979,979,978,978,977,977,976,976,975,974,974,973,972,971,971,970,969,968,968,967,966,965,964,963,962,961,960,959,959,958,957,956,955,954,953,952,951,950,949,948,947,946,945,944,943,942,941,940,939,938,937,936,935,935,934,933,932,931,930,930,929,928,927,927,926,925,925,924,923,923,922,922,921,921,920,920,919,919,919,918,918,918,917,917,917,917,917,917,917,916,916,917,917,917,917,918,919,919,920,921,922,923,925,926,927,929,931,932,934,936,938,940,942,944,946,949,951,953,956,958,960,963,965,968,970,973,975,978,980,983,985,987,990,992,994,996,999,1001,1003,1005,1006,1008,1010,1012,1013,1015,1016,1017,1018,1019,1020,1021,1022,1023,1023,1023,1024,1024

lead:II
count:500
points:1024,1024,1024,1025,1025,1026,1027,1028,1029,1031,1032,1034,1036,1038,1040,1042,1044,1047,1049,1051,1054,1057,1059,1062,1065,1068,1070,1073,1076,1078,1081,1084,1086,1088,1091,1093,1095,1097,1099,1101,1103,1104,1106,1107,1108,1109,1110,1110,1111,1111,1111,1111,1111,1110,1110,1109,1108,1107,1106,1104,1103,1101,1099,1097,1095,1093,1091,1088,1086,1084,1081,1078,1076,1073,1070,1068,1065,1062,1059,1057,1054,1051,1049,1047,1044,1042,1040,1038,1036,1034,1032,1031,1029,1028,1027,1026,1025,1025,1024,1024,1024,1024,1024,1024,1024,1024,1024,1024,1024,1024,1024,1024,1024,1024,1024,1024,1024,1024,1024,1024,1024,1024,1024,1024,1024,1024,1024,1024,1024,1025,1025,1025,1025,1025,1025,1026,1026,1027,1027,1028,1029,1030,1032,1033,1035,1038,1041,1045,1050,1055,1063,1071,1082,1111,1111,1111,1111,1110,1110,1109,1108,1107,1105,1104,1102,1100,1098,1096,1094,1091,1089,1086,1083,1080,1077,1074,1070,1067,1063,1059,1055,1051,1047,1043,1039,1034,1030,1025,1021,1016,1012,1007,1002,997,993,983,983,973,964,954,944,935,925,915,906,896,887,877,867,858,848,838,829,819,809,800,790,780,771,761,751,742,732,739,746,754,761,768,775,782,789,796,803,811,818,825,832,839,846,853,861,868,875,882,889,896,903,910,918,925,932,933,935,937,938,940,941,943,945,946,948,949,951,953,954,956,957,959,961,963,965,967,969,970,972,973,974,976,976,977,978,978,978,978,978,978,978,978,978,978,978,978,978,978,978,978,978,978,978,978,978,978,978,978,978,978,978,978,978,978,978,978,978,978,978,978,978,978,978,978,978,978,978,978,978,978,978,978,978,978,978,979,979,980,980,981,981,982,983,984,984,985,986,987,989,990,991,992,994,995,997,998,1000,1001,1003,1005,1006,1008,1010,1012,1014,1016,1018,1020,1022,1024,1026,1028,1030,1032,1034,1037,1039,1041,1043,1046,1048,1050,1052,1055,1057,1059,1062,1064,1066,1068,1071,1073,1075,1077,1079,1081,1084,1086,1088,1090,1092,1094,1096,1098,1099,1101,1103,1105,1107,1108,1110,1111,1113,1114,1116,1117,1118,1120,1121,1122,1123,1124,1125,1126,1127,1127,1128,1129,1129,1130,1130,1131,1131,1131,1131,1131,1132,1131,1131,1131,1131,1130,1129,1129,1128,1127,1126,1125,1123,1122,1121,1119,1117,1116,1114,1112,1110,1108,1106,1104,1102,1099,1097,1095,1092,1090,1088,1085,1083,1080,1078,1075,1073,1070,1068,1065,1063,1061,1058,1056,1054,1052,1049,1047,1045,1043,1042,1040,1038,1036,1035,1033,1032,1031,1030,1029,1028,1027,1026,1025,1025,1025,1024,1024

lead:III
count:500
points:1024,1024,1024,1024,1024,1024,1024,1024,1025,1025,1025,1025,1025,1026,1026,1026,1026,1027,1027,1027,1028,1028,1028,1028,1029,1029,1029,1030,1030,1030,1031,1031,1031,1032,1032,1032,1032,1033,1033,1033,1033,1033,1034,1034,1034,1034,1034,1034,1034,1034,1034,1034,1034,1034,1034,1034,1034,1034,1034,1033,1033,1033,1033,1033,1032,1032,1032,1032,1031,1031,1031,1030,1030,1030,1029,1029,1029,1028,1028,1028,1028,1027,1027,1027,1026,1026,1026,1026,1025,1025,1025,1025,1025,1024,1024,1024,1024,1024,1024,1024,1024,1025,1027,1028,1029,1030,1032,1033,1034,1036,1037,1038,1039,1041,1042,1043,1044,1046,1047,1050,1050,1050,1050,1052,1053,1055,1058,1060,1064,1067,1072,1076,1081,1086,1092,1098,1104,1111,1118,1125,1133,1141,1149,1157,1166,1175,1184,1193,1202,1211,1221,1231,1240,1260,1260,1241,1223,1204,1186,1167,1149,1131,1112,1094,1075,1057,1039,1020,1002,983,965,947,928,910,891,873,855,836,818,799,781,763,744,726,707,689,670,652,634,615,597,578,560,542,523,486,486,490,494,498,501,505,509,513,516,520,524,528,531,535,539,543,546,550,554,557,561,565,569,572,576,580,584,605,627,649,670,691,712,733,753,772,791,809,826,843,859,874,888,901,913,924,934,943,951,958,963,967,970,972,973,974,976,978,979,981,982,984,986,987,989,990,992,994,995,997,998,1000,1002,1004,1006,1008,1010,1011,1013,1014,1015,1016,1017,1018,1018,1019,1019,1019,1019,1019,1019,1019,1019,1019,1019,1019,1019,1019,1019,1019,1019,1019,1019,1019,1019,1019,1019,1019,1019,1019,1019,1019,1019,1019,1019,1019,1019,1019,1019,1019,1019,1019,1019,1019,1019,1019,1019,1019,1019,1019,1019,1019,1019,1019,1020,1020,1021,1021,1022,1023,1024,1025,1026,1027,1028,1030,1031,1033,1034,1036,1038,1040,1041,1043,1046,1048,1050,1052,1055,1057,1060,1062,1065,1067,1070,1073,1076,1079,1082,1085,1088,1091,1094,1097,1100,1103,1106,1109,1113,1116,1119,1122,1126,1129,1132,1135,1139,1142,1145,1148,1152,1155,1158,1161,1164,1167,1170,1173,1176,1179,1182,1185,1188,1190,1193,1196,1198,1201,1203,1206,1208,1210,1212,1214,1216,1218,1220,1222,1224,1225,1227,1228,1230,1231,1232,1233,1234,1235,1236,1237,1237,1238,1238,1239,1239,1239,1239,1239,1239,1238,1237,1236,1235,1233,1232,1230,1228,1225,1223,1220,1217,1214,1211,1208,1204,1200,1196,1192,1188,1184,1179,1175,1170,1166,1161,1156,1151,1146,1141,1136,1132,1127,1122,1117,1112,1107,1102,1097,1093,1088,1084,1079,1075,1071,1067,1063,1059,1055,1052,1049,1046,1043,1040,1038,1035,1033,1031,1030,1028,1027,1026,1025,1024,1024

lead:aVR
count:500
points:1024,1024,1024,1023,1023,1022,1021,1019,1018,1017,1015,1013,1011,1009,1007,1005,1002,999,997,994,991,988,986,983,980,977,974,971,968,965,962,959,957,954,951,949,947,944,942,940,938,937,935,934,933,932,931,930,930,930,929,930,930,930,931,932,933,934,935,937,938,940,942,944,947,949,951,954,957,959,962,965,968,971,974,977,980,983,986,988,991,994,997,999,1002,1005,1007,1009,1011,1013,1015,1017,1018,1019,1021,1022,1023,1023,1024,1024,1024,1025,1025,1026,1027,1028,1028,1029,1030,1031,1031,1032,1033,1034,1034,1035,1036,1037,1037,1039,1039,1039,1039,1039,1039,1039,1040,1040,1040,1041,1041,1041,1042,1042,1043,1044,1044,1045,1046,1046,1047,1048,1049,1049,1050,1051,1052,1053,1054,1055,1056,1057,1058,1059,1059,1052,1045,1038,1031,1024,1017,1010,1003,995,988,981,974,967,960,953,946,939,932,924,917,910,903,896,889,882,875,868,860,853,846,839,832,825,818,811,804,796,789,782,775,761,761,774,788,801,814,827,841,854,867,881,894,907,921,934,947,960,974,987,1000,1014,1027,1040,1054,1067,1080,1093,1107,1106,1106,1106,1105,1105,1105,1105,1104,1104,1104,1103,1103,1103,1103,1102,1102,1102,1102,1102,1101,1101,1101,1101,1101,1101,1101,1101,1101,1100,1099,1098,1097,1096,1095,1094,1093,1093,1092,1091,1090,1089,1088,1087,1086,1085,1084,1083,1082,1081,1080,1079,1078,1077,1076,1076,1075,1075,1074,1074,1074,1074,1074,1074,1074,1074,1074,1074,1074,1074,1074,1074,1074,1074,1074,1074,1074,1074,1074,1074,1074,1074,1074,1074,1074,1074,1074,1074,1074,1074,1074,1074,1074,1074,1074,1074,1074,1074,1074,1074,1074,1074,1074,1074,1074,1074,1074,1074,1074,1074,1074,1074,1074,1073,1073,1073,1073,1072,1072,1072,1071,1071,1071,1070,1070,1070,1069,1069,1068,1068,1067,1067,1066,1066,1065,1064,1064,1063,1063,1062,1061,1061,1060,1059,1059,1058,1057,1056,1056,1055,1054,1054,1053,1052,1051,1051,1050,1049,1048,1048,1047,1046,1045,1045,1044,1043,1043,1042,1041,1040,1040,1039,1038,1038,1037,1036,1036,1035,1034,1034,1033,1033,1032,1032,1031,1031,1030,1030,1029,1029,1028,1028,1027,1027,1027,1026,1026,1026,1026,1025,1025,1025,1025,1025,1024,1024,1024,1024,1024,1024,1024,1024,1024,1024,1024,1024,1024,1024,1024,1024,1024,1024,1024,1024,1024,1024,1024,1024,1024,1024,1024,1024,1024,1024,1024,1024,1024,1024,1024,1024,1024,1024,1024,1024,1024,1024,1024,1024,1024,1024,1024,1024,1024,1024,1024,1024,1024,1024,1024,1024,1024,1024,1024,1024,1024,1024,1024,1024,1024,1024,1024,1024,1024,1024,1024,1024,1024,1024

lead:aVL
count:500
points:1024,1024,1024,1024,1025,1025,1025,1026,1026,1027,1028,1028,1029,1030,1031,1032,1033,1034,1035,1036,1037,1038,1040,1041,1042,1043,1044,1046,1047,1048,1049,1050,1051,1052,1054,1055,1055,1056,1057,1058,1059,1059,1060,1061,1061,1061,1062,1062,1062,1062,1062,1062,1062,1062,1062,1061,1061,1061,1060,1059,1059,1058,1057,1056,1055,1055,1054,1052,1051,1050,1049,1048,1047,1046,1044,1043,1042,1041,1040,1038,1037,1036,1035,1034,1033,1032,1031,1030,1029,1028,1028,1027,1026,1026,1025,1025,1025,1024,1024,1024,1024,1023,1021,1020,1018,1017,1015,1014,1012,1011,1009,1008,1006,1005,1003,1002,1000,999,997,994,994,994,994,993,991,989,987,984,981,978,974,970,966,961,956,950,944,938,932,925,918,911,903,896,888,880,872,863,855,846,838,829,820,802,802,822,841,861,880,900,919,939,958,978,997,1017,1036,1056,1075,1095,1114,1134,1153,1173,1192,1212,1231,1251,1270,1290,1309,1329,1348,1368,1387,1407,1426,1446,1465,1485,1504,1524,1543,1563,1582,1621,1621,1611,1601,1591,1582,1572,1562,1552,1542,1532,1522,1512,1502,1493,1483,1473,1463,1453,1443,1433,1423,1413,1404,1394,1384,1374,1364,1345,1327,1308,1290,1271,1254,1236,1219,1202,1186,1171,1156,1141,1128,1115,1103,1092,1081,1072,1063,1055,1049,1043,1038,1035,1032,1030,1030,1029,1028,1027,1026,1025,1024,1023,1023,1022,1021,1020,1019,1018,1017,1016,1015,1014,1013,1012,1011,1010,1009,1008,1007,1006,1005,1005,1004,1004,1004,1003,1003,1003,1003,1003,1003,1003,1003,1003,1003,1003,1003,1003,1003,1003,1003,1003,1003,1003,1003,1003,1003,1003,1003,1003,1003,1003,1003,1003,1003,1003,1003,1003,1003,1003,1003,1003,1003,1003,1003,1003,1003,1003,1003,1003,1003,1003,1003,1003,1003,1002,1002,1002,1001,1000,1000,999,998,997,996,995,994,993,992,991,989,988,986,985,983,982,980,978,976,975,973,971,969,967,965,963,960,958,956,954,952,949,947,945,942,940,938,935,933,930,928,925,923,921,918,916,913,911,908,906,903,901,899,896,894,892,889,887,885,883,881,878,876,874,872,870,868,867,865,863,861,859,858,856,855,853,852,851,849,848,847,846,845,844,843,842,841,841,840,840,839,839,838,838,838,838,838,838,838,839,839,840,841,843,844,846,848,850,852,854,857,859,862,865,868,871,875,878,882,886,889,893,897,901,905,910,914,918,922,927,931,935,939,944,948,952,956,960,965,968,972,976,980,984,987,990,994,997,1000,1003,1005,1008,1010,1012,1014,1016,1018,1019,1020,1022,1022,1023,1024,1024

lead:aVF
count:500
points:1024,1024,1024,1024,1025,1025,1026,1027,1027,1028,1029,1030,1032,1033,1034,1036,1037,1039,1040,1042,1043,1045,1047,1049,1050,1052,1054,1056,1057,1059,1061,1062,1064,1066,1067,1069,1070,1071,1073,1074,1075,1076,1077,1077,1078,1079,1079,1080,1080,1080,1080,1080,1080,1080,1079,1079,1078,1077,1077,1076,1075,1074,1073,1071,1070,1069,1067,1066,1064,1062,1061,1059,1057,1056,1054,1052,1050,1049,1047,1045,1043,1042,1040,1039,1037,1036,1034,1033,1032,1030,1029,1028,1027,1027,1026,1025,1025,1024,1024,1024,1024,1025,1025,1026,1027,1028,1028,1029,1030,1031,1031,1032,1033,1034,1034,1035,1036,1037,1037,1039,1039,1039,1040,1040,1042,1043,1045,1048,1050,1053,1057,1060,1064,1069,1073,1078,1084,1089,1095,1101,1107,1113,1120,1127,1134,1141,1148,1156,1163,1171,1179,1187,1194,1210,1210,1198,1185,1173,1161,1148,1136,1124,1111,1099,1086,1074,1062,1049,1037,1024,1012,1000,987,975,962,950,938,925,913,901,888,876,863,851,839,826,814,801,789,777,764,752,740,727,715,690,690,687,683,680,676,673,670,666,663,659,656,652,649,646,642,639,635,632,629,625,622,618,615,612,608,605,601,620,639,658,677,695,714,731,749,766,782,798,813,828,842,855,867,879,889,899,908,915,922,928,933,936,939,941,941,943,945,947,949,950,952,954,956,958,960,962,963,965,967,969,971,973,975,978,980,982,984,986,988,989,990,992,993,993,994,994,994,994,994,994,994,994,994,994,994,994,994,994,994,994,994,994,994,994,994,994,994,994,994,994,994,994,994,994,994,994,994,994,994,994,994,994,994,994,994,994,994,994,994,994,994,994,995,995,995,996,996,997,997,998,999,1000,1001,1002,1004,1005,1006,1008,1009,1011,1013,1015,1017,1019,1021,1023,1025,1027,1030,1032,1034,1037,1039,1042,1045,1047,1050,1053,1056,1059,1062,1065,1068,1071,1074,1077,1080,1083,1086,1090,1093,1096,1099,1102,1106,1109,1112,1115,1118,1121,1125,1128,1131,1134,1137,1140,1143,1146,1149,1152,1154,1157,1160,1163,1165,1168,1170,1173,1175,1177,1180,1182,1184,1186,1188,1190,1192,1194,1195,1197,1198,1200,1201,1202,1203,1205,1206,1206,1207,1208,1209,1209,1209,1210,1210,1210,1210,1210,1210,1209,1209,1208,1207,1205,1204,1202,1200,1198,1196,1194,1191,1189,1186,1183,1180,1177,1173,1170,1166,1162,1159,1155,1151,1147,1143,1138,1134,1130,1126,1121,1117,1113,1109,1104,1100,1096,1092,1088,1083,1080,1076,1072,1068,1064,1061,1058,1054,1051,1048,1045,1043,1040,1038,1036,1034,1032,1030,1029,1028,1026,1026,1025,1024,1024

lead:V1
count:500
points:1024,1024,1024,1024,1025,1025,1025,1026,1026,1027,1027,1028,1029,1029,1030,1031,1032,1033,1034,1035,1036,1037,1038,1039,1040,1041,1042,1043,1044,1046,1047,1048,1049,1050,1050,1051,1052,1053,1054,1054,1055,1056,1056,1057,1057,1058,1058,1058,1058,1058,1058,1058,1058,1058,1058,1058,1057,1057,1056,1056,1055,1054,1054,1053,1052,1051,1050,1050,1049,1048,1047,1046,1044,1043,1042,1041,1040,1039,1038,1037,1036,1035,1034,1033,1032,1031,1030,1029,1029,1028,1027,1027,1026,1026,1025,1025,1025,1024,1024,1024,1024,1025,1026,1027,1028,1029,1030,1030,1031,1032,1033,1034,1035,1036,1037,1038,1039,1040,1041,1042,1042,1042,1042,1042,1042,1041,1041,1040,1039,1039,1038,1037,1036,1035,1034,1032,1031,1030,1028,1027,1025,1023,1022,1020,1018,1016,1014,1013,1011,1009,1007,1005,1003,999,999,998,998,996,994,992,989,985,981,977,971,966,960,953,946,938,930,922,913,903,893,883,872,861,850,838,826,814,801,788,775,762,748,734,720,706,692,677,663,648,633,604,604,619,634,649,665,680,695,684,672,661,650,639,627,616,605,635,666,696,726,757,787,817,848,878,908,939,969,982,995,1008,1021,1033,1046,1058,1070,1082,1093,1104,1114,1124,1134,1143,1151,1159,1166,1173,1179,1184,1189,1193,1196,1198,1200,1201,1202,1201,1201,1200,1198,1196,1194,1191,1189,1186,1184,1181,1179,1178,1176,1176,1175,1174,1172,1171,1169,1168,1167,1165,1164,1163,1162,1161,1161,1160,1160,1160,1159,1160,1160,1160,1160,1160,1160,1160,1161,1161,1161,1161,1162,1162,1163,1163,1163,1164,1165,1165,1166,1166,1167,1167,1168,1169,1170,1170,1171,1172,1173,1173,1174,1175,1176,1177,1178,1178,1179,1180,1181,1182,1183,1184,1185,1185,1185,1185,1185,1185,1186,1186,1187,1187,1188,1189,1190,1190,1191,1192,1193,1194,1196,1197,1198,1199,1201,1202,1204,1205,1207,1209,1210,1212,1214,1216,1217,1219,1221,1223,1225,1227,1230,1232,1234,1236,1238,1240,1243,1245,1247,1249,1252,1254,1256,1259,1261,1263,1266,1268,1270,1273,1275,1277,1280,1282,1284,1286,1289,1291,1293,1295,1297,1299,1301,1303,1305,1307,1309,1311,1313,1315,1317,1318,1320,1321,1323,1325,1326,1327,1329,1330,1331,1332,1333,1334,1335,1336,1337,1338,1339,1339,1340,1340,1341,1341,1342,1342,1342,1342,1342,1342,1341,1341,1339,1338,1336,1334,1331,1329,1325,1322,1318,1314,1310,1305,1301,1296,1290,1285,1279,1273,1267,1260,1254,1247,1241,1234,1227,1219,1212,1205,1198,1190,1183,1176,1168,1161,1154,1147,1140,1133,1126,1119,1112,1106,1099,1093,1087,1081,1076,1071,1066,1061,1056,1052,1048,1044,1041,1038,1035,1032,1030,1028,1027,1026,1025,1024

lead:V2
count:500
points:1024,1024,1024,1024,1025,1025,1026,1027,1027,1028,1029,1030,1032,1033,1034,1036,1037,1039,1040,1042,1043,1045,1047,1049,1050,1052,1054,1056,1057,1059,1061,1062,1064,1066,1067,1069,1070,1071,1073,1074,1075,1076,1077,1077,1078,1079,1079,1080,1080,1080,1080,1080,1080,1080,1079,1079,1078,1077,1077,1076,1075,1074,1073,1071,1070,1069,1067,1066,1064,1062,1061,1059,1057,1056,1054,1052,1050,1049,1047,1045,1043,1042,1040,1039,1037,1036,1034,1033,1032,1030,1029,1028,1027,1027,1026,1025,1025,1024,1024,1024,1024,1025,1026,1027,1028,1029,1030,1031,1032,1033,1034,1035,1036,1037,1038,1039,1040,1041,1042,1044,1044,1044,1044,1044,1045,1045,1046,1047,1048,1048,1050,1051,1052,1053,1055,1056,1058,1060,1061,1063,1065,1067,1069,1071,1074,1076,1078,1081,1083,1085,1088,1090,1093,1098,1098,1097,1096,1094,1090,1086,1081,1076,1069,1061,1053,1044,1034,1023,1011,999,985,971,957,941,925,909,891,873,855,835,816,796,775,754,732,710,688,665,642,619,596,572,548,524,500,452,452,472,493,513,533,553,573,566,558,550,543,535,527,520,512,548,583,619,654,690,726,761,797,832,868,904,939,955,970,986,1001,1016,1031,1045,1059,1073,1087,1099,1112,1124,1135,1146,1156,1165,1174,1182,1189,1195,1201,1205,1209,1212,1214,1216,1216,1216,1215,1214,1212,1210,1207,1205,1202,1199,1197,1194,1192,1190,1189,1188,1188,1186,1184,1183,1181,1180,1178,1177,1176,1174,1173,1173,1172,1171,1171,1171,1170,1170,1171,1171,1171,1171,1171,1171,1172,1172,1172,1173,1173,1173,1174,1174,1175,1175,1176,1176,1177,1178,1178,1179,1180,1181,1181,1182,1183,1184,1185,1185,1186,1187,1188,1189,1190,1191,1192,1193,1194,1195,1196,1197,1198,1198,1198,1198,1199,1199,1200,1200,1201,1202,1203,1204,1205,1207,1208,1210,1211,1213,1215,1217,1219,1221,1223,1225,1228,1230,1233,1235,1238,1241,1244,1246,1249,1252,1255,1259,1262,1265,1268,1272,1275,1279,1282,1285,1289,1293,1296,1300,1303,1307,1311,1314,1318,1322,1325,1329,1333,1336,1340,1344,1347,1351,1354,1358,1361,1365,1368,1372,1375,1378,1382,1385,1388,1391,1394,1397,1400,1403,1405,1408,1411,1413,1416,1418,1420,1422,1425,1427,1429,1430,1432,1434,1435,1437,1438,1439,1440,1441,1442,1443,1444,1444,1445,1445,1446,1446,1446,1446,1445,1444,1442,1440,1438,1435,1432,1428,1424,1419,1414,1409,1403,1397,1391,1384,1377,1370,1362,1354,1346,1337,1329,1320,1311,1302,1293,1283,1274,1264,1254,1245,1235,1225,1215,1206,1196,1187,1177,1168,1159,1150,1141,1132,1124,1116,1108,1100,1093,1086,1079,1073,1067,1061,1056,1051,1046,1042,1038,1035,1032,1030,1028,1026,1025,1024

lead:V3
count:500
points:1024,1024,1024,1025,1025,1026,1026,1027,1028,1029,1031,1032,1033,1035,1037,1038,1040,1042,1044,1046,1048,1050,1052,1054,1057,1059,1061,1063,1065,1067,1069,1072,1074,1075,1077,1079,1081,1083,1084,1085,1087,1088,1089,1090,1091,1092,1092,1093,1093,1093,1093,1093,1093,1093,1092,1092,1091,1090,1089,1088,1087,1085,1084,1083,1081,1079,1077,1075,1074,1072,1069,1067,1065,1063,1061,1059,1057,1054,1052,1050,1048,1046,1044,1042,1040,1038,1037,1035,1033,1032,1031,1029,1028,1027,1026,1026,1025,1025,1024,1024,1024,1025,1026,1027,1028,1029,1030,1030,1031,1032,1033,1034,1035,1036,1037,1038,1039,1040,1041,1042,1042,1043,1043,1044,1045,1046,1048,1050,1052,1055,1057,1060,1064,1067,1071,1075,1080,1084,1089,1094,1099,1105,1110,1116,1122,1128,1134,1140,1146,1153,1159,1166,1172,1185,1185,1185,1183,1180,1177,1172,1165,1158,1150,1141,1130,1119,1106,1093,1078,1063,1047,1029,1011,992,972,951,930,908,884,861,836,811,786,760,733,706,678,650,622,593,564,535,505,476,446,386,386,408,431,453,475,497,520,517,514,511,508,505,502,499,496,531,567,602,638,674,709,745,780,816,851,887,922,938,954,969,984,1000,1015,1029,1043,1057,1071,1084,1096,1108,1120,1131,1141,1150,1159,1167,1174,1180,1186,1191,1195,1198,1200,1201,1202,1201,1201,1200,1198,1196,1194,1191,1189,1186,1184,1181,1179,1178,1176,1176,1175,1174,1172,1171,1169,1168,1167,1165,1164,1163,1162,1161,1161,1160,1160,1160,1159,1160,1160,1160,1160,1160,1160,1160,1161,1161,1161,1161,1162,1162,1163,1163,1163,1164,1165,1165,1166,1166,1167,1167,1168,1169,1170,1170,1171,1172,1173,1173,1174,1175,1176,1177,1178,1178,1179,1180,1181,1182,1183,1184,1185,1185,1185,1185,1186,1186,1187,1188,1189,1190,1191,1193,1194,1196,1197,1199,1201,1203,1206,1208,1210,1213,1216,1218,1221,1224,1227,1230,1234,1237,1240,1244,1247,1251,1255,1259,1263,1267,1271,1275,1279,1283,1287,1291,1296,1300,1304,1309,1313,1318,1322,1326,1331,1335,1340,1344,1349,1353,1358,1362,1366,1371,1375,1379,1384,1388,1392,1396,1400,1404,1408,1412,1416,1420,1423,1427,1430,1434,1437,1440,1444,1447,1450,1452,1455,1458,1460,1463,1465,1467,1469,1471,1473,1475,1477,1478,1480,1481,1482,1483,1484,1484,1485,1486,1486,1486,1486,1486,1485,1484,1482,1480,1477,1474,1471,1466,1462,1457,1451,1446,1439,1433,1426,1418,1411,1403,1394,1386,1377,1367,1358,1348,1339,1328,1318,1308,1298,1287,1276,1266,1255,1244,1234,1223,1213,1202,1192,1182,1172,1162,1152,1143,1133,1124,1116,1107,1099,1092,1084,1077,1071,1064,1059,1053,1048,1044,1040,1036,1033,1030,1028,1026,1025,1024

lead:V4
count:500
points:1024,1024,1024,1025,1025,1026,1027,1027,1028,1030,1031,1032,1034,1035,1037,1039,1041,1043,1045,1047,1049,1051,1053,1056,1058,1060,1062,1065,1067,1069,1071,1073,1076,1078,1079,1081,1083,1085,1086,1088,1089,1091,1092,1093,1094,1094,1095,1096,1096,1096,1096,1096,1096,1096,1095,1094,1094,1093,1092,1091,1089,1088,1086,1085,1083,1081,1079,1078,1076,1073,1071,1069,1067,1065,1062,1060,1058,1056,1053,1051,1049,1047,1045,1043,1041,1039,1037,1035,1034,1032,1031,1030,1028,1027,1027,1026,1025,1025,1024,1024,1024,1025,1025,1026,1027,1028,1028,1029,1030,1030,1031,1032,1032,1033,1034,1035,1035,1036,1037,1038,1038,1038,1039,1040,1042,1044,1046,1049,1052,1056,1060,1065,1070,1075,1081,1087,1093,1100,1107,1115,1122,1130,1139,1147,1156,1165,1174,1183,1192,1202,1211,1221,1231,1250,1250,1250,1248,1245,1241,1236,1229,1222,1213,1204,1193,1181,1168,1154,1139,1123,1106,1088,1069,1049,1028,1006,984,961,937,912,887,861,834,807,779,751,722,693,663,633,603,573,542,511,480,418,418,439,460,481,501,522,543,546,548,550,552,555,557,559,562,592,622,651,681,711,741,771,801,831,861,891,921,934,947,961,974,987,999,1012,1024,1036,1048,1059,1069,1080,1089,1099,1107,1115,1123,1129,1136,1141,1146,1150,1153,1156,1158,1159,1159,1159,1158,1158,1156,1155,1153,1151,1149,1147,1145,1144,1142,1141,1140,1139,1139,1138,1137,1136,1135,1134,1133,1132,1131,1130,1129,1129,1128,1128,1127,1127,1127,1127,1127,1127,1127,1127,1128,1128,1128,1128,1128,1129,1129,1129,1129,1130,1130,1131,1131,1131,1132,1132,1133,1133,1134,1134,1135,1135,1136,1136,1137,1138,1138,1139,1140,1140,1141,1142,1142,1143,1144,1144,1145,1146,1146,1146,1147,1147,1147,1148,1149,1150,1151,1152,1153,1154,1156,1158,1159,1161,1163,1165,1168,1170,1173,1175,1178,1181,1184,1187,1190,1193,1196,1200,1203,1207,1211,1214,1218,1222,1226,1230,1234,1239,1243,1247,1251,1256,1260,1265,1269,1273,1278,1283,1287,1292,1296,1301,1305,1310,1315,1319,1324,1328,1333,1337,1342,1346,1350,1355,1359,1363,1367,1371,1375,1379,1383,1387,1391,1395,1398,1402,1405,1409,1412,1415,1418,1421,1424,1426,1429,1432,1434,1436,1438,1440,1442,1444,1446,1447,1449,1450,1451,1452,1453,1454,1454,1455,1455,1455,1455,1455,1454,1453,1452,1450,1447,1444,1441,1437,1433,1428,1423,1418,1412,1406,1399,1392,1385,1378,1370,1362,1353,1345,1336,1327,1318,1308,1299,1289,1279,1270,1260,1250,1240,1230,1220,1210,1200,1190,1181,1171,1162,1153,1144,1135,1126,1118,1110,1102,1094,1087,1080,1074,1068,1062,1056,1051,1047,1042,1039,1035,1032,1030,1028,1026,1025,1024

lead:V5
count:500
points:1024,1024,1024,1025,1025,1026,1026,1027,1028,1029,1030,1031,1033,1034,1036,1037,1039,1041,1042,1044,1046,1048,1050,1052,1054,1056,1058,1060,1062,1064,1066,1068,1070,1071,1073,1075,1076,1078,1079,1081,1082,1083,1084,1085,1086,1086,1087,1087,1088,1088,1088,1088,1088,1087,1087,1086,1086,1085,1084,1083,1082,1081,1079,1078,1076,1075,1073,1071,1070,1068,1066,1064,1062,1060,1058,1056,1054,1052,1050,1048,1046,1044,1042,1041,1039,1037,1036,1034,1033,1031,1030,1029,1028,1027,1026,1026,1025,1025,1024,1024,1024,1024,1025,1025,1026,1026,1026,1027,1027,1027,1028,1028,1029,1029,1029,1030,1030,1030,1031,1032,1032,1032,1033,1034,1036,1038,1041,1044,1048,1053,1058,1063,1069,1075,1082,1089,1096,1104,1112,1121,1130,1139,1149,1159,1169,1179,1190,1201,1212,1223,1234,1245,1257,1279,1279,1279,1277,1275,1271,1266,1261,1254,1247,1238,1228,1218,1206,1194,1180,1166,1151,1135,1118,1101,1082,1063,1043,1023,1001,979,957,934,910,886,861,836,811,785,759,732,705,678,651,624,596,541,541,557,574,590,606,623,639,646,653,661,668,675,682,689,696,716,736,756,776,796,816,835,855,875,895,915,935,944,953,962,971,980,988,997,1005,1013,1021,1029,1036,1043,1050,1056,1062,1067,1072,1077,1081,1085,1088,1091,1093,1095,1096,1097,1097,1097,1097,1096,1096,1095,1094,1093,1092,1091,1090,1089,1088,1087,1087,1087,1086,1086,1085,1084,1084,1083,1083,1082,1082,1081,1081,1081,1080,1080,1080,1080,1080,1080,1080,1080,1080,1080,1080,1080,1080,1080,1080,1081,1081,1081,1081,1081,1081,1082,1082,1082,1082,1083,1083,1083,1083,1084,1084,1084,1085,1085,1085,1086,1086,1086,1087,1087,1087,1088,1088,1088,1089,1089,1089,1090,1090,1090,1090,1091,1091,1092,1092,1093,1094,1095,1096,1097,1099,1100,1102,1103,1105,1107,1109,1111,1113,1115,1118,1120,1123,1126,1128,1131,1134,1137,1140,1143,1146,1150,1153,1156,1160,1163,1167,1171,1174,1178,1182,1186,1189,1193,1197,1201,1205,1209,1213,1217,1221,1225,1229,1233,1237,1241,1245,1249,1253,1257,1261,1264,1268,1272,1276,1279,1283,1287,1290,1294,1297,1300,1304,1307,1310,1313,1316,1319,1322,1325,1327,1330,1332,1335,1337,1339,1341,1343,1345,1347,1348,1350,1351,1353,1354,1355,1356,1357,1358,1358,1359,1359,1360,1360,1360,1360,1359,1358,1357,1355,1354,1351,1349,1346,1342,1339,1335,1331,1326,1321,1316,1311,1305,1299,1293,1287,1280,1274,1267,1260,1253,1245,1238,1230,1223,1215,1207,1200,1192,1184,1176,1169,1161,1154,1146,1139,1131,1124,1117,1110,1104,1097,1091,1085,1079,1073,1068,1063,1058,1053,1049,1045,1042,1038,1035,1033,1030,1028,1027,1026,1025,1024

lead:V6
count:500
points:1024,1024,1024,1024,1025,1025,1026,1026,1027,1028,1028,1029,1030,1031,1032,1033,1035,1036,1037,1039,1040,1041,1043,1044,1046,1047,1048,1050,1051,1053,1054,1056,1057,1058,1059,1061,1062,1063,1064,1065,1066,1066,1067,1068,1068,1069,1069,1070,1070,1070,1070,1070,1070,1070,1069,1069,1068,1068,1067,1066,1066,1065,1064,1063,1062,1061,1059,1058,1057,1056,1054,1053,1051,1050,1048,1047,1046,1044,1043,1041,1040,1039,1037,1036,1035,1033,1032,1031,1030,1029,1028,1028,1027,1026,1026,1025,1025,1024,1024,1024,1024,1024,1024,1024,1024,1024,1024,1024,1024,1024,1024,1024,1024,1024,1024,1024,1024,1024,1024,1024,1024,1024,1025,1026,1028,1031,1033,1037,1041,1045,1050,1055,1061,1067,1074,1081,1088,1096,1104,1113,1122,1131,1140,1150,1160,1170,1181,1192,1203,1213,1225,1236,1247,1270,1270,1269,1268,1266,1264,1260,1256,1252,1246,1240,1233,1225,1217,1208,1198,1188,1177,1166,1154,1141,1128,1114,1099,1085,1069,1053,1037,1021,1004,986,968,950,932,913,894,875,856,836,817,797,777,737,737,747,756,765,775,784,794,804,815,826,837,848,859,870,881,887,894,901,908,915,922,928,935,942,949,956,963,966,969,973,976,980,983,986,989,992,995,998,1001,1004,1006,1008,1011,1013,1015,1016,1018,1019,1021,1022,1022,1023,1024,1024,1024,1024,1024,1024,1024,1024,1024,1024,1024,1024,1024,1024,1024,1024,1024,1024,1024,1024,1024,1024,1024,1024,1024,1024,1024,1024,1024,1024,1024,1024,1024,1024,1024,1024,1024,1024,1024,1024,1024,1024,1024,1024,1024,1024,1024,1024,1024,1024,1024,1024,1024,1024,1024,1024,1024,1024,1024,1024,1024,1024,1024,1024,1024,1024,1024,1024,1024,1024,1024,1024,1024,1024,1024,1024,1024,1024,1024,1024,1024,1024,1025,1025,1025,1026,1027,1027,1028,1029,1030,1031,1032,1033,1034,1036,1037,1039,1040,1042,1043,1045,1047,1049,1051,1053,1055,1057,1059,1061,1064,1066,1068,1071,1073,1075,1078,1081,1083,1086,1088,1091,1094,1096,1099,1102,1105,1108,1110,1113,1116,1119,1122,1124,1127,1130,1133,1135,1138,1141,1144,1146,1149,1152,1154,1157,1159,1162,1164,1167,1169,1172,1174,1176,1178,1181,1183,1185,1187,1189,1190,1192,1194,1196,1197,1199,1200,1202,1203,1204,1205,1206,1208,1208,1209,1210,1211,1211,1212,1212,1213,1213,1213,1213,1213,1213,1213,1213,1212,1211,1210,1209,1207,1205,1204,1201,1199,1197,1194,1192,1189,1186,1183,1179,1176,1172,1169,1165,1161,1157,1153,1149,1145,1140,1136,1132,1127,1123,1119,1114,1110,1106,1101,1097,1093,1089,1085,1080,1076,1073,1069,1065,1062,1058,1055,1052,1049,1046,1043,1041,1038,1036,1034,1032,1030,1029,1028,1027,1026,1025,1024,1024

