pathology:paceav
group:pacemaker
title:AV sequental pacing
name:Двухкамерная ЭКС
leads:12

lead:I
count:486
points:1024,1024,1024,1024,1024,1024,1024,1024,1024,1024,1024,1024,1024,1024,1024,1024,1024,1024,1024,1024,1024,1024,1024,1024,1024,1024,1024,1024,1024,1001,978,932,932,962,992,1021,1051,1081,1111,1068,1024,1024,1024,1025,1025,1026,1027,1028,1029,1030,1031,1033,1035,1036,1038,1040,1042,1044,1046,1048,1050,1052,1054,1056,1058,1059,1061,1063,1065,1066,1068,1069,1070,1071,1072,1073,1074,1074,1075,1075,1075,1075,1075,1074,1074,1073,1072,1071,1070,1069,1068,1066,1065,1063,1061,1059,1058,1056,1054,1052,1050,1048,1046,1044,1042,1040,1038,1036,1035,1033,1031,1030,1029,1028,1027,1026,1025,1025,1024,1024,1024,1024,1024,1024,1024,1024,1024,1024,1024,1024,1024,1024,1024,1024,1024,1024,1024,1024,1024,1024,1024,1024,1024,973,922,870,819,878,937,996,1055,1114,1172,1154,1135,1117,1098,1080,1061,1043,1024,1039,1053,1068,1083,1097,1111,1125,1139,1152,1165,1177,1190,1201,1212,1223,1233,1243,1252,1260,1268,1275,1281,1287,1292,1296,1299,1302,1304,1305,1306,1305,1304,1303,1301,1299,1296,1292,1288,1284,1279,1273,1267,1261,1255,1248,1240,1233,1225,1217,1208,1200,1191,1182,1174,1165,1156,1147,1138,1130,1121,1113,1105,1097,1089,1082,1075,1068,1062,1056,1051,1046,1041,1037,1034,1031,1028,1026,1025,1024,1024,1024,1024,1024,1024,1024,1024,1024,1024,1024,1024,1024,1024,1024,1024,1024,1024,1024,1024,1024,1024,1024,1024,1024,1024,1024,1024,1024,1024,1024,1024,1024,1024,1023,1023,1023,1023,1022,1022,1021,1021,1020,1020,1019,1019,1018,1017,1017,1016,1015,1014,1013,1012,1011,1011,1010,1009,1008,1007,1006,1005,1003,1002,1001,1000,999,998,997,996,995,994,993,991,990,989,988,987,986,985,984,983,982,981,980,979,978,978,977,976,975,974,974,973,972,972,971,971,970,970,969,969,969,968,968,968,968,968,968,968,968,968,968,968,968,968,969,969,969,970,970,971,971,972,972,973,974,974,975,976,977,978,978,979,980,981,982,983,984,985,986,987,988,989,990,991,993,994,995,996,997,998,999,1000,1001,1002,1003,1005,1006,1007,1008,1009,1010,1011,1011,1012,1013,1014,1015,1016,1017,1017,1018,1019,1019,1020,1020,1021,1021,1022,1022,1023,1023,1023,1023,1024,1024,1024,1024,1024,1024,1024,1024,1024,1024,1024,1024,1024,1024,1024,1024,1024,1024,1024,1024,1024,1024,1024,1024,1024,1024,1024,1024,1024,1024,1024,1024,1024,1024,1024,1024,1024,1024,1024,1024,1024,1024,1024,1024,1024,1024,1024,1024,1024,1024,1024,1024,1024,1024,1024,1024,1024,1024,1024,1024,1024,1024

lead:II
count:486
points:1024,1024,1024,1024,1024,1024,1024,1024,1024,1024,1024,1024,1024,1024,1024,1024,1024,1024,1024,1024,1024,1024,1024,1024,1024,1024,1024,1024,1024,1053,1083,1142,1142,1104,1067,1029,992,954,916,970,1024,1024,1025,1025,1026,1027,1028,1030,1032,1034,1036,1038,1041,1044,1046,1049,1052,1055,1059,1062,1065,1068,1071,1075,1078,1081,1084,1086,1089,1092,1094,1096,1098,1100,1101,1103,1104,1105,1105,1106,1106,1106,1105,1105,1104,1103,1101,1100,1098,1096,1094,1092,1089,1086,1084,1081,1078,1075,1071,1068,1065,1062,1059,1055,1052,1049,1046,1044,1041,1038,1036,1034,1032,1030,1028,1027,1026,1025,1025,1024,1024,1024,1024,1024,1024,1024,1024,1024,1024,1024,1024,1024,1024,1024,1024,1024,1024,1024,1024,1024,1024,1024,1024,1069,1114,1158,1203,1143,1084,1024,964,905,845,867,890,912,934,957,979,1002,1024,1023,1020,1014,1006,997,985,971,956,940,922,903,882,862,841,819,798,777,756,736,717,699,682,667,654,642,632,624,619,616,614,615,616,618,621,624,629,634,640,646,654,661,670,679,689,699,709,721,732,744,756,768,781,794,806,819,832,845,858,870,882,895,906,918,929,940,950,959,968,977,985,992,999,1005,1010,1014,1018,1020,1022,1024,1024,1024,1024,1024,1024,1024,1024,1024,1024,1024,1024,1024,1024,1024,1024,1024,1024,1024,1024,1024,1024,1024,1024,1024,1024,1024,1024,1024,1024,1024,1024,1025,1025,1026,1026,1027,1028,1029,1030,1032,1033,1035,1036,1038,1040,1042,1044,1046,1049,1051,1054,1056,1059,1062,1064,1067,1070,1073,1076,1079,1082,1086,1089,1092,1095,1099,1102,1105,1108,1112,1115,1118,1122,1125,1128,1131,1135,1138,1141,1144,1147,1150,1153,1155,1158,1161,1163,1166,1168,1171,1173,1175,1177,1179,1181,1182,1184,1185,1187,1188,1189,1190,1191,1191,1192,1192,1193,1193,1193,1193,1193,1192,1192,1192,1191,1190,1190,1189,1188,1187,1185,1184,1183,1181,1179,1178,1176,1174,1172,1170,1167,1165,1163,1160,1157,1154,1152,1149,1145,1142,1139,1135,1132,1128,1125,1121,1117,1113,1108,1104,1100,1096,1092,1089,1085,1081,1078,1075,1072,1068,1065,1062,1060,1057,1054,1052,1050,1047,1045,1043,1041,1039,1038,1036,1034,1033,1032,1030,1029,1028,1027,1027,1026,1025,1025,1024,1024,1024,1024,1024,1024,1024,1024,1024,1024,1024,1024,1024,1024,1024,1024,1024,1024,1024,1024,1024,1024,1024,1024,1024,1024,1024,1024,1024,1024,1024,1024,1024,1024,1024,1024,1024,1024,1024,1024,1024,1024,1024,1024,1024,1024,1024,1024,1024,1024,1024,1024,1024,1024,1024,1024,1024,1024,1024,1024,1024

lead:III
count:486
points:1024,1024,1024,1024,1024,1024,1024,1024,1024,1024,1024,1024,1024,1024,1024,1024,1024,1024,1024,1024,1024,1024,1024,1024,1024,1024,1024,1024,1024,1076,1129,1234,1234,1167,1099,1032,964,897,829,927,1024,1024,1024,1025,1025,1026,1027,1028,1029,1030,1031,1033,1035,1036,1038,1040,1042,1044,1046,1048,1050,1052,1054,1056,1058,1059,1061,1063,1065,1066,1068,1069,1070,1071,1072,1073,1074,1074,1075,1075,1075,1075,1075,1074,1074,1073,1072,1071,1070,1069,1068,1066,1065,1063,1061,1059,1058,1056,1054,1052,1050,1048,1046,1044,1042,1040,1038,1036,1035,1033,1031,1030,1029,1028,1027,1026,1025,1025,1024,1024,1024,1024,1024,1024,1024,1024,1024,1024,1024,1024,1024,1024,1024,1024,1024,1024,1024,1024,1024,1024,1024,1024,1024,1117,1211,1304,1398,1280,1162,1044,927,809,691,733,774,816,858,899,941,982,1024,988,952,916,880,845,810,776,743,710,678,648,618,589,561,535,510,487,465,444,425,408,393,379,367,356,348,341,337,334,333,333,336,339,344,350,357,366,376,387,399,412,426,442,458,475,493,512,531,551,572,592,614,635,657,678,700,722,743,764,785,806,826,845,864,882,899,915,930,945,958,970,981,991,1000,1007,1013,1018,1021,1023,1024,1024,1024,1024,1024,1024,1024,1024,1024,1024,1024,1024,1024,1024,1024,1024,1024,1024,1024,1024,1024,1024,1024,1024,1024,1024,1024,1024,1024,1024,1024,1025,1025,1026,1027,1028,1030,1031,1033,1034,1036,1038,1041,1043,1046,1048,1051,1054,1057,1060,1063,1067,1070,1074,1078,1082,1086,1089,1094,1098,1102,1106,1110,1115,1119,1123,1128,1132,1137,1141,1145,1150,1154,1159,1163,1167,1171,1176,1180,1184,1188,1192,1195,1199,1203,1206,1210,1213,1216,1219,1222,1225,1228,1230,1233,1235,1237,1239,1241,1242,1244,1245,1246,1247,1248,1248,1249,1249,1249,1249,1249,1248,1248,1247,1246,1245,1244,1242,1241,1239,1237,1235,1233,1230,1228,1225,1222,1219,1216,1213,1210,1206,1203,1199,1195,1192,1188,1184,1180,1176,1171,1167,1163,1159,1154,1150,1145,1141,1137,1132,1128,1123,1119,1115,1110,1106,1102,1098,1094,1089,1086,1082,1078,1074,1070,1067,1063,1060,1057,1054,1051,1048,1046,1043,1041,1038,1036,1034,1033,1031,1030,1028,1027,1026,1025,1025,1024,1024,1024,1024,1024,1024,1024,1024,1024,1024,1024,1024,1024,1024,1024,1024,1024,1024,1024,1024,1024,1024,1024,1024,1024,1024,1024,1024,1024,1024,1024,1024,1024,1024,1024,1024,1024,1024,1024,1024,1024,1024,1024,1024,1024,1024,1024,1024,1024,1024,1024,1024,1024,1024,1024,1024,1024,1024,1024,1024

lead:aVR
count:486
points:1024,1024,1024,1024,1024,1024,1024,1024,1024,1024,1024,1024,1024,1024,1024,1024,1024,1024,1024,1024,1024,1024,1024,1024,1024,1024,1024,1024,1024,1020,1017,1009,1009,1014,1018,1023,1027,1031,1036,1030,1024,1024,1023,1023,1022,1021,1019,1017,1016,1013,1011,1008,1006,1003,1000,997,993,990,987,983,980,976,973,969,966,963,960,956,954,951,948,946,944,942,940,939,937,937,936,935,935,935,936,937,937,939,940,942,944,946,948,951,954,956,960,963,966,969,973,976,980,983,987,990,993,997,1000,1003,1006,1008,1011,1013,1016,1017,1019,1021,1022,1023,1023,1024,1024,1024,1024,1024,1024,1024,1024,1024,1024,1024,1024,1024,1024,1024,1024,1024,1024,1024,1024,1024,1024,1024,1024,1026,1028,1031,1033,1034,1034,1035,1036,1037,1037,1038,1039,1036,1034,1031,1029,1026,1024,1028,1032,1036,1039,1043,1047,1050,1054,1058,1061,1064,1067,1071,1073,1076,1079,1081,1084,1086,1088,1090,1092,1093,1094,1095,1096,1097,1097,1098,1098,1098,1098,1097,1097,1096,1095,1094,1093,1092,1091,1089,1088,1086,1085,1083,1081,1079,1077,1075,1072,1070,1068,1066,1063,1061,1059,1056,1054,1052,1050,1047,1045,1043,1041,1039,1037,1036,1034,1032,1031,1030,1029,1028,1027,1026,1025,1025,1024,1024,1024,1024,1024,1024,1024,1024,1024,1024,1024,1024,1024,1024,1024,1024,1024,1024,1024,1024,1024,1024,1024,1024,1024,1024,1024,1024,1024,1024,1024,1024,1024,1024,1024,1023,1023,1023,1022,1022,1022,1021,1020,1020,1019,1019,1018,1017,1016,1015,1014,1014,1013,1012,1011,1010,1008,1007,1006,1005,1004,1003,1002,1000,999,998,997,995,994,993,991,990,989,988,986,985,984,983,981,980,979,978,977,976,974,973,972,971,970,969,968,968,967,966,965,964,964,963,963,962,961,961,961,960,960,960,959,959,959,959,959,959,959,959,959,960,960,960,961,961,961,962,963,963,964,964,965,966,967,968,968,969,970,971,972,973,974,976,977,978,979,980,981,983,984,985,986,988,989,990,991,993,994,995,997,998,999,1000,1002,1003,1004,1005,1006,1007,1008,1010,1011,1012,1013,1014,1014,1015,1016,1017,1018,1019,1019,1020,1020,1021,1022,1022,1022,1023,1023,1023,1024,1024,1024,1024,1024,1024,1024,1024,1024,1024,1024,1024,1024,1024,1024,1024,1024,1024,1024,1024,1024,1024,1024,1024,1024,1024,1024,1024,1024,1024,1024,1024,1024,1024,1024,1024,1024,1024,1024,1024,1024,1024,1024,1024,1024,1024,1024,1024,1024,1024,1024,1024,1024,1024,1024,1024,1024,1024,1024,1024,1024,1024

lead:aVL
count:486
points:1024,1024,1024,1024,1024,1024,1024,1024,1024,1024,1024,1024,1024,1024,1024,1024,1024,1024,1024,1024,1024,1024,1024,1024,1024,1024,1024,1024,1024,980,937,850,850,906,962,1018,1074,1130,1187,1105,1024,1024,1024,1024,1024,1024,1024,1024,1024,1024,1024,1024,1024,1024,1024,1024,1024,1024,1024,1024,1024,1024,1024,1024,1024,1024,1024,1024,1024,1024,1024,1024,1024,1024,1024,1024,1024,1024,1024,1024,1024,1024,1024,1024,1024,1024,1024,1024,1024,1024,1024,1024,1024,1024,1024,1024,1024,1024,1024,1024,1024,1024,1024,1024,1024,1024,1024,1024,1024,1024,1024,1024,1024,1024,1024,1024,1024,1024,1024,1024,1024,1024,1024,1024,1024,1024,1024,1024,1024,1024,1024,1024,1024,1024,1024,1024,1024,1024,1024,1024,1024,1024,1024,942,860,778,696,797,899,1000,1102,1203,1305,1270,1236,1201,1167,1133,1098,1064,1029,1058,1087,1116,1145,1173,1201,1229,1255,1282,1307,1332,1356,1379,1402,1423,1443,1462,1479,1496,1511,1525,1538,1549,1558,1567,1573,1579,1583,1585,1586,1585,1583,1581,1577,1572,1566,1559,1551,1542,1532,1521,1510,1497,1484,1470,1455,1440,1424,1408,1392,1375,1357,1340,1322,1305,1287,1270,1252,1235,1218,1201,1185,1170,1154,1140,1126,1113,1100,1088,1078,1068,1059,1051,1044,1038,1033,1029,1026,1025,1024,1024,1024,1024,1024,1024,1024,1024,1024,1024,1024,1024,1024,1024,1024,1024,1024,1024,1024,1024,1024,1024,1024,1024,1024,1024,1024,1024,1024,1024,1024,1023,1023,1022,1022,1021,1020,1019,1018,1017,1015,1014,1012,1010,1008,1007,1005,1002,1000,998,996,993,990,988,985,982,980,977,974,971,968,965,962,959,955,952,949,946,943,940,936,933,930,927,924,921,918,915,912,909,906,903,900,898,895,892,890,888,885,883,881,879,877,875,873,872,870,869,868,866,865,864,864,863,862,862,862,861,861,861,862,862,862,863,864,864,865,866,868,869,870,872,873,875,877,879,881,883,885,888,890,892,895,898,900,903,906,909,912,915,918,921,924,927,930,933,936,940,943,946,949,952,955,959,962,965,968,971,974,977,980,982,985,988,990,993,996,998,1000,1002,1005,1007,1008,1010,1012,1014,1015,1017,1018,1019,1020,1021,1022,1022,1023,1023,1024,1024,1024,1024,1024,1024,1024,1024,1024,1024,1024,1024,1024,1024,1024,1024,1024,1024,1024,1024,1024,1024,1024,1024,1024,1024,1024,1024,1024,1024,1024,1024,1024,1024,1024,1024,1024,1024,1024,1024,1024,1024,1024,1024,1024,1024,1024,1024,1024,1024,1024,1024,1024,1024,1024,1024,1024,1024,1024,1024

lead:aVF
count:486
points:1024,1024,1024,1024,1024,1024,1024,1024,1024,1024,1024,1024,1024,1024,1024,1024,1024,1024,1024,1024,1024,1024,1024,1024,1024,1024,1024,1024,1024,1071,1119,1213,1213,1153,1092,1031,971,910,850,937,1024,1024,1025,1025,1026,1027,1029,1031,1032,1035,1037,1040,1042,1045,1048,1051,1055,1058,1061,1065,1068,1072,1075,1079,1082,1085,1088,1092,1094,1097,1100,1102,1104,1106,1108,1109,1111,1111,1112,1113,1113,1113,1112,1111,1111,1109,1108,1106,1104,1102,1100,1097,1094,1092,1088,1085,1082,1079,1075,1072,1068,1065,1061,1058,1055,1051,1048,1045,1042,1040,1037,1035,1032,1031,1029,1027,1026,1025,1025,1024,1024,1024,1024,1024,1024,1024,1024,1024,1024,1024,1024,1024,1024,1024,1024,1024,1024,1024,1024,1024,1024,1024,1024,1105,1186,1267,1348,1245,1142,1038,935,832,728,765,802,839,876,913,950,987,1024,991,958,925,892,860,828,796,766,735,706,678,650,624,599,575,552,530,510,491,474,458,443,431,420,410,402,396,392,389,388,389,391,394,398,404,411,419,428,438,449,461,475,489,504,519,536,553,571,589,608,627,647,666,686,706,726,746,766,785,804,823,842,859,876,893,909,924,938,951,963,975,985,994,1002,1008,1014,1018,1021,1023,1024,1024,1024,1024,1024,1024,1024,1024,1024,1024,1024,1024,1024,1024,1024,1024,1024,1024,1024,1024,1024,1024,1024,1024,1024,1024,1024,1024,1024,1024,1024,1025,1025,1026,1027,1028,1030,1031,1033,1034,1036,1039,1041,1043,1046,1048,1051,1054,1057,1061,1064,1067,1071,1075,1078,1082,1086,1090,1094,1098,1103,1107,1111,1116,1120,1124,1129,1133,1138,1142,1147,1151,1156,1160,1164,1169,1173,1177,1181,1185,1189,1193,1197,1201,1205,1208,1212,1215,1218,1221,1224,1227,1230,1232,1235,1237,1239,1241,1243,1245,1246,1247,1248,1249,1250,1251,1251,1252,1252,1252,1251,1251,1250,1249,1248,1247,1246,1245,1243,1241,1239,1237,1235,1232,1230,1227,1224,1221,1218,1215,1212,1208,1205,1201,1197,1193,1189,1185,1181,1177,1173,1169,1164,1160,1156,1151,1147,1142,1138,1133,1129,1124,1120,1116,1111,1107,1103,1098,1094,1090,1086,1082,1078,1075,1071,1067,1064,1061,1057,1054,1051,1048,1046,1043,1041,1039,1036,1034,1033,1031,1030,1028,1027,1026,1025,1025,1024,1024,1024,1024,1024,1024,1024,1024,1024,1024,1024,1024,1024,1024,1024,1024,1024,1024,1024,1024,1024,1024,1024,1024,1024,1024,1024,1024,1024,1024,1024,1024,1024,1024,1024,1024,1024,1024,1024,1024,1024,1024,1024,1024,1024,1024,1024,1024,1024,1024,1024,1024,1024,1024,1024,1024,1024,1024,1024,1024

lead:V1
count:486
points:1024,1024,1024,1024,1024,1024,1024,1024,1024,1024,1024,1024,1024,1024,1024,1024,1024,1024,1024,1024,1024,1024,1024,1024,1024,1024,1024,1024,1024,1009,995,966,966,1004,1042,1080,1118,1156,1194,1109,1024,1024,1024,1023,1022,1021,1020,1018,1017,1015,1013,1010,1008,1005,1003,1000,997,994,991,988,985,982,979,976,973,970,967,964,962,959,957,955,953,951,950,949,948,947,946,946,946,946,946,947,948,949,950,951,953,955,957,959,962,964,967,970,973,976,979,982,985,988,991,994,997,1000,1003,1005,1008,1010,1013,1015,1017,1018,1020,1021,1022,1023,1024,1024,1024,1024,1024,1024,1024,1024,1024,1024,1024,1024,1024,1024,1024,1024,1024,1024,1024,1024,1024,1024,1024,1024,1024,1009,994,979,964,1008,1052,1097,1141,1185,1229,1203,1178,1152,1126,1101,1075,1050,1024,1018,1011,1005,999,992,986,980,974,968,963,957,952,947,942,937,933,929,925,921,918,915,912,910,908,906,904,903,902,902,902,902,902,903,903,905,906,907,909,911,913,915,918,921,923,926,930,933,936,940,943,947,951,954,958,962,966,969,973,977,980,984,987,991,994,997,1000,1003,1006,1008,1011,1013,1015,1016,1018,1019,1020,1021,1022,1022,1022,1022,1022,1022,1023,1023,1023,1023,1024,1024,1025,1025,1026,1027,1027,1028,1029,1030,1030,1031,1032,1033,1034,1035,1036,1037,1038,1039,1040,1040,1040,1041,1042,1044,1045,1047,1049,1052,1054,1057,1061,1064,1068,1072,1076,1081,1086,1091,1096,1101,1107,1113,1119,1125,1131,1138,1144,1151,1158,1165,1172,1179,1186,1194,1201,1208,1216,1223,1231,1238,1246,1253,1261,1268,1275,1283,1290,1297,1304,1311,1318,1324,1331,1337,1343,1349,1355,1360,1366,1371,1376,1381,1385,1390,1394,1397,1401,1404,1407,1410,1412,1415,1417,1418,1419,1420,1421,1422,1422,1422,1421,1420,1419,1418,1416,1414,1412,1409,1407,1404,1400,1396,1392,1388,1384,1379,1374,1369,1364,1358,1352,1346,1340,1333,1327,1320,1313,1306,1299,1292,1284,1277,1269,1262,1254,1246,1238,1231,1223,1215,1207,1200,1192,1184,1176,1169,1161,1154,1147,1140,1133,1126,1119,1112,1106,1100,1094,1088,1082,1077,1072,1067,1062,1058,1053,1049,1046,1042,1039,1036,1034,1031,1029,1028,1026,1025,1025,1024,1024,1024,1024,1024,1024,1024,1024,1024,1024,1024,1024,1024,1024,1024,1024,1024,1024,1024,1024,1024,1024,1024,1024,1024,1024,1024,1024,1024,1024,1024,1024,1024,1024,1024,1024,1024,1024,1024,1024,1024,1024,1024,1024,1024,1024,1024,1024,1024,1024,1024,1024,1024,1024,1024,1024,1024,1024,1024

lead:V2
count:486
points:1024,1024,1024,1024,1024,1024,1024,1024,1024,1024,1024,1024,1024,1024,1024,1024,1024,1024,1024,1024,1024,1024,1024,1024,1024,1024,1024,1024,1024,1020,1017,1009,1009,1035,1061,1087,1112,1138,1164,1094,1024,1024,1024,1023,1023,1022,1022,1021,1020,1019,1018,1017,1015,1014,1012,1011,1009,1008,1006,1004,1003,1001,999,998,996,995,993,992,990,989,988,987,985,985,984,983,982,982,982,981,981,981,982,982,982,983,984,985,985,987,988,989,990,992,993,995,996,998,999,1001,1003,1004,1006,1008,1009,1011,1012,1014,1015,1017,1018,1019,1020,1021,1022,1022,1023,1023,1024,1024,1024,1024,1024,1024,1024,1024,1024,1024,1024,1024,1024,1024,1024,1024,1024,1024,1024,1024,1024,1024,1024,1024,1024,1026,1028,1031,1033,1056,1079,1102,1126,1149,1172,1153,1135,1116,1098,1079,1061,1042,1024,1012,1000,988,975,964,952,940,929,918,907,897,887,877,868,859,851,843,835,828,822,816,811,806,802,799,796,794,792,791,791,791,792,793,794,796,799,802,805,809,813,817,822,827,833,839,845,851,858,864,871,878,885,893,900,907,915,922,929,936,943,950,957,964,970,976,982,987,992,997,1002,1006,1010,1013,1016,1018,1020,1022,1023,1024,1024,1024,1024,1024,1025,1025,1025,1026,1027,1027,1028,1029,1030,1031,1031,1033,1034,1035,1036,1037,1038,1040,1041,1043,1044,1045,1047,1048,1050,1050,1050,1051,1053,1054,1057,1059,1062,1065,1069,1073,1077,1082,1087,1092,1098,1104,1110,1116,1123,1130,1138,1145,1153,1161,1170,1178,1187,1196,1205,1214,1223,1233,1242,1252,1262,1272,1281,1291,1301,1311,1321,1331,1341,1350,1360,1370,1379,1388,1398,1407,1415,1424,1433,1441,1449,1457,1465,1472,1479,1486,1493,1499,1505,1510,1516,1521,1525,1530,1534,1537,1541,1543,1546,1548,1550,1551,1552,1553,1553,1553,1552,1551,1550,1548,1546,1543,1540,1537,1533,1529,1524,1519,1514,1508,1502,1496,1490,1483,1475,1468,1460,1452,1444,1435,1427,1418,1408,1399,1390,1380,1370,1360,1350,1340,1330,1320,1309,1299,1288,1278,1268,1257,1247,1237,1227,1217,1207,1197,1187,1178,1168,1159,1150,1142,1133,1125,1117,1109,1101,1094,1087,1081,1075,1069,1063,1058,1053,1048,1044,1040,1037,1034,1031,1029,1027,1026,1025,1024,1024,1024,1024,1024,1024,1024,1024,1024,1024,1024,1024,1024,1024,1024,1024,1024,1024,1024,1024,1024,1024,1024,1024,1024,1024,1024,1024,1024,1024,1024,1024,1024,1024,1024,1024,1024,1024,1024,1024,1024,1024,1024,1024,1024,1024,1024,1024,1024,1024,1024,1024,1024,1024,1024,1024,1024,1024,1024

lead:V3
count:486
points:1024,1024,1024,1024,1024,1024,1024,1024,1024,1024,1024,1024,1024,1024,1024,1024,1024,1024,1024,1024,1024,1024,1024,1024,1024,1024,1024,1024,1024,1032,1040,1055,1055,1065,1074,1084,1093,1103,1112,1068,1024,1024,1024,1024,1024,1024,1024,1024,1024,1024,1024,1024,1024,1024,1024,1024,1024,1024,1024,1024,1024,1024,1024,1024,1024,1024,1024,1024,1024,1024,1024,1024,1024,1024,1024,1024,1024,1024,1024,1024,1024,1024,1024,1024,1024,1024,1024,1024,1024,1024,1024,1024,1024,1024,1024,1024,1024,1024,1024,1024,1024,1024,1024,1024,1024,1024,1024,1024,1024,1024,1024,1024,1024,1024,1024,1024,1024,1024,1024,1024,1024,1024,1024,1024,1024,1024,1024,1024,1024,1024,1024,1024,1024,1024,1024,1024,1024,1024,1024,1024,1024,1024,1024,1043,1062,1081,1100,1099,1098,1097,1095,1094,1093,1084,1076,1067,1058,1050,1041,1033,1024,1008,992,976,960,944,928,913,898,884,869,856,842,829,817,805,794,784,774,765,756,749,742,735,730,725,722,719,717,715,715,715,716,718,720,722,726,730,734,739,745,751,757,764,771,779,787,795,804,813,822,832,841,851,861,870,880,890,900,909,918,928,937,945,954,962,970,977,984,990,996,1002,1007,1011,1015,1018,1021,1023,1025,1026,1026,1026,1026,1026,1027,1027,1028,1028,1029,1030,1030,1031,1032,1033,1035,1036,1037,1038,1040,1041,1043,1044,1046,1047,1049,1051,1052,1054,1055,1056,1056,1057,1059,1061,1063,1066,1069,1072,1076,1081,1085,1090,1096,1102,1108,1114,1121,1128,1136,1144,1152,1160,1169,1178,1187,1196,1205,1215,1225,1235,1245,1256,1266,1276,1287,1298,1309,1319,1330,1341,1352,1362,1373,1384,1394,1405,1415,1425,1435,1445,1455,1464,1474,1483,1491,1500,1508,1516,1524,1532,1539,1546,1552,1558,1564,1570,1575,1579,1584,1588,1591,1594,1597,1599,1601,1603,1604,1604,1605,1604,1604,1603,1601,1599,1597,1594,1590,1587,1583,1578,1573,1568,1562,1556,1549,1542,1535,1528,1520,1511,1503,1494,1485,1476,1466,1456,1446,1436,1425,1415,1404,1393,1382,1371,1360,1348,1337,1326,1314,1303,1292,1280,1269,1258,1247,1236,1225,1214,1203,1193,1183,1172,1163,1153,1144,1135,1126,1117,1109,1101,1094,1086,1079,1073,1067,1061,1056,1051,1046,1042,1038,1035,1032,1030,1028,1026,1025,1024,1024,1024,1024,1024,1024,1024,1024,1024,1024,1024,1024,1024,1024,1024,1024,1024,1024,1024,1024,1024,1024,1024,1024,1024,1024,1024,1024,1024,1024,1024,1024,1024,1024,1024,1024,1024,1024,1024,1024,1024,1024,1024,1024,1024,1024,1024,1024,1024,1024,1024,1024,1024,1024,1024,1024,1024,1024,1024

lead:V4
count:486
points:1024,1024,1024,1024,1024,1024,1024,1024,1024,1024,1024,1024,1024,1024,1024,1024,1024,1024,1024,1024,1024,1024,1024,1024,1024,1024,1024,1024,1024,1042,1061,1097,1097,1089,1080,1072,1063,1055,1046,1035,1024,1024,1024,1025,1025,1026,1026,1027,1028,1029,1030,1031,1033,1034,1036,1037,1039,1040,1042,1044,1045,1047,1049,1050,1052,1054,1055,1057,1058,1059,1060,1062,1063,1064,1064,1065,1066,1066,1066,1067,1067,1067,1066,1066,1066,1065,1064,1064,1063,1062,1060,1059,1058,1057,1055,1054,1052,1050,1049,1047,1045,1044,1042,1040,1039,1037,1036,1034,1033,1031,1030,1029,1028,1027,1026,1026,1025,1025,1024,1024,1024,1024,1024,1024,1024,1024,1024,1024,1024,1024,1024,1024,1024,1024,1024,1024,1024,1024,1024,1024,1024,1024,1024,1057,1091,1124,1157,1131,1105,1079,1053,1027,1001,1004,1007,1010,1012,1015,1018,1021,1024,1006,989,971,954,936,919,903,886,870,855,840,825,811,797,784,772,761,750,740,731,722,715,708,702,697,693,689,687,686,685,686,687,688,691,694,697,702,706,712,718,725,732,739,747,756,765,774,784,793,804,814,824,835,846,856,867,878,889,899,909,919,929,939,948,957,966,974,981,988,995,1001,1006,1011,1016,1019,1022,1025,1026,1027,1028,1028,1028,1028,1028,1029,1029,1030,1030,1031,1032,1033,1034,1035,1036,1037,1039,1040,1041,1043,1044,1045,1047,1049,1050,1052,1053,1055,1057,1057,1057,1058,1060,1061,1064,1066,1069,1072,1076,1080,1084,1089,1094,1100,1105,1111,1118,1124,1131,1139,1146,1154,1162,1170,1178,1187,1196,1205,1214,1224,1233,1243,1252,1262,1272,1282,1292,1302,1312,1322,1332,1342,1352,1362,1371,1381,1391,1400,1410,1419,1428,1437,1445,1454,1462,1470,1478,1485,1492,1499,1506,1512,1518,1524,1530,1535,1539,1544,1548,1551,1555,1558,1560,1562,1564,1565,1566,1567,1567,1567,1566,1565,1564,1562,1560,1557,1554,1550,1547,1542,1538,1533,1527,1521,1515,1509,1502,1495,1488,1480,1472,1464,1455,1446,1438,1428,1419,1409,1400,1390,1380,1369,1359,1349,1338,1328,1317,1306,1296,1285,1274,1264,1253,1243,1232,1222,1212,1202,1192,1182,1172,1163,1154,1145,1136,1127,1119,1111,1104,1096,1089,1082,1076,1070,1064,1059,1054,1049,1045,1041,1037,1034,1032,1029,1027,1026,1025,1024,1024,1024,1024,1024,1024,1024,1024,1024,1024,1024,1024,1024,1024,1024,1024,1024,1024,1024,1024,1024,1024,1024,1024,1024,1024,1024,1024,1024,1024,1024,1024,1024,1024,1024,1024,1024,1024,1024,1024,1024,1024,1024,1024,1024,1024,1024,1024,1024,1024,1024,1024,1024,1024,1024,1024,1024,1024,1024

lead:V5
count:486
points:1024,1024,1024,1024,1024,1024,1024,1024,1024,1024,1024,1024,1024,1024,1024,1024,1024,1024,1024,1024,1024,1024,1024,1024,1024,1024,1024,1024,1024,1050,1076,1127,1127,1102,1077,1053,1028,1003,978,1001,1024,1024,1024,1025,1026,1027,1028,1030,1031,1033,1035,1038,1040,1043,1045,1048,1051,1054,1057,1060,1063,1066,1069,1072,1075,1078,1081,1084,1086,1089,1091,1093,1095,1097,1098,1100,1101,1101,1102,1102,1102,1102,1102,1101,1101,1100,1098,1097,1095,1093,1091,1089,1086,1084,1081,1078,1075,1072,1069,1066,1063,1060,1057,1054,1051,1048,1045,1043,1040,1038,1035,1033,1031,1030,1028,1027,1026,1025,1024,1024,1024,1024,1024,1024,1024,1024,1024,1024,1024,1024,1024,1024,1024,1024,1024,1024,1024,1024,1024,1024,1024,1024,1024,1066,1109,1151,1193,1148,1104,1059,1014,970,925,939,952,966,980,993,1007,1021,1034,1017,1000,983,966,950,933,917,901,886,871,856,842,829,816,803,792,781,770,760,752,743,736,729,724,719,715,712,710,708,708,708,709,711,713,716,719,723,728,733,738,745,751,758,766,774,782,791,800,809,819,828,838,848,858,868,878,888,898,908,918,927,937,946,954,963,971,978,985,992,998,1004,1009,1013,1017,1021,1024,1026,1027,1028,1029,1029,1029,1029,1029,1030,1030,1031,1031,1032,1032,1033,1034,1035,1036,1037,1038,1039,1040,1041,1042,1044,1045,1046,1047,1049,1050,1051,1053,1053,1053,1054,1055,1056,1058,1060,1062,1065,1068,1071,1074,1078,1082,1086,1090,1095,1100,1105,1111,1116,1122,1128,1134,1141,1147,1154,1161,1168,1175,1182,1189,1197,1204,1212,1219,1227,1235,1243,1250,1258,1266,1274,1281,1289,1297,1304,1311,1319,1326,1333,1340,1347,1354,1360,1367,1373,1379,1385,1390,1396,1401,1406,1410,1415,1419,1423,1427,1430,1433,1436,1438,1441,1443,1444,1446,1447,1447,1448,1448,1448,1447,1447,1445,1444,1442,1440,1438,1435,1432,1429,1425,1421,1417,1412,1408,1403,1397,1392,1386,1380,1374,1367,1361,1354,1347,1340,1332,1325,1317,1309,1302,1294,1286,1277,1269,1261,1253,1244,1236,1228,1219,1211,1203,1195,1187,1178,1171,1163,1155,1147,1140,1132,1125,1118,1111,1105,1098,1092,1086,1080,1075,1070,1064,1060,1055,1051,1047,1043,1040,1037,1034,1032,1030,1028,1027,1025,1025,1024,1024,1024,1024,1024,1024,1024,1024,1024,1024,1024,1024,1024,1024,1024,1024,1024,1024,1024,1024,1024,1024,1024,1024,1024,1024,1024,1024,1024,1024,1024,1024,1024,1024,1024,1024,1024,1024,1024,1024,1024,1024,1024,1024,1024,1024,1024,1024,1024,1024,1024,1024,1024,1024,1024,1024,1024,1024,1024

lead:V6
count:486
points:1024,1024,1024,1024,1024,1024,1024,1024,1024,1024,1024,1024,1024,1024,1024,1024,1024,1024,1024,1024,1024,1024,1024,1024,1024,1024,1024,1024,1024,1053,1083,1142,1142,1104,1067,1029,992,954,916,970,1024,1024,1025,1025,1027,1028,1030,1032,1034,1036,1039,1042,1045,1048,1052,1056,1059,1063,1067,1071,1075,1079,1083,1087,1091,1095,1098,1102,1105,1108,1111,1114,1117,1119,1121,1123,1124,1125,1126,1126,1126,1126,1126,1125,1124,1123,1121,1119,1117,1114,1111,1108,1105,1102,1098,1095,1091,1087,1083,1079,1075,1071,1067,1063,1059,1056,1052,1048,1045,1042,1039,1036,1034,1032,1030,1028,1027,1025,1025,1024,1024,1024,1024,1024,1024,1024,1024,1024,1024,1024,1024,1024,1024,1024,1024,1024,1024,1024,1024,1024,1024,1024,1024,1069,1114,1158,1203,1143,1084,1024,964,905,845,868,892,916,940,963,987,1011,1034,1034,1031,1028,1023,1017,1010,1001,992,981,970,958,946,933,920,906,893,880,867,854,842,831,821,811,803,795,789,785,781,779,778,778,779,780,782,784,787,790,794,798,802,807,812,818,824,830,836,843,850,858,865,872,880,888,896,904,912,919,927,935,942,950,957,964,971,977,984,990,995,1000,1005,1010,1014,1017,1020,1023,1025,1027,1028,1029,1029,1029,1029,1030,1030,1030,1031,1031,1032,1033,1033,1034,1035,1036,1037,1038,1039,1039,1040,1041,1042,1042,1043,1043,1044,1044,1044,1044,1044,1045,1045,1045,1046,1047,1048,1049,1050,1051,1053,1055,1056,1059,1061,1063,1066,1068,1071,1074,1077,1080,1083,1086,1090,1093,1097,1101,1105,1108,1112,1116,1121,1125,1129,1133,1137,1142,1146,1150,1155,1159,1163,1167,1172,1176,1180,1184,1189,1193,1197,1201,1205,1208,1212,1216,1219,1223,1226,1229,1232,1235,1238,1241,1244,1246,1248,1251,1253,1255,1256,1258,1259,1261,1262,1263,1263,1264,1264,1265,1265,1265,1264,1264,1263,1263,1262,1261,1260,1259,1257,1256,1254,1252,1250,1248,1245,1243,1240,1237,1235,1231,1228,1225,1221,1218,1214,1210,1206,1201,1197,1192,1188,1183,1178,1173,1167,1162,1156,1150,1144,1138,1133,1127,1121,1116,1111,1106,1101,1096,1092,1087,1083,1079,1075,1071,1067,1064,1060,1057,1054,1051,1048,1046,1043,1041,1039,1037,1035,1033,1032,1030,1029,1028,1027,1026,1025,1025,1024,1024,1024,1024,1024,1024,1024,1024,1024,1024,1024,1024,1024,1024,1024,1024,1024,1024,1024,1024,1024,1024,1024,1024,1024,1024,1024,1024,1024,1024,1024,1024,1024,1024,1024,1024,1024,1024,1024,1024,1024,1024,1024,1024,1024,1024,1024,1024,1024,1024,1024,1024,1024,1024,1024,1024,1024,1024,1024,1024

