pathology:pacesv
group:pacemaker
title:Pacemaker: stimulation of the ventricles
name:ЭКС желудочков
leads:12

lead:I
count:486
points:1024,1024,1024,1024,1024,1024,1024,1024,1024,1024,1024,1024,1024,1024,1024,1024,1024,1024,1024,1024,1024,1024,1024,1024,1024,1024,1024,1024,1024,1024,1024,1024,1024,1024,1024,1024,1024,1024,1024,1024,1024,1024,1024,1024,1024,1024,1024,1024,1024,1024,1024,1024,1024,1024,1024,1024,1024,1024,1024,1024,1024,1024,1024,1024,1024,1024,1024,1024,1024,1024,1024,1024,1024,1024,1024,1024,1024,1024,1024,1024,1024,1024,1024,1024,1024,1024,1024,1024,1024,1024,1024,1024,1024,1024,1024,1024,1024,1024,1024,1024,1024,1024,1024,1024,1024,1024,1024,1024,1024,1024,1024,1024,1024,1024,1024,1024,1024,1024,1024,1024,1024,1024,1024,1024,1024,1024,1024,1024,1024,1024,1024,1024,1024,1024,1024,1024,1024,1024,1024,1024,1024,1024,1024,992,959,927,894,829,829,1162,1147,1132,1116,1101,1085,1070,1055,1039,1024,1038,1052,1065,1079,1092,1106,1119,1132,1144,1157,1169,1180,1192,1203,1213,1223,1233,1242,1250,1258,1266,1272,1279,1284,1289,1293,1297,1300,1303,1304,1305,1306,1305,1304,1303,1301,1299,1296,1292,1288,1284,1279,1273,1267,1261,1255,1248,1240,1233,1225,1217,1208,1200,1191,1182,1174,1165,1156,1147,1138,1130,1121,1113,1105,1097,1089,1082,1075,1068,1062,1056,1051,1046,1041,1037,1034,1031,1028,1026,1025,1024,1024,1024,1024,1024,1024,1024,1024,1024,1024,1024,1024,1024,1024,1024,1024,1024,1024,1024,1024,1024,1024,1024,1024,1024,1024,1024,1024,1024,1024,1024,1024,1024,1024,1023,1023,1023,1022,1022,1022,1021,1021,1020,1019,1019,1018,1017,1017,1016,1015,1014,1013,1012,1011,1010,1009,1008,1007,1006,1005,1004,1003,1002,1000,999,998,997,996,994,993,992,991,990,988,987,986,985,984,983,982,980,979,978,977,976,975,974,973,972,972,971,970,969,968,968,967,966,966,965,965,964,964,964,963,963,963,963,963,963,963,963,963,963,963,963,963,964,964,964,965,965,966,966,967,968,968,969,970,971,972,972,973,974,975,976,977,978,979,980,982,983,984,985,986,987,988,990,991,992,993,994,996,997,998,999,1000,1002,1003,1004,1005,1006,1007,1008,1009,1010,1011,1012,1013,1014,1015,1016,1017,1017,1018,1019,1019,1020,1021,1021,1022,1022,1022,1023,1023,1023,1024,1024,1024,1024,1024,1024,1024,1024,1024,1024,1024,1024,1024,1024,1024,1024,1024,1024,1024,1024,1024,1024,1024,1024,1024,1024,1024,1024,1024,1024,1024,1024,1024,1024,1024,1024,1024,1024,1024,1024,1024,1024,1024,1024,1024,1024,1024,1024,1024,1024,1024,1024,1024,1024,1024,1024,1024,1024,1024,1024,1024,1024

lead:II
count:486
points:1024,1024,1024,1024,1024,1024,1024,1024,1024,1024,1024,1024,1024,1024,1024,1024,1024,1024,1024,1024,1024,1024,1024,1024,1024,1024,1024,1024,1024,1024,1024,1024,1024,1024,1024,1024,1024,1024,1024,1024,1024,1024,1024,1024,1024,1024,1024,1024,1024,1024,1024,1024,1024,1024,1024,1024,1024,1024,1024,1024,1024,1024,1024,1024,1024,1024,1024,1024,1024,1024,1024,1024,1024,1024,1024,1024,1024,1024,1024,1024,1024,1024,1024,1024,1024,1024,1024,1024,1024,1024,1024,1024,1024,1024,1024,1024,1024,1024,1024,1024,1024,1024,1024,1024,1024,1024,1024,1024,1024,1024,1024,1024,1024,1024,1024,1024,1024,1024,1024,1024,1024,1024,1024,1024,1024,1024,1024,1024,1024,1024,1024,1024,1024,1024,1024,1024,1024,1024,1024,1024,1024,1024,1024,1054,1084,1114,1143,1203,1203,863,881,899,916,934,952,970,988,1006,1024,1023,1019,1013,1004,993,980,964,947,928,907,885,861,837,812,786,760,734,709,684,659,636,614,593,574,556,541,528,517,508,502,498,497,497,499,501,505,510,515,522,529,538,547,557,568,580,592,605,619,633,648,663,679,695,711,727,744,760,777,793,810,826,842,857,873,887,902,915,928,941,953,963,974,983,991,999,1005,1011,1016,1019,1022,1023,1024,1024,1024,1024,1024,1024,1024,1024,1024,1024,1024,1024,1024,1024,1024,1024,1024,1024,1024,1024,1024,1024,1024,1024,1024,1024,1024,1024,1024,1024,1024,1025,1025,1026,1026,1027,1028,1029,1030,1032,1033,1035,1036,1038,1040,1042,1044,1046,1049,1051,1054,1056,1059,1062,1064,1067,1070,1073,1076,1079,1082,1086,1089,1092,1095,1099,1102,1105,1108,1112,1115,1118,1122,1125,1128,1131,1135,1138,1141,1144,1147,1150,1153,1155,1158,1161,1163,1166,1168,1171,1173,1175,1177,1179,1181,1182,1184,1185,1187,1188,1189,1190,1191,1191,1192,1192,1193,1193,1193,1193,1193,1192,1192,1192,1191,1190,1190,1189,1188,1187,1185,1184,1183,1181,1179,1178,1176,1174,1172,1170,1167,1165,1163,1160,1157,1154,1152,1149,1145,1142,1139,1135,1132,1128,1125,1121,1117,1113,1108,1104,1100,1096,1092,1089,1085,1081,1078,1075,1072,1068,1065,1062,1060,1057,1054,1052,1050,1047,1045,1043,1041,1039,1038,1036,1034,1033,1032,1030,1029,1028,1027,1027,1026,1025,1025,1024,1024,1024,1024,1024,1024,1024,1024,1024,1024,1024,1024,1024,1024,1024,1024,1024,1024,1024,1024,1024,1024,1024,1024,1024,1024,1024,1024,1024,1024,1024,1024,1024,1024,1024,1024,1024,1024,1024,1024,1024,1024,1024,1024,1024,1024,1024,1024,1024,1024,1024,1024,1024,1024,1024,1024,1024,1024,1024,1024,1024

lead:III
count:486
points:1024,1024,1024,1024,1024,1024,1024,1024,1024,1024,1024,1024,1024,1024,1024,1024,1024,1024,1024,1024,1024,1024,1024,1024,1024,1024,1024,1024,1024,1024,1024,1024,1024,1024,1024,1024,1024,1024,1024,1024,1024,1024,1024,1024,1024,1024,1024,1024,1024,1024,1024,1024,1024,1024,1024,1024,1024,1024,1024,1024,1024,1024,1024,1024,1024,1024,1024,1024,1024,1024,1024,1024,1024,1024,1024,1024,1024,1024,1024,1024,1024,1024,1024,1024,1024,1024,1024,1024,1024,1024,1024,1024,1024,1024,1024,1024,1024,1024,1024,1024,1024,1024,1024,1024,1024,1024,1024,1024,1024,1024,1024,1024,1024,1024,1024,1024,1024,1024,1024,1024,1024,1024,1024,1024,1024,1024,1024,1024,1024,1024,1024,1024,1024,1024,1024,1024,1024,1024,1024,1024,1024,1024,1024,1086,1149,1211,1273,1398,1398,724,758,791,824,858,891,924,957,991,1024,984,945,905,866,827,789,751,714,678,643,608,575,542,511,481,452,425,399,374,351,330,311,293,277,262,250,239,231,224,219,216,215,216,218,222,228,235,243,254,265,278,292,308,325,343,362,382,403,425,447,471,495,519,544,569,594,620,645,670,695,720,745,768,792,814,836,857,877,896,914,931,947,961,974,986,996,1004,1011,1017,1021,1023,1024,1024,1024,1024,1024,1024,1024,1024,1024,1024,1024,1024,1024,1024,1024,1024,1024,1024,1024,1024,1024,1024,1024,1024,1024,1024,1024,1024,1024,1024,1024,1025,1025,1026,1027,1028,1030,1031,1033,1035,1037,1039,1041,1043,1046,1049,1052,1055,1058,1061,1064,1068,1071,1075,1079,1083,1087,1091,1095,1099,1104,1108,1112,1117,1121,1126,1130,1135,1139,1144,1148,1153,1157,1162,1166,1170,1175,1179,1183,1187,1191,1195,1199,1203,1207,1211,1214,1217,1221,1224,1227,1230,1232,1235,1237,1240,1242,1244,1246,1247,1249,1250,1251,1252,1253,1254,1254,1254,1254,1254,1254,1254,1253,1252,1251,1250,1249,1247,1246,1244,1242,1240,1237,1235,1232,1230,1227,1224,1221,1217,1214,1211,1207,1203,1199,1195,1191,1187,1183,1179,1175,1170,1166,1162,1157,1153,1148,1144,1139,1135,1130,1126,1121,1117,1112,1108,1104,1099,1095,1091,1087,1083,1079,1075,1071,1068,1064,1061,1058,1055,1052,1049,1046,1043,1041,1039,1037,1035,1033,1031,1030,1028,1027,1026,1025,1025,1024,1024,1024,1024,1024,1024,1024,1024,1024,1024,1024,1024,1024,1024,1024,1024,1024,1024,1024,1024,1024,1024,1024,1024,1024,1024,1024,1024,1024,1024,1024,1024,1024,1024,1024,1024,1024,1024,1024,1024,1024,1024,1024,1024,1024,1024,1024,1024,1024,1024,1024,1024,1024,1024,1024,1024,1024,1024,1024,1024

lead:aVR
count:486
points:1024,1024,1024,1024,1024,1024,1024,1024,1024,1024,1024,1024,1024,1024,1024,1024,1024,1024,1024,1024,1024,1024,1024,1024,1024,1024,1024,1024,1024,1024,1024,1024,1024,1024,1024,1024,1024,1024,1024,1024,1024,1024,1024,1024,1024,1024,1024,1024,1024,1024,1024,1024,1024,1024,1024,1024,1024,1024,1024,1024,1024,1024,1024,1024,1024,1024,1024,1024,1024,1024,1024,1024,1024,1024,1024,1024,1024,1024,1024,1024,1024,1024,1024,1024,1024,1024,1024,1024,1024,1024,1024,1024,1024,1024,1024,1024,1024,1024,1024,1024,1024,1024,1024,1024,1024,1024,1024,1024,1024,1024,1024,1024,1024,1024,1024,1024,1024,1024,1024,1024,1024,1024,1024,1024,1024,1024,1024,1024,1024,1024,1024,1024,1024,1024,1024,1024,1024,1024,1024,1024,1024,1024,1024,1025,1027,1028,1030,1033,1039,1037,1036,1034,1033,1031,1030,1028,1027,1025,1024,1031,1038,1045,1052,1058,1065,1072,1078,1085,1091,1097,1103,1109,1114,1119,1124,1129,1134,1138,1142,1146,1149,1152,1155,1158,1160,1162,1163,1164,1165,1166,1166,1166,1165,1165,1164,1162,1161,1159,1157,1155,1152,1150,1147,1144,1140,1137,1133,1129,1125,1121,1117,1113,1108,1104,1099,1095,1090,1086,1082,1077,1073,1069,1065,1061,1057,1053,1050,1046,1043,1040,1038,1035,1033,1031,1029,1027,1026,1025,1025,1024,1024,1024,1024,1024,1024,1024,1024,1024,1024,1024,1024,1024,1024,1024,1024,1024,1024,1024,1024,1024,1024,1024,1024,1024,1024,1024,1024,1024,1024,1024,1024,1024,1024,1023,1023,1023,1022,1022,1022,1021,1021,1020,1019,1019,1018,1017,1017,1016,1015,1014,1013,1012,1011,1010,1009,1008,1007,1006,1005,1004,1003,1001,1000,999,998,997,995,994,993,992,991,989,988,987,986,985,983,982,981,980,979,978,977,976,975,974,973,972,971,970,969,969,968,967,966,966,965,965,964,964,963,963,963,963,962,962,962,962,962,962,962,962,962,963,963,963,963,964,964,965,965,966,966,967,968,969,969,970,971,972,973,974,975,976,977,978,979,980,981,982,983,985,986,987,988,989,991,992,993,994,995,997,998,999,1000,1001,1003,1004,1005,1006,1007,1008,1009,1010,1011,1012,1013,1014,1015,1016,1017,1017,1018,1019,1019,1020,1021,1021,1022,1022,1022,1023,1023,1023,1024,1024,1024,1024,1024,1024,1024,1024,1024,1024,1024,1024,1024,1024,1024,1024,1024,1024,1024,1024,1024,1024,1024,1024,1024,1024,1024,1024,1024,1024,1024,1024,1024,1024,1024,1024,1024,1024,1024,1024,1024,1024,1024,1024,1024,1024,1024,1024,1024,1024,1024,1024,1024,1024,1024,1024,1024,1024,1024,1024,1024,1024

lead:aVL
count:486
points:1024,1024,1024,1024,1024,1024,1024,1024,1024,1024,1024,1024,1024,1024,1024,1024,1024,1024,1024,1024,1024,1024,1024,1024,1024,1024,1024,1024,1024,1024,1024,1024,1024,1024,1024,1024,1024,1024,1024,1024,1024,1024,1024,1024,1024,1024,1024,1024,1024,1024,1024,1024,1024,1024,1024,1024,1024,1024,1024,1024,1024,1024,1024,1024,1024,1024,1024,1024,1024,1024,1024,1024,1024,1024,1024,1024,1024,1024,1024,1024,1024,1024,1024,1024,1024,1024,1024,1024,1024,1024,1024,1024,1024,1024,1024,1024,1024,1024,1024,1024,1024,1024,1024,1024,1024,1024,1024,1024,1024,1024,1024,1024,1024,1024,1024,1024,1024,1024,1024,1024,1024,1024,1024,1024,1024,1024,1024,1024,1024,1024,1024,1024,1024,1024,1024,1024,1024,1024,1024,1024,1024,1024,1024,969,915,860,805,696,696,1277,1249,1221,1192,1164,1136,1108,1080,1052,1024,1055,1086,1116,1147,1177,1207,1236,1265,1293,1321,1348,1374,1399,1423,1447,1469,1491,1511,1530,1548,1564,1579,1593,1606,1617,1627,1635,1642,1647,1651,1653,1654,1653,1651,1648,1644,1638,1632,1624,1615,1605,1594,1581,1568,1554,1539,1524,1508,1490,1473,1455,1436,1417,1398,1378,1359,1339,1319,1299,1280,1261,1242,1223,1205,1187,1170,1154,1138,1123,1109,1096,1084,1073,1063,1054,1046,1039,1034,1030,1026,1025,1024,1024,1024,1024,1024,1024,1024,1024,1024,1024,1024,1024,1024,1024,1024,1024,1024,1024,1024,1024,1024,1024,1024,1024,1024,1024,1024,1024,1024,1024,1024,1023,1023,1022,1022,1021,1020,1019,1018,1016,1015,1013,1012,1010,1008,1006,1004,1002,999,997,994,992,989,987,984,981,978,975,972,969,966,963,959,956,953,950,946,943,940,936,933,930,927,923,920,917,914,911,908,904,902,899,896,893,890,888,885,883,880,878,876,874,872,870,868,866,865,863,862,861,860,859,858,857,857,856,856,856,856,856,856,856,857,857,858,859,860,861,862,863,865,866,868,870,872,874,876,878,880,883,885,888,890,893,896,899,902,904,908,911,914,917,920,923,927,930,933,936,940,943,946,950,953,956,959,963,966,969,972,975,978,981,984,987,989,992,994,997,999,1002,1004,1006,1008,1010,1012,1013,1015,1016,1018,1019,1020,1021,1022,1022,1023,1023,1024,1024,1024,1024,1024,1024,1024,1024,1024,1024,1024,1024,1024,1024,1024,1024,1024,1024,1024,1024,1024,1024,1024,1024,1024,1024,1024,1024,1024,1024,1024,1024,1024,1024,1024,1024,1024,1024,1024,1024,1024,1024,1024,1024,1024,1024,1024,1024,1024,1024,1024,1024,1024,1024,1024,1024,1024,1024,1024,1024

lead:aVF
count:486
points:1024,1024,1024,1024,1024,1024,1024,1024,1024,1024,1024,1024,1024,1024,1024,1024,1024,1024,1024,1024,1024,1024,1024,1024,1024,1024,1024,1024,1024,1024,1024,1024,1024,1024,1024,1024,1024,1024,1024,1024,1024,1024,1024,1024,1024,1024,1024,1024,1024,1024,1024,1024,1024,1024,1024,1024,1024,1024,1024,1024,1024,1024,1024,1024,1024,1024,1024,1024,1024,1024,1024,1024,1024,1024,1024,1024,1024,1024,1024,1024,1024,1024,1024,1024,1024,1024,1024,1024,1024,1024,1024,1024,1024,1024,1024,1024,1024,1024,1024,1024,1024,1024,1024,1024,1024,1024,1024,1024,1024,1024,1024,1024,1024,1024,1024,1024,1024,1024,1024,1024,1024,1024,1024,1024,1024,1024,1024,1024,1024,1024,1024,1024,1024,1024,1024,1024,1024,1024,1024,1024,1024,1024,1024,1077,1130,1184,1237,1343,1343,758,788,817,847,876,906,935,965,994,1024,986,948,911,873,837,800,764,729,694,660,627,595,564,535,506,478,452,428,404,383,362,344,327,311,298,286,276,267,261,256,253,252,253,256,259,265,271,280,289,300,313,326,341,357,374,392,411,432,452,474,496,519,542,566,590,614,638,662,687,711,734,757,780,802,824,845,865,884,902,919,935,950,964,976,987,997,1005,1012,1017,1021,1023,1024,1024,1024,1024,1024,1024,1024,1024,1024,1024,1024,1024,1024,1024,1024,1024,1024,1024,1024,1024,1024,1024,1024,1024,1024,1024,1024,1024,1024,1024,1024,1025,1025,1026,1027,1028,1030,1031,1033,1035,1037,1039,1041,1043,1046,1049,1052,1055,1058,1061,1064,1068,1072,1075,1079,1083,1087,1091,1095,1099,1104,1108,1112,1117,1121,1126,1130,1135,1139,1144,1148,1153,1157,1162,1166,1171,1175,1179,1183,1188,1192,1196,1200,1203,1207,1211,1214,1218,1221,1224,1227,1230,1233,1235,1238,1240,1242,1244,1246,1247,1249,1250,1251,1252,1253,1254,1254,1254,1255,1254,1254,1254,1253,1252,1251,1250,1249,1247,1246,1244,1242,1240,1238,1235,1233,1230,1227,1224,1221,1218,1214,1211,1207,1203,1200,1196,1192,1188,1183,1179,1175,1171,1166,1162,1157,1153,1148,1144,1139,1135,1130,1126,1121,1117,1112,1108,1104,1099,1095,1091,1087,1083,1079,1075,1072,1068,1064,1061,1058,1055,1052,1049,1046,1043,1041,1039,1037,1035,1033,1031,1030,1028,1027,1026,1025,1025,1024,1024,1024,1024,1024,1024,1024,1024,1024,1024,1024,1024,1024,1024,1024,1024,1024,1024,1024,1024,1024,1024,1024,1024,1024,1024,1024,1024,1024,1024,1024,1024,1024,1024,1024,1024,1024,1024,1024,1024,1024,1024,1024,1024,1024,1024,1024,1024,1024,1024,1024,1024,1024,1024,1024,1024,1024,1024,1024,1024

lead:V1
count:486
points:1024,1024,1024,1024,1024,1024,1024,1024,1024,1024,1024,1024,1024,1024,1024,1024,1024,1024,1024,1024,1024,1024,1024,1024,1024,1024,1024,1024,1024,1024,1024,1024,1024,1024,1024,1024,1024,1024,1024,1024,1024,1024,1024,1024,1024,1024,1024,1024,1024,1024,1024,1024,1024,1024,1024,1024,1024,1024,1024,1024,1024,1024,1024,1024,1024,1024,1024,1024,1024,1024,1024,1024,1024,1024,1024,1024,1024,1024,1024,1024,1024,1024,1024,1024,1024,1024,1024,1024,1024,1024,1024,1024,1024,1024,1024,1024,1024,1024,1024,1024,1024,1024,1024,1024,1024,1024,1024,1024,1024,1024,1024,1024,1024,1024,1024,1024,1024,1024,1024,1024,1024,1024,1024,1024,1024,1024,1024,1024,1024,1024,1024,1024,1024,1024,1024,1024,1024,1024,1024,1024,1024,1024,1024,1015,1005,996,987,968,1195,1178,1161,1144,1127,1110,1092,1075,1058,1041,1024,1022,1016,1006,992,974,953,929,902,872,840,807,772,736,699,681,663,646,628,612,596,580,566,553,540,529,520,511,504,499,495,493,492,492,493,494,495,497,500,503,506,510,514,518,523,529,534,541,547,554,561,569,577,586,594,604,613,623,633,643,654,665,676,688,699,711,723,736,748,761,774,787,801,814,828,841,855,869,883,897,911,939,939,944,948,953,958,962,967,971,976,980,984,988,992,996,999,1002,1005,1008,1011,1013,1016,1018,1019,1021,1022,1023,1023,1024,1024,1024,1024,1025,1025,1026,1027,1028,1029,1030,1032,1033,1035,1037,1039,1041,1043,1046,1048,1051,1053,1056,1059,1062,1065,1069,1072,1075,1079,1083,1086,1090,1094,1097,1101,1105,1109,1113,1117,1121,1125,1129,1133,1136,1140,1144,1148,1152,1156,1159,1163,1167,1170,1174,1177,1181,1184,1187,1190,1193,1196,1199,1201,1204,1206,1208,1210,1212,1214,1216,1218,1219,1220,1222,1223,1223,1224,1225,1225,1225,1225,1225,1225,1225,1224,1223,1223,1222,1220,1219,1218,1216,1214,1212,1210,1208,1206,1204,1201,1199,1196,1193,1190,1187,1184,1181,1177,1174,1170,1167,1163,1159,1156,1152,1148,1144,1140,1136,1133,1129,1125,1121,1117,1113,1109,1105,1101,1097,1094,1090,1086,1083,1079,1075,1072,1069,1065,1062,1059,1056,1053,1051,1048,1046,1043,1041,1039,1037,1035,1033,1032,1030,1029,1028,1027,1026,1025,1025,1024,1024,1024,1024,1024,1024,1024,1024,1024,1024,1024,1024,1024,1024,1024,1024,1024,1024,1024,1024,1024,1024,1024,1024,1024,1024,1024,1024,1024,1024,1024,1024,1024,1024,1024,1024,1024,1024,1024,1024,1024,1024,1024,1024,1024,1024,1024,1024,1024,1024,1024,1024,1024,1024,1024,1024,1024,1024,1024,1024

lead:V2
count:486
points:1024,1024,1024,1024,1024,1024,1024,1024,1024,1024,1024,1024,1024,1024,1024,1024,1024,1024,1024,1024,1024,1024,1024,1024,1024,1024,1024,1024,1024,1024,1024,1024,1024,1024,1024,1024,1024,1024,1024,1024,1024,1024,1024,1024,1024,1024,1024,1024,1024,1024,1024,1024,1024,1024,1024,1024,1024,1024,1024,1024,1024,1024,1024,1024,1024,1024,1024,1024,1024,1024,1024,1024,1024,1024,1024,1024,1024,1024,1024,1024,1024,1024,1024,1024,1024,1024,1024,1024,1024,1024,1024,1024,1024,1024,1024,1024,1024,1024,1024,1024,1024,1024,1024,1024,1024,1024,1024,1024,1024,1024,1024,1024,1024,1024,1024,1024,1024,1024,1024,1024,1024,1024,1024,1024,1024,1024,1024,1024,1024,1024,1024,1024,1024,1024,1024,1024,1024,1024,1024,1024,1024,1024,1024,1025,1027,1028,1030,1033,1085,1079,1073,1067,1061,1054,1048,1042,1036,1030,1024,1022,1018,1010,1000,986,970,952,931,909,885,859,833,806,778,766,755,743,732,721,710,700,691,682,674,667,660,655,650,647,644,643,642,642,643,644,645,646,647,649,651,654,656,659,663,666,670,674,678,683,687,692,698,703,709,715,721,727,734,740,747,754,762,769,777,784,792,800,809,817,825,834,842,851,860,869,878,887,896,905,914,932,932,937,942,947,952,957,962,967,972,976,981,985,989,993,997,1001,1004,1007,1010,1013,1015,1017,1019,1020,1022,1023,1023,1024,1024,1024,1024,1025,1025,1026,1026,1027,1028,1029,1031,1032,1033,1035,1037,1039,1041,1043,1045,1047,1049,1052,1054,1057,1060,1063,1065,1068,1071,1074,1078,1081,1084,1087,1090,1094,1097,1101,1104,1107,1111,1114,1118,1121,1124,1128,1131,1134,1138,1141,1144,1147,1150,1153,1156,1159,1162,1164,1167,1170,1172,1174,1177,1179,1181,1183,1185,1186,1188,1189,1191,1192,1193,1194,1195,1196,1196,1197,1197,1197,1197,1197,1197,1197,1196,1196,1195,1194,1193,1192,1191,1189,1188,1186,1185,1183,1181,1179,1177,1174,1172,1170,1167,1164,1162,1159,1156,1153,1150,1147,1144,1141,1138,1134,1131,1128,1124,1121,1118,1114,1111,1107,1104,1101,1097,1094,1090,1087,1084,1081,1078,1074,1071,1068,1065,1063,1060,1057,1054,1052,1049,1047,1045,1043,1041,1039,1037,1035,1033,1032,1031,1029,1028,1027,1026,1026,1025,1025,1024,1024,1024,1024,1024,1024,1024,1024,1024,1024,1024,1024,1024,1024,1024,1024,1024,1024,1024,1024,1024,1024,1024,1024,1024,1024,1024,1024,1024,1024,1024,1024,1024,1024,1024,1024,1024,1024,1024,1024,1024,1024,1024,1024,1024,1024,1024,1024,1024,1024,1024,1024,1024,1024,1024,1024,1024,1024,1024,1024

lead:V3
count:486
points:1024,1024,1024,1024,1024,1024,1024,1024,1024,1024,1024,1024,1024,1024,1024,1024,1024,1024,1024,1024,1024,1024,1024,1024,1024,1024,1024,1024,1024,1024,1024,1024,1024,1024,1024,1024,1024,1024,1024,1024,1024,1024,1024,1024,1024,1024,1024,1024,1024,1024,1024,1024,1024,1024,1024,1024,1024,1024,1024,1024,1024,1024,1024,1024,1024,1024,1024,1024,1024,1024,1024,1024,1024,1024,1024,1024,1024,1024,1024,1024,1024,1024,1024,1024,1024,1024,1024,1024,1024,1024,1024,1024,1024,1024,1024,1024,1024,1024,1024,1024,1024,1024,1024,1024,1024,1024,1024,1024,1024,1024,1024,1024,1024,1024,1024,1024,1024,1024,1024,1024,1024,1024,1024,1024,1024,1024,1024,1024,1024,1024,1024,1024,1024,1024,1024,1024,1024,1024,1024,1024,1024,1024,1024,1036,1048,1060,1072,1096,1096,971,977,983,989,995,1001,1006,1012,1018,1024,1023,1021,1017,1011,1004,996,986,975,963,950,937,923,909,894,890,886,883,879,875,872,869,866,863,860,858,856,854,853,851,851,850,850,850,850,850,851,851,851,852,853,853,854,855,856,857,858,860,861,862,864,865,867,869,870,872,874,876,878,880,882,884,886,889,891,893,896,898,901,903,906,909,911,914,917,919,922,925,928,930,933,939,939,944,948,953,958,962,967,971,976,980,984,988,992,996,999,1002,1005,1008,1011,1013,1016,1018,1019,1021,1022,1023,1023,1024,1024,1024,1024,1024,1025,1025,1026,1026,1027,1028,1029,1029,1031,1032,1033,1034,1035,1037,1038,1040,1042,1043,1045,1047,1049,1051,1053,1055,1057,1059,1061,1063,1065,1068,1070,1072,1074,1077,1079,1081,1084,1086,1088,1091,1093,1095,1098,1100,1102,1104,1107,1109,1111,1113,1115,1117,1119,1121,1123,1124,1126,1128,1129,1131,1132,1134,1135,1136,1137,1138,1139,1140,1141,1141,1142,1142,1143,1143,1143,1144,1144,1144,1143,1143,1143,1142,1142,1141,1141,1140,1139,1138,1137,1136,1135,1134,1132,1131,1129,1128,1126,1124,1123,1121,1119,1117,1115,1113,1111,1109,1107,1104,1102,1100,1098,1095,1093,1091,1088,1086,1084,1081,1079,1077,1074,1072,1070,1068,1065,1063,1061,1059,1057,1055,1053,1051,1049,1047,1045,1043,1042,1040,1038,1037,1035,1034,1033,1032,1031,1029,1029,1028,1027,1026,1026,1025,1025,1024,1024,1024,1024,1024,1024,1024,1024,1024,1024,1024,1024,1024,1024,1024,1024,1024,1024,1024,1024,1024,1024,1024,1024,1024,1024,1024,1024,1024,1024,1024,1024,1024,1024,1024,1024,1024,1024,1024,1024,1024,1024,1024,1024,1024,1024,1024,1024,1024,1024,1024,1024,1024,1024,1024,1024,1024,1024,1024,1024,1024

lead:V4
count:486
points:1024,1024,1024,1024,1024,1024,1024,1024,1024,1024,1024,1024,1024,1024,1024,1024,1024,1024,1024,1024,1024,1024,1024,1024,1024,1024,1024,1024,1024,1024,1024,1024,1024,1024,1024,1024,1024,1024,1024,1024,1024,1024,1024,1024,1024,1024,1024,1024,1024,1024,1024,1024,1024,1024,1024,1024,1024,1024,1024,1024,1024,1024,1024,1024,1024,1024,1024,1024,1024,1024,1024,1024,1024,1024,1024,1024,1024,1024,1024,1024,1024,1024,1024,1024,1024,1024,1024,1024,1024,1024,1024,1024,1024,1024,1024,1024,1024,1024,1024,1024,1024,1024,1024,1024,1024,1024,1024,1024,1024,1024,1024,1024,1024,1024,1024,1024,1024,1024,1024,1024,1024,1024,1024,1024,1024,1024,1024,1024,1024,1024,1024,1024,1024,1024,1024,1024,1024,1024,1024,1024,1024,1024,1024,1045,1066,1087,1108,1150,852,870,887,904,921,938,955,973,990,1007,1024,1024,1024,1024,1025,1025,1026,1027,1027,1028,1029,1030,1031,1032,1033,1038,1043,1047,1052,1057,1061,1065,1069,1073,1076,1079,1082,1084,1086,1088,1089,1089,1090,1090,1089,1089,1089,1088,1087,1087,1086,1084,1083,1082,1080,1079,1077,1075,1074,1071,1069,1067,1065,1062,1060,1057,1054,1051,1048,1045,1042,1039,1036,1032,1029,1026,1022,1018,1015,1011,1007,1003,999,996,992,988,984,980,975,971,967,959,959,963,966,970,974,977,981,984,987,991,994,997,1000,1002,1005,1007,1010,1012,1014,1016,1018,1019,1020,1021,1022,1023,1024,1024,1024,1024,1024,1024,1024,1024,1025,1025,1025,1025,1026,1026,1026,1027,1027,1028,1028,1029,1029,1030,1031,1031,1032,1033,1033,1034,1035,1036,1036,1037,1038,1039,1040,1041,1042,1042,1043,1044,1045,1046,1047,1048,1049,1050,1050,1051,1052,1053,1054,1055,1056,1056,1057,1058,1059,1060,1060,1061,1062,1062,1063,1064,1064,1065,1065,1066,1066,1067,1067,1068,1068,1068,1069,1069,1069,1069,1069,1070,1070,1070,1070,1070,1070,1070,1069,1069,1069,1069,1069,1068,1068,1068,1067,1067,1066,1066,1065,1065,1064,1064,1063,1062,1062,1061,1060,1060,1059,1058,1057,1056,1056,1055,1054,1053,1052,1051,1050,1050,1049,1048,1047,1046,1045,1044,1043,1042,1042,1041,1040,1039,1038,1037,1036,1036,1035,1034,1033,1033,1032,1031,1031,1030,1029,1029,1028,1028,1027,1027,1026,1026,1026,1025,1025,1025,1025,1024,1024,1024,1024,1024,1024,1024,1024,1024,1024,1024,1024,1024,1024,1024,1024,1024,1024,1024,1024,1024,1024,1024,1024,1024,1024,1024,1024,1024,1024,1024,1024,1024,1024,1024,1024,1024,1024,1024,1024,1024,1024,1024,1024,1024,1024,1024,1024,1024,1024,1024,1024,1024,1024,1024,1024,1024,1024,1024,1024,1024,1024,1024

lead:V5
count:486
points:1024,1024,1024,1024,1024,1024,1024,1024,1024,1024,1024,1024,1024,1024,1024,1024,1024,1024,1024,1024,1024,1024,1024,1024,1024,1024,1024,1024,1024,1024,1024,1024,1024,1024,1024,1024,1024,1024,1024,1024,1024,1024,1024,1024,1024,1024,1024,1024,1024,1024,1024,1024,1024,1024,1024,1024,1024,1024,1024,1024,1024,1024,1024,1024,1024,1024,1024,1024,1024,1024,1024,1024,1024,1024,1024,1024,1024,1024,1024,1024,1024,1024,1024,1024,1024,1024,1024,1024,1024,1024,1024,1024,1024,1024,1024,1024,1024,1024,1024,1024,1024,1024,1024,1024,1024,1024,1024,1024,1024,1024,1024,1024,1024,1024,1024,1024,1024,1024,1024,1024,1024,1024,1024,1024,1024,1024,1024,1024,1024,1024,1024,1024,1024,1024,1024,1024,1024,1024,1024,1024,1024,1024,1024,1051,1077,1104,1130,1184,768,793,819,845,870,896,922,947,973,998,1024,1025,1028,1032,1038,1046,1055,1066,1078,1091,1105,1120,1135,1151,1167,1180,1193,1205,1217,1229,1241,1252,1262,1271,1280,1288,1295,1300,1305,1309,1312,1314,1314,1314,1314,1313,1312,1310,1308,1306,1304,1301,1298,1295,1291,1287,1283,1279,1274,1269,1264,1258,1252,1246,1240,1233,1226,1219,1212,1204,1196,1188,1180,1172,1163,1155,1146,1137,1127,1118,1109,1099,1089,1080,1070,1060,1050,1040,1030,1020,1009,989,989,991,993,995,997,999,1000,1002,1004,1006,1008,1009,1011,1012,1014,1015,1016,1018,1019,1020,1021,1021,1022,1023,1023,1024,1024,1024,1024,1024,1024,1024,1024,1024,1024,1023,1023,1023,1023,1022,1022,1022,1022,1021,1021,1020,1020,1020,1019,1019,1018,1018,1017,1017,1016,1015,1015,1014,1014,1013,1012,1012,1011,1011,1010,1009,1009,1008,1007,1007,1006,1005,1005,1004,1003,1003,1002,1002,1001,1000,1000,999,999,998,998,997,996,996,996,995,995,994,994,993,993,993,992,992,992,992,991,991,991,991,991,991,991,991,991,991,991,991,991,991,991,991,991,992,992,992,992,993,993,993,994,994,995,995,996,996,996,997,998,998,999,999,1000,1000,1001,1002,1002,1003,1003,1004,1005,1005,1006,1007,1007,1008,1009,1009,1010,1011,1011,1012,1012,1013,1014,1014,1015,1015,1016,1017,1017,1018,1018,1019,1019,1020,1020,1020,1021,1021,1022,1022,1022,1022,1023,1023,1023,1023,1024,1024,1024,1024,1024,1024,1024,1024,1024,1024,1024,1024,1024,1024,1024,1024,1024,1024,1024,1024,1024,1024,1024,1024,1024,1024,1024,1024,1024,1024,1024,1024,1024,1024,1024,1024,1024,1024,1024,1024,1024,1024,1024,1024,1024,1024,1024,1024,1024,1024,1024,1024,1024,1024,1024,1024,1024,1024,1024,1024,1024,1024,1024,1024

lead:V6
count:486
points:1024,1024,1024,1024,1024,1024,1024,1024,1024,1024,1024,1024,1024,1024,1024,1024,1024,1024,1024,1024,1024,1024,1024,1024,1024,1024,1024,1024,1024,1024,1024,1024,1024,1024,1024,1024,1024,1024,1024,1024,1024,1024,1024,1024,1024,1024,1024,1024,1024,1024,1024,1024,1024,1024,1024,1024,1024,1024,1024,1024,1024,1024,1024,1024,1024,1024,1024,1024,1024,1024,1024,1024,1024,1024,1024,1024,1024,1024,1024,1024,1024,1024,1024,1024,1024,1024,1024,1024,1024,1024,1024,1024,1024,1024,1024,1024,1024,1024,1024,1024,1024,1024,1024,1024,1024,1024,1024,1024,1024,1024,1024,1024,1024,1024,1024,1024,1024,1024,1024,1024,1024,1024,1024,1024,1024,1024,1024,1024,1024,1024,1024,1024,1024,1024,1024,1024,1024,1024,1024,1024,1024,1024,1024,1052,1080,1108,1137,1193,722,752,782,813,843,873,903,933,964,994,1024,1026,1030,1038,1049,1063,1080,1099,1120,1144,1169,1195,1223,1251,1280,1299,1317,1336,1354,1371,1388,1403,1418,1432,1445,1456,1466,1475,1482,1488,1492,1494,1495,1495,1493,1491,1488,1484,1479,1473,1466,1458,1450,1441,1431,1421,1410,1398,1386,1373,1360,1346,1332,1318,1304,1289,1274,1260,1245,1230,1215,1201,1187,1173,1159,1146,1133,1121,1109,1098,1088,1078,1069,1061,1053,1046,1041,1036,1031,1028,1026,1024,1024,1024,1024,1024,1024,1024,1024,1024,1024,1024,1024,1024,1024,1024,1024,1024,1024,1024,1024,1024,1024,1024,1024,1024,1024,1024,1024,1024,1024,1024,1024,1024,1023,1023,1023,1022,1021,1021,1020,1019,1018,1017,1016,1015,1014,1012,1011,1010,1008,1007,1005,1004,1002,1000,998,997,995,993,991,989,987,985,983,981,979,977,974,972,970,968,966,964,962,960,958,956,954,952,950,948,946,944,942,940,939,937,935,934,932,931,929,928,927,926,924,923,922,921,921,920,919,918,918,918,917,917,917,916,916,917,917,917,917,917,918,918,919,919,920,921,921,922,923,924,925,926,927,929,930,931,933,934,936,937,939,941,943,945,947,949,951,953,955,958,960,962,965,968,970,973,975,978,980,983,985,987,990,992,994,996,998,1000,1001,1003,1005,1006,1008,1009,1011,1012,1013,1014,1015,1016,1017,1018,1019,1020,1021,1021,1022,1022,1023,1023,1023,1024,1024,1024,1024,1024,1024,1024,1024,1024,1024,1024,1024,1024,1024,1024,1024,1024,1024,1024,1024,1024,1024,1024,1024,1024,1024,1024,1024,1024,1024,1024,1024,1024,1024,1024,1024,1024,1024,1024,1024,1024,1024,1024,1024,1024,1024,1024,1024,1024,1024,1024,1024,1024,1024,1024,1024,1024,1024,1024,1024,1024

