pathology:paceatr
group:pacemaker
title:Atrial pacemaker
name:Предсердная ЭКС
leads:12

lead:I
count:512
points:1024,1024,1024,1024,1024,1024,1024,1024,1024,1024,1024,1024,1024,1024,1024,1024,1024,1024,1024,1024,1024,1024,1024,1024,1024,1000,975,951,927,902,878,854,829,1162,1147,1132,1116,1101,1085,1070,1055,1039,1024,1024,1024,1025,1026,1026,1027,1029,1030,1031,1033,1035,1037,1039,1041,1043,1045,1047,1050,1052,1054,1056,1058,1060,1062,1064,1066,1068,1069,1071,1072,1073,1074,1074,1075,1075,1075,1075,1075,1074,1074,1073,1072,1071,1070,1069,1068,1066,1065,1063,1061,1059,1058,1056,1054,1052,1050,1048,1046,1044,1042,1040,1038,1036,1035,1033,1031,1030,1029,1028,1027,1026,1025,1025,1024,1024,1024,1024,1024,1024,1024,1024,1024,1024,1024,1024,1024,1024,1024,1023,1023,1023,1023,1022,1022,1021,1021,1020,1019,1019,1018,1016,1015,1014,1012,1010,1008,1006,1004,1002,1001,1000,998,997,996,995,993,992,991,989,988,987,986,984,983,1000,1017,1034,1051,1068,1085,1103,1120,1137,1154,1171,1188,1205,1222,1239,1256,1273,1290,1307,1324,1341,1359,1376,1393,1368,1344,1320,1296,1272,1248,1225,1203,1180,1159,1137,1117,1097,1078,1059,1041,1025,1009,994,980,967,955,944,934,925,917,911,906,901,898,897,896,922,943,962,977,990,1000,1008,1014,1018,1021,1023,1024,1024,1024,1024,1024,1024,1024,1024,1024,1024,1024,1024,1024,1024,1024,1024,1024,1024,1024,1024,1024,1024,1024,1024,1024,1024,1024,1024,1024,1024,1024,1024,1024,1024,1024,1024,1024,1024,1024,1024,1024,1024,1024,1024,1024,1024,1024,1024,1024,1024,1024,1024,1024,1024,1024,1024,1024,1024,1024,1024,1024,1024,1024,1024,1024,1024,1024,1024,1024,1024,1024,1024,1024,1024,1024,1024,1024,1024,1024,1024,1024,1024,1024,1024,1024,1024,1024,1024,1024,1025,1025,1025,1026,1026,1027,1027,1028,1029,1029,1030,1031,1032,1033,1033,1034,1036,1037,1038,1039,1040,1041,1043,1044,1045,1047,1048,1050,1051,1053,1054,1056,1057,1059,1061,1062,1064,1066,1067,1069,1071,1073,1075,1076,1078,1080,1082,1084,1085,1087,1089,1091,1093,1095,1096,1098,1100,1102,1103,1105,1107,1109,1110,1112,1113,1115,1117,1118,1120,1121,1123,1124,1126,1127,1128,1130,1131,1132,1133,1134,1135,1136,1137,1138,1139,1140,1141,1142,1142,1143,1144,1144,1145,1145,1146,1146,1146,1146,1147,1147,1147,1147,1147,1147,1146,1146,1145,1145,1144,1143,1142,1140,1139,1138,1136,1134,1133,1131,1129,1127,1125,1122,1120,1118,1115,1113,1110,1108,1105,1102,1100,1097,1094,1091,1088,1085,1083,1080,1077,1074,1071,1069,1066,1063,1061,1058,1056,1053,1051,1048,1046,1044,1042,1040,1038,1036,1035,1033,1032,1030,1029,1028,1027,1026,1026,1025,1025,1024,1024,1024,1024,1024,1024,1024,1024,1024,1024,1024,1024,1024,1024,1024,1024,1024,1024,1024,1024,1024,1024

lead:II
count:512
points:1024,1024,1024,1024,1024,1024,1024,1024,1024,1024,1024,1024,1024,1024,1024,1024,1024,1024,1024,1024,1024,1024,1024,1024,1024,1039,1053,1068,1083,1098,1112,1127,1142,927,938,949,959,970,981,992,1002,1013,1024,1024,1025,1026,1027,1029,1031,1033,1036,1039,1042,1046,1050,1054,1058,1062,1066,1071,1075,1080,1084,1088,1093,1097,1101,1105,1108,1111,1114,1117,1120,1122,1123,1125,1126,1126,1126,1126,1126,1125,1124,1123,1121,1119,1117,1114,1111,1108,1105,1102,1098,1095,1091,1087,1083,1079,1075,1071,1067,1063,1059,1056,1052,1048,1045,1042,1039,1036,1034,1032,1030,1028,1027,1025,1025,1024,1024,1024,1024,1024,1024,1024,1024,1024,1024,1024,1024,1023,1023,1023,1023,1022,1022,1021,1020,1020,1019,1017,1016,1014,1013,1011,1008,1006,1003,1000,996,992,988,985,981,978,974,971,967,964,960,956,953,949,946,942,939,935,932,960,988,1016,1044,1072,1100,1127,1155,1183,1211,1239,1267,1295,1323,1351,1379,1407,1435,1463,1491,1519,1547,1575,1603,1569,1535,1501,1468,1435,1402,1370,1338,1307,1277,1247,1219,1191,1164,1138,1114,1090,1068,1047,1028,1010,993,978,964,952,941,932,925,919,915,912,911,934,953,969,983,994,1003,1010,1015,1019,1021,1023,1024,1024,1024,1024,1024,1024,1024,1024,1024,1024,1024,1024,1024,1024,1024,1024,1024,1024,1024,1024,1024,1024,1024,1024,1024,1024,1024,1024,1024,1024,1024,1024,1024,1024,1024,1024,1024,1024,1024,1024,1024,1024,1024,1024,1024,1024,1024,1024,1024,1024,1024,1024,1024,1024,1024,1024,1024,1024,1024,1024,1024,1024,1024,1024,1024,1024,1024,1024,1024,1024,1024,1024,1024,1024,1024,1024,1024,1024,1024,1024,1024,1024,1024,1024,1024,1024,1024,1024,1024,1025,1025,1025,1026,1026,1027,1027,1028,1029,1029,1030,1031,1032,1033,1034,1035,1036,1037,1038,1040,1041,1042,1043,1045,1046,1048,1049,1051,1052,1054,1055,1057,1059,1060,1062,1064,1066,1068,1069,1071,1073,1075,1077,1079,1080,1082,1084,1086,1088,1090,1092,1094,1096,1097,1099,1101,1103,1105,1107,1108,1110,1112,1114,1116,1117,1119,1121,1122,1124,1125,1127,1128,1130,1131,1133,1134,1135,1136,1138,1139,1140,1141,1142,1143,1144,1145,1146,1147,1147,1148,1149,1149,1150,1150,1151,1151,1151,1152,1152,1152,1152,1152,1152,1152,1151,1151,1150,1150,1149,1148,1147,1145,1144,1142,1141,1139,1137,1135,1133,1131,1129,1127,1124,1122,1119,1117,1114,1111,1108,1106,1103,1100,1097,1094,1091,1088,1085,1082,1079,1076,1073,1070,1068,1065,1062,1059,1057,1054,1052,1049,1047,1045,1043,1041,1039,1037,1035,1034,1032,1031,1029,1028,1027,1026,1026,1025,1025,1024,1024,1024,1024,1024,1024,1024,1024,1024,1024,1024,1024,1024,1024,1024,1024,1024,1024,1024,1024,1024,1024

lead:III
count:512
points:1024,1024,1024,1024,1024,1024,1024,1024,1024,1024,1024,1024,1024,1024,1024,1024,1024,1024,1024,1024,1024,1024,1024,1024,1024,1063,1102,1141,1180,1219,1258,1297,1336,789,815,841,867,893,920,946,972,998,1024,1024,1024,1025,1026,1026,1027,1029,1030,1031,1033,1035,1037,1039,1041,1043,1045,1047,1050,1052,1054,1056,1058,1060,1062,1064,1066,1068,1069,1071,1072,1073,1074,1074,1075,1075,1075,1075,1075,1074,1074,1073,1072,1071,1070,1069,1068,1066,1065,1063,1061,1059,1058,1056,1054,1052,1050,1048,1046,1044,1042,1040,1038,1036,1035,1033,1031,1030,1029,1028,1027,1026,1025,1025,1024,1024,1024,1024,1024,1024,1024,1024,1024,1024,1024,1024,1024,1024,1024,1024,1023,1023,1023,1023,1022,1022,1022,1021,1021,1020,1019,1018,1017,1016,1015,1014,1012,1010,1009,1006,1004,1002,1000,997,995,993,991,988,986,984,982,980,977,975,973,984,995,1005,1016,1027,1038,1049,1060,1071,1082,1092,1103,1114,1125,1136,1147,1158,1169,1180,1190,1201,1212,1223,1234,1224,1215,1205,1196,1187,1177,1168,1159,1151,1142,1134,1126,1118,1110,1103,1096,1090,1084,1078,1072,1067,1062,1058,1054,1051,1048,1045,1043,1041,1040,1040,1039,1036,1034,1031,1030,1028,1027,1026,1025,1025,1024,1024,1024,1024,1024,1024,1024,1024,1024,1024,1024,1024,1024,1024,1024,1024,1024,1024,1024,1024,1024,1024,1024,1024,1024,1024,1024,1024,1024,1024,1024,1024,1024,1024,1024,1024,1024,1024,1024,1024,1024,1024,1024,1024,1024,1024,1024,1024,1024,1024,1024,1024,1024,1024,1024,1024,1024,1024,1024,1024,1024,1024,1024,1024,1024,1024,1024,1024,1024,1024,1024,1024,1024,1024,1024,1024,1024,1024,1024,1024,1024,1024,1024,1024,1024,1024,1024,1024,1024,1024,1024,1024,1024,1024,1024,1024,1024,1024,1024,1024,1024,1024,1024,1024,1024,1024,1024,1024,1025,1025,1025,1025,1025,1025,1025,1025,1025,1025,1025,1025,1025,1025,1025,1025,1025,1026,1026,1026,1026,1026,1026,1026,1026,1026,1026,1026,1026,1026,1026,1027,1027,1027,1027,1027,1027,1027,1027,1027,1027,1027,1027,1027,1028,1028,1028,1028,1028,1028,1028,1028,1028,1028,1028,1028,1028,1028,1028,1028,1028,1029,1029,1029,1029,1029,1029,1029,1029,1029,1029,1029,1029,1029,1029,1029,1029,1029,1029,1029,1029,1029,1029,1029,1029,1029,1029,1029,1029,1029,1029,1029,1029,1029,1029,1029,1029,1029,1029,1029,1028,1028,1028,1028,1028,1028,1028,1028,1028,1028,1027,1027,1027,1027,1027,1027,1027,1027,1027,1026,1026,1026,1026,1026,1026,1026,1026,1026,1025,1025,1025,1025,1025,1025,1025,1025,1025,1025,1025,1024,1024,1024,1024,1024,1024,1024,1024,1024,1024,1024,1024,1024,1024,1024,1024,1024,1024,1024,1024,1024,1024,1024,1024,1024,1024,1024,1024,1024,1024,1024,1024,1024

lead:aVR
count:512
points:1024,1024,1024,1024,1024,1024,1024,1024,1024,1024,1024,1024,1024,1024,1024,1024,1024,1024,1024,1024,1024,1024,1024,1024,1024,1030,1035,1041,1046,1052,1057,1063,1068,1000,1003,1005,1008,1011,1013,1016,1019,1021,1024,1024,1023,1022,1021,1020,1018,1016,1014,1011,1008,1005,1002,998,995,991,987,984,980,976,972,968,964,961,957,954,951,948,946,943,941,939,938,937,936,935,935,935,936,937,937,939,940,942,944,946,948,951,954,956,960,963,966,969,973,976,980,983,987,990,993,997,1000,1003,1006,1008,1011,1013,1016,1017,1019,1021,1022,1023,1023,1024,1024,1024,1024,1024,1024,1024,1024,1024,1024,1024,1024,1024,1025,1025,1025,1026,1026,1027,1027,1028,1029,1030,1031,1033,1034,1036,1038,1040,1043,1046,1049,1053,1057,1059,1062,1065,1068,1070,1073,1076,1079,1081,1084,1087,1090,1093,1095,1098,1101,1075,1049,1023,997,971,945,919,893,867,841,815,789,763,737,711,685,659,633,607,581,555,529,503,477,511,544,578,611,644,676,708,740,770,800,830,858,886,912,938,962,985,1007,1028,1047,1065,1082,1097,1111,1123,1133,1142,1150,1156,1160,1162,1163,1135,1111,1091,1075,1061,1050,1041,1035,1030,1027,1025,1024,1024,1024,1024,1024,1024,1024,1024,1024,1024,1024,1024,1024,1024,1024,1024,1024,1024,1024,1024,1024,1024,1024,1024,1024,1024,1024,1024,1024,1024,1024,1024,1024,1024,1024,1024,1024,1024,1024,1024,1024,1024,1024,1024,1024,1024,1024,1024,1024,1024,1024,1024,1024,1024,1024,1024,1024,1024,1024,1024,1024,1024,1024,1024,1024,1024,1024,1024,1024,1024,1024,1024,1024,1024,1024,1024,1024,1024,1024,1024,1024,1024,1024,1024,1024,1024,1024,1024,1023,1023,1023,1022,1022,1021,1021,1020,1019,1019,1018,1017,1016,1015,1014,1013,1012,1010,1009,1008,1006,1005,1004,1002,1000,999,997,996,994,992,990,988,987,985,983,981,979,977,975,973,971,969,966,964,962,960,958,956,954,952,949,947,945,943,941,939,937,935,932,930,928,926,924,922,920,919,917,915,913,911,909,908,906,904,903,901,900,898,897,895,894,893,892,890,889,888,887,886,885,884,884,883,882,882,881,881,880,880,880,879,879,879,879,879,879,880,880,881,882,883,884,885,887,888,890,892,894,896,898,900,903,905,908,911,913,916,919,922,925,929,932,935,938,942,945,948,952,955,958,962,965,968,971,975,978,981,984,987,990,993,995,998,1000,1003,1005,1007,1009,1011,1013,1015,1016,1018,1019,1020,1021,1022,1023,1023,1024,1024,1024,1024,1024,1024,1024,1024,1024,1024,1024,1024,1024,1024,1024,1024,1024,1024,1024,1024,1024,1024

lead:aVL
count:512
points:1024,1024,1024,1024,1024,1024,1024,1024,1024,1024,1024,1024,1024,1024,1024,1024,1024,1024,1024,1024,1024,1024,1024,1024,1024,987,951,914,878,841,805,768,731,1239,1216,1192,1168,1144,1120,1096,1072,1048,1024,1024,1024,1024,1024,1024,1024,1024,1024,1024,1024,1024,1024,1024,1024,1024,1024,1024,1024,1024,1024,1024,1024,1024,1024,1024,1024,1024,1024,1024,1024,1024,1024,1024,1024,1024,1024,1024,1024,1024,1024,1024,1024,1024,1024,1024,1024,1024,1024,1024,1024,1024,1024,1024,1024,1024,1024,1024,1024,1024,1024,1024,1024,1024,1024,1024,1024,1024,1024,1024,1024,1024,1024,1024,1024,1024,1024,1024,1024,1024,1024,1024,1024,1024,1024,1024,1024,1024,1024,1024,1024,1024,1024,1024,1024,1024,1024,1023,1023,1023,1023,1023,1023,1023,1022,1022,1022,1021,1021,1022,1022,1023,1023,1024,1024,1025,1025,1026,1027,1027,1028,1028,1029,1029,1030,1033,1037,1041,1044,1048,1051,1055,1058,1062,1066,1069,1073,1076,1080,1083,1087,1091,1094,1098,1101,1105,1108,1112,1116,1107,1099,1090,1082,1073,1065,1057,1049,1041,1033,1026,1019,1012,1005,999,992,986,981,976,971,966,962,958,955,951,949,946,945,943,942,941,941,958,972,984,994,1002,1009,1014,1017,1020,1022,1023,1024,1024,1024,1024,1024,1024,1024,1024,1024,1024,1024,1024,1024,1024,1024,1024,1024,1024,1024,1024,1024,1024,1024,1024,1024,1024,1024,1024,1024,1024,1024,1024,1024,1024,1024,1024,1024,1024,1024,1024,1024,1024,1024,1024,1024,1024,1024,1024,1024,1024,1024,1024,1024,1024,1024,1024,1024,1024,1024,1024,1024,1024,1024,1024,1024,1024,1024,1024,1024,1024,1024,1024,1024,1024,1024,1024,1024,1024,1024,1024,1024,1024,1024,1024,1024,1024,1024,1024,1024,1024,1025,1025,1025,1025,1025,1026,1026,1026,1027,1027,1028,1028,1029,1029,1030,1030,1031,1032,1032,1033,1034,1034,1035,1036,1037,1037,1038,1039,1040,1041,1042,1042,1043,1044,1045,1046,1047,1048,1049,1050,1051,1052,1053,1054,1055,1056,1057,1058,1059,1060,1061,1062,1063,1064,1065,1066,1067,1068,1069,1070,1071,1072,1073,1074,1074,1075,1076,1077,1078,1079,1079,1080,1081,1082,1082,1083,1084,1084,1085,1086,1086,1087,1087,1088,1088,1089,1089,1089,1090,1090,1091,1091,1091,1091,1091,1092,1092,1092,1092,1092,1092,1092,1092,1092,1091,1091,1091,1090,1090,1089,1088,1088,1087,1086,1085,1084,1083,1082,1081,1080,1078,1077,1076,1075,1073,1072,1070,1069,1067,1066,1064,1063,1061,1060,1058,1056,1055,1053,1052,1050,1049,1047,1046,1044,1043,1041,1040,1039,1038,1036,1035,1034,1033,1032,1031,1030,1029,1028,1028,1027,1026,1026,1025,1025,1025,1024,1024,1024,1024,1024,1024,1024,1024,1024,1024,1024,1024,1024,1024,1024,1024,1024,1024,1024,1024,1024,1024,1024

lead:aVF
count:512
points:1024,1024,1024,1024,1024,1024,1024,1024,1024,1024,1024,1024,1024,1024,1024,1024,1024,1024,1024,1024,1024,1024,1024,1024,1024,1055,1086,1117,1148,1179,1210,1241,1272,832,854,875,896,918,939,960,981,1003,1024,1024,1025,1026,1027,1028,1030,1032,1034,1037,1040,1043,1046,1050,1053,1057,1061,1064,1068,1072,1076,1080,1084,1087,1091,1094,1097,1100,1102,1105,1107,1109,1110,1111,1112,1113,1113,1113,1112,1111,1111,1109,1108,1106,1104,1102,1100,1097,1094,1092,1088,1085,1082,1079,1075,1072,1068,1065,1061,1058,1055,1051,1048,1045,1042,1040,1037,1035,1032,1031,1029,1027,1026,1025,1025,1024,1024,1024,1024,1024,1024,1024,1024,1024,1024,1024,1024,1024,1023,1023,1023,1023,1022,1022,1021,1020,1019,1019,1017,1016,1015,1013,1011,1009,1007,1004,1001,998,994,991,988,984,981,978,974,971,968,965,961,958,955,951,948,945,941,964,986,1008,1031,1053,1076,1098,1121,1143,1165,1188,1210,1233,1255,1277,1300,1322,1345,1367,1390,1412,1434,1457,1479,1454,1429,1404,1379,1355,1331,1307,1284,1261,1238,1216,1195,1175,1155,1136,1118,1100,1084,1068,1054,1041,1028,1017,1007,998,990,983,978,973,970,968,968,979,989,997,1004,1009,1014,1017,1020,1021,1023,1023,1024,1024,1024,1024,1024,1024,1024,1024,1024,1024,1024,1024,1024,1024,1024,1024,1024,1024,1024,1024,1024,1024,1024,1024,1024,1024,1024,1024,1024,1024,1024,1024,1024,1024,1024,1024,1024,1024,1024,1024,1024,1024,1024,1024,1024,1024,1024,1024,1024,1024,1024,1024,1024,1024,1024,1024,1024,1024,1024,1024,1024,1024,1024,1024,1024,1024,1024,1024,1024,1024,1024,1024,1024,1024,1024,1024,1024,1024,1024,1024,1024,1024,1024,1024,1024,1024,1024,1024,1024,1024,1025,1025,1025,1025,1026,1026,1026,1027,1027,1028,1028,1029,1029,1030,1031,1031,1032,1033,1033,1034,1035,1036,1036,1037,1038,1039,1040,1041,1042,1043,1044,1045,1046,1047,1048,1049,1050,1051,1052,1053,1055,1056,1057,1058,1059,1060,1061,1062,1064,1065,1066,1067,1068,1069,1070,1071,1073,1074,1075,1076,1077,1078,1079,1080,1081,1082,1083,1084,1085,1086,1087,1088,1088,1089,1090,1091,1092,1092,1093,1094,1094,1095,1096,1096,1097,1097,1098,1098,1098,1099,1099,1099,1100,1100,1100,1100,1101,1101,1101,1101,1101,1101,1101,1100,1100,1100,1099,1099,1098,1098,1097,1096,1095,1094,1093,1092,1091,1090,1088,1087,1086,1084,1083,1081,1080,1078,1076,1075,1073,1071,1069,1068,1066,1064,1062,1061,1059,1057,1055,1054,1052,1050,1049,1047,1045,1044,1042,1041,1039,1038,1037,1035,1034,1033,1032,1031,1030,1029,1028,1027,1027,1026,1025,1025,1025,1024,1024,1024,1024,1024,1024,1024,1024,1024,1024,1024,1024,1024,1024,1024,1024,1024,1024,1024,1024,1024,1024,1024

lead:V1
count:512
points:1024,1024,1024,1024,1024,1024,1024,1024,1024,1024,1024,1024,1024,1024,1024,1024,1024,1024,1024,1024,1024,1024,1024,1024,1024,1024,1023,1023,1022,1022,1021,1021,1040,1039,1037,1035,1034,1032,1030,1029,1027,1026,1024,1024,1024,1024,1025,1025,1026,1027,1027,1028,1029,1030,1031,1032,1033,1034,1036,1037,1038,1039,1041,1042,1043,1044,1045,1046,1047,1048,1049,1050,1050,1051,1051,1052,1052,1052,1052,1052,1052,1052,1052,1051,1051,1050,1050,1049,1048,1047,1046,1046,1045,1044,1043,1041,1040,1039,1038,1037,1036,1035,1034,1033,1032,1031,1030,1029,1028,1027,1027,1026,1026,1025,1025,1024,1024,1024,1024,1024,1024,1024,1024,1024,1024,1024,1024,1024,1024,1025,1025,1025,1026,1026,1027,1027,1028,1029,1031,1032,1034,1036,1038,1040,1043,1046,1050,1053,1058,1062,1068,1060,1053,1046,1038,1031,1024,1016,1009,1002,994,987,980,972,965,958,950,933,916,899,882,865,848,831,813,796,779,762,745,728,711,694,676,659,642,625,608,591,574,557,540,562,585,607,630,652,673,695,716,737,757,777,796,814,832,849,866,881,896,910,923,935,946,957,966,974,981,987,992,996,999,1000,1001,1006,1009,1013,1016,1018,1020,1021,1022,1023,1023,1024,1024,1024,1024,1024,1025,1025,1026,1026,1026,1027,1027,1028,1028,1028,1029,1029,1030,1030,1030,1031,1031,1032,1032,1032,1033,1033,1034,1034,1035,1035,1035,1036,1036,1037,1037,1037,1038,1038,1039,1039,1039,1040,1040,1041,1041,1041,1042,1042,1043,1043,1043,1044,1044,1045,1045,1045,1046,1046,1047,1047,1047,1048,1048,1049,1049,1049,1050,1050,1051,1051,1051,1052,1052,1053,1053,1054,1054,1054,1055,1055,1056,1056,1056,1057,1057,1057,1057,1057,1057,1058,1058,1058,1058,1058,1059,1059,1060,1060,1060,1061,1061,1062,1062,1063,1064,1064,1065,1066,1066,1067,1068,1069,1069,1070,1071,1072,1073,1074,1075,1076,1077,1078,1079,1080,1081,1082,1083,1084,1085,1086,1087,1088,1089,1091,1092,1093,1094,1095,1096,1097,1098,1100,1101,1102,1103,1104,1105,1106,1107,1108,1109,1110,1111,1112,1113,1114,1115,1116,1117,1118,1119,1120,1121,1121,1122,1123,1124,1124,1125,1126,1126,1127,1128,1128,1129,1129,1130,1130,1131,1131,1131,1132,1132,1132,1132,1133,1133,1133,1133,1133,1133,1133,1133,1132,1132,1131,1131,1130,1129,1128,1127,1126,1125,1123,1122,1120,1119,1117,1115,1113,1111,1109,1107,1105,1103,1100,1098,1096,1093,1091,1088,1086,1083,1081,1078,1076,1073,1071,1068,1066,1064,1061,1059,1056,1054,1052,1050,1048,1046,1044,1042,1040,1038,1037,1035,1034,1032,1031,1030,1029,1028,1027,1026,1025,1025,1025,1024,1024,1024,1024,1024,1024,1024,1024,1024,1024,1024,1024,1024,1024,1024,1024,1024,1024,1024,1024,1024,1024

lead:V2
count:512
points:1024,1024,1024,1024,1024,1024,1024,1024,1024,1024,1024,1024,1024,1024,1024,1024,1024,1024,1024,1024,1024,1024,1024,1024,1024,1030,1035,1041,1046,1052,1057,1063,1068,1000,1003,1005,1008,1011,1013,1016,1019,1021,1024,1024,1024,1025,1025,1026,1027,1028,1030,1031,1033,1035,1036,1038,1040,1042,1044,1047,1049,1051,1053,1055,1057,1059,1061,1063,1065,1066,1068,1069,1070,1071,1072,1073,1073,1073,1074,1073,1073,1073,1072,1072,1071,1070,1069,1068,1066,1065,1063,1062,1060,1058,1056,1055,1053,1051,1049,1047,1045,1043,1041,1039,1038,1036,1034,1033,1031,1030,1029,1028,1027,1026,1025,1025,1024,1024,1024,1024,1024,1024,1024,1024,1024,1024,1024,1024,1024,1024,1025,1025,1025,1026,1026,1027,1027,1028,1029,1030,1031,1033,1034,1036,1038,1040,1043,1046,1049,1053,1057,1061,1066,1071,1075,1080,1085,1089,1094,1099,1103,1108,1113,1118,1122,1127,1132,1104,1077,1050,1023,995,968,941,913,886,859,832,804,777,750,723,695,668,641,613,586,559,532,504,477,503,528,554,579,604,629,653,677,700,723,745,767,788,808,828,846,864,881,896,911,925,937,949,959,969,977,983,989,993,997,998,999,1004,1008,1012,1015,1017,1019,1021,1022,1023,1023,1024,1024,1024,1024,1024,1025,1025,1026,1026,1027,1027,1027,1028,1028,1029,1029,1030,1030,1031,1031,1031,1032,1032,1033,1033,1034,1034,1034,1035,1035,1036,1036,1037,1037,1038,1038,1038,1039,1039,1040,1040,1041,1041,1041,1042,1042,1043,1043,1044,1044,1045,1045,1045,1046,1046,1047,1047,1048,1048,1048,1049,1049,1050,1050,1051,1051,1052,1052,1052,1053,1053,1054,1054,1055,1055,1055,1056,1056,1057,1057,1058,1058,1059,1059,1059,1060,1060,1060,1060,1060,1061,1061,1061,1062,1062,1063,1063,1064,1065,1066,1067,1067,1068,1069,1071,1072,1073,1074,1075,1077,1078,1079,1081,1082,1084,1085,1087,1089,1090,1092,1094,1096,1098,1099,1101,1103,1105,1107,1109,1111,1113,1115,1117,1119,1121,1123,1125,1127,1129,1131,1133,1135,1137,1139,1141,1143,1145,1147,1149,1151,1153,1155,1157,1159,1161,1163,1164,1166,1168,1170,1171,1173,1174,1176,1178,1179,1180,1182,1183,1184,1186,1187,1188,1189,1190,1191,1192,1193,1193,1194,1195,1196,1196,1197,1197,1197,1198,1198,1198,1198,1199,1199,1198,1198,1198,1197,1196,1195,1194,1193,1191,1189,1188,1185,1183,1181,1178,1176,1173,1170,1167,1164,1161,1157,1154,1150,1147,1143,1139,1135,1131,1127,1123,1119,1115,1111,1107,1103,1099,1095,1091,1087,1084,1080,1076,1072,1069,1065,1062,1059,1056,1052,1050,1047,1044,1042,1039,1037,1035,1033,1031,1030,1029,1027,1026,1025,1025,1024,1024,1024,1024,1024,1024,1024,1024,1024,1024,1024,1024,1024,1024,1024,1024,1024,1024,1024,1024,1024,1024

lead:V3
count:512
points:1024,1024,1024,1024,1024,1024,1024,1024,1024,1024,1024,1024,1024,1024,1024,1024,1024,1024,1024,1024,1024,1024,1024,1024,1024,1035,1045,1056,1067,1078,1088,1099,1110,965,972,978,985,991,998,1004,1011,1017,1024,1024,1024,1025,1026,1027,1028,1030,1031,1033,1035,1038,1040,1042,1045,1047,1050,1053,1056,1058,1061,1064,1067,1069,1072,1074,1076,1078,1080,1082,1083,1084,1085,1086,1087,1087,1087,1087,1087,1086,1086,1085,1084,1083,1081,1080,1078,1076,1074,1072,1070,1068,1065,1063,1061,1058,1056,1053,1051,1048,1046,1044,1041,1039,1037,1035,1033,1032,1030,1029,1027,1026,1026,1025,1024,1024,1024,1024,1024,1024,1024,1024,1024,1024,1024,1024,1024,1024,1024,1024,1025,1025,1025,1025,1026,1026,1027,1027,1028,1028,1029,1030,1031,1032,1034,1035,1037,1038,1040,1056,1072,1088,1105,1121,1137,1153,1169,1185,1201,1217,1233,1249,1265,1281,1297,1263,1230,1197,1163,1130,1097,1063,1030,997,963,930,897,863,830,797,763,730,697,663,630,597,563,530,497,521,546,571,595,619,643,667,690,712,734,756,777,797,817,835,853,870,887,902,916,929,941,953,963,971,979,986,991,996,999,1000,1001,1006,1009,1013,1016,1018,1020,1021,1022,1023,1023,1024,1024,1024,1024,1024,1025,1025,1026,1026,1026,1027,1027,1028,1028,1028,1029,1029,1030,1030,1030,1031,1031,1032,1032,1032,1033,1033,1034,1034,1035,1035,1035,1036,1036,1037,1037,1037,1038,1038,1039,1039,1039,1040,1040,1041,1041,1041,1042,1042,1043,1043,1043,1044,1044,1045,1045,1045,1046,1046,1047,1047,1047,1048,1048,1049,1049,1049,1050,1050,1051,1051,1051,1052,1052,1053,1053,1054,1054,1054,1055,1055,1056,1056,1056,1057,1057,1057,1057,1058,1058,1058,1059,1059,1060,1060,1061,1062,1063,1064,1065,1066,1067,1068,1070,1071,1073,1074,1076,1077,1079,1081,1083,1085,1087,1089,1091,1093,1095,1097,1099,1102,1104,1106,1109,1111,1114,1116,1119,1121,1124,1126,1129,1132,1134,1137,1140,1142,1145,1148,1150,1153,1156,1158,1161,1164,1166,1169,1171,1174,1177,1179,1182,1184,1186,1189,1191,1194,1196,1198,1200,1202,1205,1207,1209,1211,1212,1214,1216,1218,1219,1221,1223,1224,1225,1227,1228,1229,1230,1231,1232,1233,1234,1235,1235,1236,1237,1237,1237,1238,1238,1238,1238,1238,1238,1237,1236,1235,1234,1232,1231,1229,1227,1224,1222,1219,1216,1213,1210,1207,1203,1199,1195,1191,1187,1183,1179,1174,1170,1165,1160,1155,1151,1146,1141,1136,1131,1126,1121,1116,1111,1106,1102,1097,1092,1088,1083,1079,1075,1071,1067,1063,1059,1055,1052,1049,1046,1043,1040,1038,1035,1033,1031,1030,1028,1027,1026,1025,1024,1024,1024,1024,1024,1024,1024,1024,1024,1024,1024,1024,1024,1024,1024,1024,1024,1024,1024,1024,1024,1024

lead:V4
count:512
points:1024,1024,1024,1024,1024,1024,1024,1024,1024,1024,1024,1024,1024,1024,1024,1024,1024,1024,1024,1024,1024,1024,1024,1024,1024,1038,1053,1067,1081,1096,1110,1124,1139,938,948,957,967,976,986,995,1005,1014,1024,1024,1025,1025,1026,1027,1029,1030,1032,1034,1036,1038,1041,1044,1046,1049,1052,1055,1058,1061,1064,1067,1069,1072,1075,1077,1080,1082,1084,1085,1087,1088,1090,1090,1091,1091,1092,1092,1091,1091,1090,1089,1088,1087,1085,1084,1082,1080,1078,1075,1073,1071,1068,1066,1063,1060,1058,1055,1053,1050,1047,1045,1042,1040,1038,1036,1034,1032,1030,1029,1028,1027,1026,1025,1024,1024,1024,1024,1024,1024,1024,1024,1024,1024,1024,1024,1024,1024,1024,1024,1024,1024,1024,1024,1024,1024,1024,1024,1023,1023,1023,1023,1023,1023,1023,1022,1022,1022,1021,1047,1072,1097,1122,1147,1172,1197,1222,1247,1273,1298,1323,1348,1373,1398,1423,1389,1355,1320,1286,1252,1217,1183,1149,1114,1080,1045,1011,977,942,908,874,839,805,771,736,702,668,633,599,619,639,659,679,698,717,736,755,773,791,808,825,842,858,873,887,901,914,926,938,948,958,967,975,983,989,994,999,1002,1005,1006,1006,1010,1013,1015,1018,1019,1021,1022,1023,1023,1024,1024,1024,1024,1024,1024,1025,1025,1025,1026,1026,1026,1026,1027,1027,1027,1028,1028,1028,1029,1029,1029,1030,1030,1030,1030,1031,1031,1031,1032,1032,1032,1033,1033,1033,1034,1034,1034,1034,1035,1035,1035,1036,1036,1036,1037,1037,1037,1038,1038,1038,1038,1039,1039,1039,1040,1040,1040,1041,1041,1041,1042,1042,1042,1042,1043,1043,1043,1044,1044,1044,1045,1045,1045,1046,1046,1046,1046,1047,1047,1047,1048,1048,1048,1049,1049,1049,1049,1049,1050,1050,1050,1051,1051,1052,1053,1053,1054,1055,1056,1058,1059,1060,1061,1063,1064,1066,1068,1069,1071,1073,1075,1077,1079,1081,1083,1085,1088,1090,1092,1095,1097,1100,1102,1105,1108,1110,1113,1116,1119,1121,1124,1127,1130,1133,1136,1138,1141,1144,1147,1150,1153,1156,1159,1162,1164,1167,1170,1173,1176,1178,1181,1184,1187,1189,1192,1194,1197,1199,1202,1204,1207,1209,1211,1213,1215,1217,1219,1221,1223,1225,1227,1228,1230,1231,1233,1234,1236,1237,1238,1239,1240,1241,1242,1242,1243,1243,1244,1244,1245,1245,1245,1245,1245,1245,1244,1243,1242,1241,1239,1238,1236,1233,1231,1228,1226,1223,1220,1216,1213,1209,1205,1201,1197,1193,1188,1184,1179,1174,1170,1165,1160,1155,1150,1145,1140,1135,1129,1124,1119,1114,1109,1104,1099,1095,1090,1085,1081,1076,1072,1068,1064,1060,1056,1053,1049,1046,1043,1041,1038,1036,1033,1031,1030,1028,1027,1026,1025,1024,1024,1024,1024,1024,1024,1024,1024,1024,1024,1024,1024,1024,1024,1024,1024,1024,1024,1024,1024,1024,1024

lead:V5
count:512
points:1024,1024,1024,1024,1024,1024,1024,1024,1024,1024,1024,1024,1024,1024,1024,1024,1024,1024,1024,1024,1024,1024,1024,1024,1024,1040,1055,1071,1087,1103,1118,1134,1150,925,936,947,958,969,980,991,1002,1013,1024,1024,1024,1025,1026,1027,1028,1030,1031,1033,1035,1037,1039,1042,1044,1047,1049,1052,1055,1057,1060,1063,1065,1068,1070,1072,1075,1076,1078,1080,1081,1083,1084,1084,1085,1085,1086,1085,1085,1085,1084,1083,1082,1081,1080,1078,1076,1075,1073,1071,1069,1067,1064,1062,1060,1057,1055,1052,1050,1048,1045,1043,1041,1039,1037,1035,1033,1031,1030,1029,1027,1026,1026,1025,1024,1024,1024,1024,1024,1024,1024,1024,1024,1024,1024,1024,1024,1024,1024,1023,1023,1023,1023,1022,1022,1021,1021,1020,1019,1018,1017,1016,1015,1013,1012,1010,1008,1006,1003,1033,1064,1094,1124,1154,1184,1215,1245,1275,1305,1335,1366,1396,1426,1456,1486,1456,1426,1396,1366,1336,1306,1276,1246,1215,1185,1155,1125,1095,1065,1035,1005,974,944,914,884,854,824,794,764,776,788,800,813,825,836,848,860,871,882,893,903,913,923,932,941,949,958,965,972,979,985,990,995,1000,1004,1007,1010,1012,1013,1014,1015,1016,1018,1019,1021,1021,1022,1023,1023,1024,1024,1024,1024,1024,1024,1024,1024,1024,1025,1025,1025,1025,1025,1025,1026,1026,1026,1026,1026,1026,1027,1027,1027,1027,1027,1027,1028,1028,1028,1028,1028,1028,1029,1029,1029,1029,1029,1029,1030,1030,1030,1030,1030,1030,1031,1031,1031,1031,1031,1031,1032,1032,1032,1032,1032,1032,1033,1033,1033,1033,1033,1033,1034,1034,1034,1034,1034,1034,1035,1035,1035,1035,1035,1035,1036,1036,1036,1036,1036,1036,1037,1037,1037,1037,1037,1037,1038,1038,1038,1038,1038,1039,1039,1040,1040,1041,1042,1042,1043,1044,1045,1046,1048,1049,1050,1052,1053,1055,1056,1058,1060,1061,1063,1065,1067,1069,1071,1073,1075,1078,1080,1082,1084,1087,1089,1092,1094,1097,1099,1102,1104,1107,1109,1112,1115,1117,1120,1123,1125,1128,1131,1133,1136,1139,1141,1144,1147,1149,1152,1154,1157,1159,1162,1164,1167,1169,1172,1174,1176,1178,1181,1183,1185,1187,1189,1191,1193,1195,1196,1198,1200,1201,1203,1204,1206,1207,1208,1210,1211,1212,1213,1214,1214,1215,1216,1216,1217,1217,1218,1218,1218,1218,1218,1218,1218,1217,1217,1216,1215,1213,1212,1210,1208,1206,1204,1201,1199,1196,1193,1190,1187,1183,1180,1176,1172,1168,1165,1160,1156,1152,1148,1143,1139,1135,1130,1126,1121,1117,1112,1108,1103,1099,1095,1090,1086,1082,1078,1074,1070,1066,1063,1059,1056,1052,1049,1046,1044,1041,1039,1036,1034,1032,1031,1029,1028,1027,1026,1025,1024,1024,1024,1024,1024,1024,1024,1024,1024,1024,1024,1024,1024,1024,1024,1024,1024,1024,1024,1024,1024,1024

lead:V6
count:512
points:1024,1024,1024,1024,1024,1024,1024,1024,1024,1024,1024,1024,1024,1024,1024,1024,1024,1024,1024,1024,1024,1024,1024,1024,1024,1039,1053,1068,1083,1098,1112,1127,1142,927,938,949,959,970,981,992,1002,1013,1024,1024,1024,1025,1025,1026,1027,1028,1029,1031,1032,1034,1036,1037,1039,1041,1043,1045,1047,1049,1051,1053,1055,1057,1059,1060,1062,1063,1065,1066,1067,1068,1069,1069,1070,1070,1070,1070,1070,1069,1069,1068,1068,1067,1066,1065,1063,1062,1061,1059,1057,1056,1054,1052,1051,1049,1047,1045,1043,1042,1040,1038,1037,1035,1033,1032,1031,1030,1028,1027,1027,1026,1025,1025,1024,1024,1024,1024,1024,1024,1024,1024,1024,1024,1024,1024,1024,1023,1023,1023,1023,1022,1022,1021,1020,1020,1019,1017,1016,1014,1013,1011,1008,1006,1003,1000,996,992,988,1019,1050,1080,1111,1142,1172,1203,1234,1265,1295,1326,1357,1388,1418,1449,1480,1458,1437,1416,1394,1373,1352,1330,1309,1288,1266,1245,1224,1202,1181,1160,1138,1117,1096,1074,1053,1032,1010,989,968,970,973,976,979,981,984,987,989,992,994,997,999,1001,1003,1006,1008,1009,1011,1013,1015,1016,1017,1019,1020,1021,1022,1022,1023,1023,1024,1024,1024,1024,1024,1024,1024,1024,1024,1024,1024,1024,1024,1024,1024,1024,1024,1024,1024,1024,1024,1024,1024,1024,1024,1024,1024,1024,1024,1024,1024,1024,1024,1024,1024,1024,1024,1024,1024,1024,1024,1024,1024,1024,1024,1024,1024,1024,1024,1024,1024,1024,1024,1024,1024,1024,1024,1024,1024,1024,1024,1024,1024,1024,1024,1024,1024,1024,1024,1024,1024,1024,1024,1024,1024,1024,1024,1024,1024,1024,1024,1024,1024,1024,1024,1024,1024,1024,1024,1024,1024,1024,1024,1024,1024,1024,1024,1024,1024,1024,1024,1024,1024,1025,1025,1025,1026,1026,1027,1028,1028,1029,1030,1031,1032,1033,1034,1035,1036,1037,1038,1039,1041,1042,1044,1045,1046,1048,1050,1051,1053,1055,1056,1058,1060,1062,1063,1065,1067,1069,1071,1073,1075,1077,1079,1081,1083,1085,1087,1089,1091,1093,1095,1097,1099,1101,1103,1105,1107,1109,1111,1113,1115,1117,1119,1121,1123,1125,1126,1128,1130,1132,1133,1135,1137,1138,1140,1141,1143,1144,1145,1147,1148,1149,1150,1152,1153,1154,1155,1156,1156,1157,1158,1159,1159,1160,1160,1161,1161,1161,1162,1162,1162,1162,1162,1162,1162,1162,1161,1160,1160,1159,1158,1156,1155,1154,1152,1150,1148,1146,1144,1142,1140,1137,1135,1132,1130,1127,1124,1121,1118,1115,1112,1109,1106,1103,1099,1096,1093,1090,1087,1084,1080,1077,1074,1071,1068,1065,1062,1059,1057,1054,1051,1049,1047,1044,1042,1040,1038,1036,1034,1033,1031,1030,1029,1028,1027,1026,1025,1025,1024,1024,1024,1024,1024,1024,1024,1024,1024,1024,1024,1024,1024,1024,1024,1024,1024,1024,1024,1024,1024,1024

