pathology:pericard
group:syndromes
title:Sinus rhythm during pericarditis
name:Синусовый ритм при перикардите
leads:12

lead:I
count:520
points:1024,1024,1024,1025,1025,1026,1026,1027,1028,1029,1030,1032,1033,1034,1036,1038,1039,1041,1043,1045,1047,1049,1051,1053,1055,1057,1059,1061,1064,1066,1068,1070,1071,1073,1075,1077,1078,1080,1082,1083,1084,1085,1086,1087,1088,1089,1090,1090,1090,1090,1091,1090,1090,1090,1089,1089,1088,1087,1086,1085,1083,1082,1080,1078,1077,1075,1073,1071,1069,1066,1064,1062,1059,1057,1055,1052,1050,1047,1045,1043,1040,1038,1036,1034,1032,1030,1028,1026,1024,1023,1021,1020,1019,1017,1016,1016,1015,1014,1014,1014,1014,1012,1011,1010,1009,1007,1006,1005,1004,1002,1001,1000,998,997,996,993,993,993,993,993,993,993,992,992,992,991,991,990,990,989,989,988,987,987,986,986,985,984,984,983,983,982,981,981,980,980,980,979,979,979,978,978,978,978,978,976,974,972,970,968,966,964,962,959,957,973,989,1005,1020,1036,1052,1068,1083,1099,1115,1131,1146,1162,1178,1194,1210,1225,1241,1257,1273,1288,1304,1320,1336,1367,1367,1356,1344,1333,1321,1310,1299,1288,1277,1266,1255,1245,1235,1224,1215,1205,1196,1186,1178,1169,1161,1153,1145,1138,1131,1124,1118,1112,1107,1102,1097,1093,1089,1086,1083,1081,1079,1077,1076,1075,1075,1089,1100,1109,1115,1120,1123,1125,1126,1126,1126,1125,1124,1123,1122,1120,1119,1118,1117,1115,1114,1113,1112,1111,1109,1108,1107,1106,1104,1103,1102,1101,1100,1098,1097,1096,1095,1093,1092,1091,1090,1089,1087,1086,1085,1084,1083,1081,1080,1079,1078,1075,1075,1075,1075,1075,1076,1076,1076,1077,1077,1078,1078,1079,1080,1080,1081,1082,1083,1084,1085,1086,1087,1088,1089,1091,1092,1093,1095,1096,1098,1099,1101,1102,1104,1106,1107,1109,1111,1113,1115,1116,1118,1120,1122,1124,1126,1128,1130,1132,1134,1136,1138,1140,1142,1144,1146,1148,1150,1152,1155,1157,1159,1161,1163,1165,1166,1168,1170,1172,1174,1176,1178,1179,1181,1183,1185,1186,1188,1189,1191,1192,1194,1195,1197,1198,1199,1200,1202,1203,1204,1205,1206,1207,1208,1208,1209,1210,1210,1211,1212,1212,1212,1213,1213,1213,1213,1213,1213,1213,1213,1213,1213,1212,1211,1211,1210,1209,1208,1207,1206,1204,1203,1202,1200,1198,1196,1195,1193,1191,1189,1186,1184,1182,1180,1177,1175,1172,1170,1167,1164,1162,1159,1156,1153,1151,1148,1145,1142,1139,1136,1134,1131,1128,1125,1122,1120,1117,1114,1111,1109,1106,1104,1101,1099,1096,1094,1092,1090,1088,1086,1084,1082,1080,1078,1077,1075,1074,1073,1071,1070,1069,1068,1068,1067,1066,1066,1065,1065,1065,1065,1064,1063,1063,1062,1061,1060,1059,1058,1058,1057,1056,1055,1054,1053,1053,1052,1051,1050,1049,1049,1048,1047,1046,1045,1044,1044,1043,1042,1041,1040,1040,1039,1038,1037,1036,1035,1035,1034,1033,1032,1031,1031,1030,1029,1028,1027,1026,1026,1024

lead:II
count:520
points:1024,1024,1024,1025,1026,1027,1028,1029,1030,1032,1034,1036,1038,1040,1043,1045,1048,1051,1053,1056,1059,1062,1066,1069,1072,1075,1078,1082,1085,1088,1091,1094,1097,1100,1103,1105,1108,1110,1113,1115,1117,1118,1120,1122,1123,1124,1125,1125,1126,1126,1126,1126,1126,1125,1125,1124,1122,1121,1119,1117,1115,1113,1110,1108,1105,1102,1099,1096,1093,1089,1086,1082,1079,1075,1071,1068,1064,1060,1056,1053,1049,1046,1042,1039,1036,1033,1030,1027,1025,1022,1020,1018,1016,1014,1013,1012,1010,1010,1009,1009,1009,1007,1005,1004,1002,1001,999,997,996,994,993,991,989,988,986,983,983,982,981,980,979,978,977,975,974,973,972,971,970,969,968,967,966,965,964,963,961,960,959,958,957,956,955,954,953,952,951,950,949,947,946,945,944,942,942,941,940,939,938,937,936,935,934,933,932,951,970,989,1008,1027,1046,1066,1085,1104,1123,1142,1161,1180,1199,1218,1237,1257,1276,1295,1314,1333,1352,1371,1390,1428,1428,1415,1401,1387,1373,1360,1346,1333,1319,1306,1293,1281,1268,1256,1244,1232,1221,1210,1199,1189,1179,1169,1160,1151,1143,1135,1127,1120,1114,1108,1102,1097,1092,1088,1085,1082,1080,1078,1076,1075,1075,1093,1108,1119,1127,1133,1138,1140,1141,1142,1142,1141,1140,1139,1138,1137,1137,1136,1135,1134,1133,1132,1132,1131,1130,1129,1128,1127,1126,1126,1125,1124,1123,1122,1121,1120,1120,1119,1118,1117,1116,1115,1114,1114,1113,1112,1111,1110,1109,1108,1108,1106,1106,1106,1106,1106,1106,1107,1107,1108,1108,1109,1109,1110,1111,1112,1113,1114,1115,1116,1117,1118,1119,1121,1122,1124,1125,1127,1128,1130,1132,1133,1135,1137,1139,1141,1143,1145,1147,1149,1151,1153,1155,1158,1160,1162,1164,1167,1169,1171,1174,1176,1178,1181,1183,1185,1188,1190,1192,1195,1197,1199,1202,1204,1206,1208,1211,1213,1215,1217,1219,1222,1224,1226,1228,1230,1232,1233,1235,1237,1239,1241,1242,1244,1245,1247,1248,1250,1251,1252,1254,1255,1256,1257,1258,1259,1260,1260,1261,1262,1262,1263,1263,1264,1264,1264,1265,1265,1265,1265,1264,1264,1264,1263,1262,1261,1260,1259,1258,1256,1255,1253,1251,1249,1247,1245,1243,1241,1238,1236,1233,1230,1227,1224,1221,1218,1215,1212,1209,1205,1202,1198,1195,1192,1188,1184,1181,1177,1174,1170,1166,1163,1159,1155,1152,1148,1145,1141,1138,1135,1131,1128,1125,1122,1118,1115,1112,1110,1107,1104,1102,1099,1097,1095,1092,1090,1089,1087,1085,1083,1082,1081,1080,1079,1078,1077,1076,1076,1075,1075,1075,1074,1073,1072,1071,1070,1069,1068,1067,1066,1065,1064,1063,1062,1061,1060,1059,1058,1057,1056,1055,1054,1053,1052,1051,1050,1049,1048,1047,1046,1044,1043,1042,1041,1040,1039,1038,1037,1036,1035,1034,1033,1032,1031,1030,1029,1028,1027,1026,1024

lead:III
count:520
points:1024,1024,1024,1024,1025,1025,1025,1026,1026,1027,1027,1028,1029,1030,1030,1031,1032,1033,1034,1035,1036,1037,1039,1040,1041,1042,1043,1044,1045,1046,1047,1049,1050,1051,1052,1052,1053,1054,1055,1056,1056,1057,1058,1058,1059,1059,1059,1060,1060,1060,1060,1060,1060,1059,1059,1059,1058,1058,1057,1057,1056,1055,1054,1053,1052,1051,1050,1049,1048,1047,1046,1044,1043,1042,1041,1039,1038,1037,1036,1034,1033,1032,1031,1029,1028,1027,1026,1025,1024,1024,1023,1022,1021,1021,1020,1020,1020,1019,1019,1019,1019,1019,1018,1018,1018,1017,1017,1017,1016,1016,1016,1015,1015,1015,1014,1014,1014,1014,1014,1013,1013,1013,1012,1012,1011,1010,1010,1009,1008,1007,1006,1005,1004,1003,1002,1001,1000,999,998,997,996,995,994,993,992,992,991,990,990,989,989,989,988,988,988,989,990,991,992,993,994,995,996,997,998,1002,1005,1008,1012,1015,1018,1022,1025,1029,1032,1035,1039,1042,1045,1049,1052,1055,1059,1062,1065,1069,1072,1075,1079,1085,1085,1083,1081,1078,1076,1073,1071,1069,1066,1064,1062,1060,1058,1055,1053,1051,1049,1047,1046,1044,1042,1040,1039,1037,1036,1034,1033,1032,1031,1030,1029,1028,1027,1026,1026,1025,1025,1024,1024,1024,1024,1028,1031,1034,1036,1037,1038,1039,1039,1039,1039,1040,1040,1040,1041,1041,1042,1042,1042,1043,1043,1043,1044,1044,1044,1045,1045,1046,1046,1046,1047,1047,1047,1048,1048,1049,1049,1049,1050,1050,1050,1051,1051,1051,1052,1052,1053,1053,1053,1054,1054,1055,1055,1055,1055,1055,1055,1055,1055,1055,1055,1055,1055,1055,1055,1055,1056,1056,1056,1056,1056,1056,1056,1057,1057,1057,1057,1057,1058,1058,1058,1058,1059,1059,1059,1059,1059,1060,1060,1060,1061,1061,1061,1061,1062,1062,1062,1063,1063,1063,1063,1064,1064,1064,1065,1065,1065,1066,1066,1066,1066,1067,1067,1067,1068,1068,1068,1069,1069,1069,1069,1070,1070,1070,1070,1071,1071,1071,1071,1072,1072,1072,1072,1073,1073,1073,1073,1073,1073,1074,1074,1074,1074,1074,1074,1074,1075,1075,1075,1075,1075,1075,1075,1075,1075,1075,1075,1075,1075,1075,1075,1075,1075,1075,1075,1074,1074,1074,1074,1073,1073,1073,1072,1072,1071,1071,1071,1070,1069,1069,1068,1068,1067,1067,1066,1065,1065,1064,1063,1062,1062,1061,1060,1059,1059,1058,1057,1056,1056,1055,1054,1053,1052,1052,1051,1050,1049,1049,1048,1047,1046,1046,1045,1044,1044,1043,1042,1042,1041,1041,1040,1039,1039,1038,1038,1038,1037,1037,1036,1036,1036,1035,1035,1035,1035,1035,1034,1034,1034,1034,1034,1034,1034,1034,1033,1033,1033,1033,1033,1032,1032,1032,1032,1032,1031,1031,1031,1031,1031,1030,1030,1030,1030,1030,1029,1029,1029,1029,1029,1028,1028,1028,1028,1027,1027,1027,1027,1027,1026,1026,1026,1026,1026,1025,1025,1025,1025,1025,1024,1024

lead:aVR
count:520
points:1024,1024,1024,1023,1022,1022,1021,1019,1018,1016,1015,1013,1011,1009,1006,1004,1001,999,996,993,990,987,984,981,978,975,972,969,966,963,960,957,954,952,949,947,944,942,940,938,936,934,932,931,930,929,928,927,927,927,926,927,927,927,928,929,930,932,933,935,937,939,942,944,947,950,953,956,959,962,965,969,972,976,979,983,986,990,993,997,1000,1003,1007,1010,1013,1016,1018,1021,1024,1026,1028,1030,1032,1033,1035,1036,1037,1038,1038,1039,1039,1040,1042,1044,1045,1047,1049,1050,1052,1054,1055,1057,1059,1060,1062,1065,1065,1065,1066,1066,1066,1067,1067,1068,1069,1070,1071,1072,1073,1074,1075,1076,1078,1079,1080,1082,1083,1084,1086,1087,1088,1089,1091,1092,1093,1094,1094,1095,1096,1097,1097,1097,1098,1098,1098,1100,1101,1103,1105,1107,1109,1110,1112,1114,1116,1096,1075,1055,1035,1015,995,975,955,935,914,894,874,854,834,814,794,774,753,733,713,693,673,653,633,592,592,607,622,636,651,665,679,694,708,721,735,748,762,774,787,799,811,823,834,845,856,866,876,885,894,902,910,917,924,931,937,942,947,951,955,958,960,962,964,965,965,946,932,920,912,905,901,899,897,897,897,898,899,900,902,903,904,905,906,908,909,910,911,912,914,915,916,917,918,920,921,922,923,924,926,927,928,929,930,932,933,934,935,936,938,939,940,941,942,944,945,947,947,947,947,947,947,946,946,945,945,944,943,943,942,941,940,939,938,936,935,934,933,931,930,928,926,925,923,921,919,917,915,913,911,909,907,905,903,901,898,896,894,891,889,886,884,882,879,877,874,872,869,866,864,861,859,856,854,851,849,846,844,841,839,836,834,832,829,827,825,822,820,818,816,814,811,809,807,805,804,802,800,798,796,795,793,792,790,789,788,786,785,784,783,782,781,780,779,779,778,778,777,777,776,776,776,776,776,776,776,776,777,777,778,779,780,781,783,784,786,788,789,791,793,796,798,800,803,806,808,811,814,817,820,823,827,830,833,837,840,844,847,851,855,858,862,866,870,873,877,881,884,888,892,895,899,903,906,910,913,917,920,923,926,929,932,935,938,941,944,946,949,951,953,955,957,959,961,962,964,965,966,967,968,969,970,970,971,971,971,972,973,974,975,976,977,978,979,980,981,982,984,985,986,987,988,989,990,991,992,993,994,995,996,997,998,1000,1001,1002,1003,1004,1005,1006,1007,1008,1009,1010,1011,1012,1013,1014,1015,1017,1018,1019,1020,1021,1022,1024

lead:aVL
count:520
points:1024,1024,1024,1024,1024,1024,1025,1025,1025,1025,1026,1026,1026,1027,1027,1028,1028,1029,1029,1030,1030,1031,1031,1032,1032,1033,1033,1034,1035,1035,1036,1036,1037,1037,1038,1038,1039,1039,1039,1040,1040,1040,1041,1041,1041,1041,1041,1042,1042,1042,1042,1042,1042,1042,1041,1041,1041,1041,1040,1040,1040,1039,1039,1038,1038,1037,1037,1036,1036,1035,1035,1034,1033,1033,1032,1031,1031,1030,1029,1029,1028,1028,1027,1026,1026,1025,1025,1024,1024,1023,1023,1023,1022,1022,1022,1022,1021,1021,1021,1021,1021,1020,1020,1019,1019,1018,1018,1017,1017,1016,1016,1015,1014,1014,1013,1012,1012,1012,1012,1012,1012,1012,1013,1013,1013,1013,1013,1013,1014,1014,1014,1014,1014,1015,1015,1015,1015,1016,1016,1016,1016,1017,1017,1017,1017,1017,1017,1018,1018,1018,1018,1018,1018,1018,1018,1016,1015,1013,1011,1009,1007,1006,1004,1002,1000,1008,1015,1022,1029,1036,1043,1050,1058,1065,1072,1079,1086,1093,1101,1108,1115,1122,1129,1136,1144,1151,1158,1165,1172,1187,1187,1181,1176,1171,1166,1161,1156,1150,1145,1141,1136,1131,1126,1122,1117,1113,1108,1104,1100,1096,1093,1089,1085,1082,1079,1076,1073,1071,1068,1066,1064,1062,1060,1059,1057,1056,1055,1054,1054,1054,1054,1059,1064,1067,1070,1072,1073,1074,1074,1074,1074,1073,1072,1072,1071,1070,1069,1068,1067,1066,1065,1064,1063,1062,1061,1061,1060,1059,1058,1057,1056,1055,1054,1053,1052,1051,1050,1050,1049,1048,1047,1046,1045,1044,1043,1042,1041,1040,1039,1039,1038,1036,1036,1036,1036,1036,1036,1036,1036,1037,1037,1037,1037,1038,1038,1038,1039,1039,1040,1040,1041,1041,1042,1042,1043,1043,1044,1045,1045,1046,1047,1048,1048,1049,1050,1051,1052,1053,1053,1054,1055,1056,1057,1058,1059,1060,1061,1062,1063,1064,1065,1066,1067,1068,1069,1070,1071,1072,1073,1074,1075,1076,1077,1078,1079,1080,1081,1082,1083,1084,1084,1085,1086,1087,1088,1089,1090,1090,1091,1092,1093,1093,1094,1095,1096,1096,1097,1097,1098,1099,1099,1100,1100,1101,1101,1101,1102,1102,1102,1103,1103,1103,1103,1103,1104,1104,1104,1104,1104,1104,1104,1104,1103,1103,1103,1103,1102,1102,1102,1101,1101,1100,1099,1099,1098,1097,1097,1096,1095,1094,1093,1093,1092,1091,1090,1089,1088,1087,1085,1084,1083,1082,1081,1080,1079,1078,1076,1075,1074,1073,1072,1070,1069,1068,1067,1066,1065,1063,1062,1061,1060,1059,1058,1057,1056,1055,1054,1053,1052,1051,1050,1050,1049,1048,1047,1047,1046,1046,1045,1044,1044,1044,1043,1043,1043,1042,1042,1042,1042,1042,1042,1041,1041,1041,1040,1040,1040,1039,1039,1039,1038,1038,1037,1037,1037,1036,1036,1036,1035,1035,1035,1034,1034,1034,1033,1033,1033,1032,1032,1031,1031,1031,1030,1030,1030,1029,1029,1029,1028,1028,1028,1027,1027,1026,1026,1026,1025,1025,1025,1024

lead:aVF
count:520
points:1024,1024,1024,1025,1025,1026,1027,1028,1029,1030,1032,1033,1035,1037,1038,1040,1043,1045,1047,1049,1052,1054,1056,1059,1061,1064,1066,1069,1071,1074,1076,1079,1081,1083,1085,1087,1089,1091,1093,1095,1096,1098,1099,1100,1101,1102,1103,1103,1103,1104,1104,1104,1103,1103,1102,1102,1101,1099,1098,1097,1095,1093,1091,1089,1087,1085,1083,1080,1078,1075,1072,1069,1067,1064,1061,1058,1055,1052,1049,1047,1044,1041,1038,1036,1033,1031,1029,1027,1025,1023,1021,1019,1018,1017,1015,1014,1014,1013,1013,1012,1012,1011,1010,1009,1008,1007,1006,1004,1003,1002,1001,1000,999,998,997,994,994,994,994,994,993,993,992,991,990,989,988,987,986,984,983,981,980,978,977,975,974,972,971,969,968,966,965,963,962,961,960,959,958,958,957,957,956,956,956,956,956,956,956,956,956,956,956,956,956,969,982,995,1008,1021,1034,1047,1060,1073,1086,1099,1112,1125,1137,1150,1163,1176,1189,1202,1215,1228,1241,1254,1267,1293,1293,1284,1274,1265,1256,1246,1237,1228,1219,1210,1201,1193,1184,1176,1168,1160,1152,1145,1137,1130,1124,1117,1111,1105,1099,1094,1089,1084,1080,1076,1072,1068,1065,1063,1060,1058,1057,1055,1054,1054,1054,1066,1077,1085,1091,1095,1098,1100,1100,1101,1101,1101,1100,1100,1100,1099,1099,1099,1099,1098,1098,1098,1097,1097,1097,1097,1096,1096,1096,1096,1095,1095,1095,1094,1094,1094,1094,1093,1093,1093,1092,1092,1092,1092,1091,1091,1091,1090,1090,1090,1090,1089,1089,1089,1089,1089,1089,1090,1090,1090,1090,1091,1091,1092,1092,1093,1093,1094,1095,1095,1096,1097,1098,1099,1100,1101,1102,1103,1104,1105,1106,1107,1108,1109,1111,1112,1113,1114,1116,1117,1119,1120,1121,1123,1124,1126,1127,1129,1130,1132,1133,1135,1136,1138,1139,1141,1142,1144,1145,1147,1148,1150,1151,1153,1154,1156,1157,1159,1160,1162,1163,1164,1166,1167,1168,1170,1171,1172,1173,1175,1176,1177,1178,1179,1180,1181,1182,1183,1184,1185,1185,1186,1187,1187,1188,1189,1189,1190,1190,1191,1191,1191,1192,1192,1192,1192,1192,1192,1192,1192,1192,1192,1192,1191,1191,1190,1189,1189,1188,1187,1186,1184,1183,1182,1180,1179,1177,1176,1174,1172,1170,1168,1166,1164,1162,1160,1158,1155,1153,1151,1148,1146,1144,1141,1139,1136,1134,1131,1129,1126,1123,1121,1118,1116,1113,1111,1108,1106,1104,1101,1099,1096,1094,1092,1090,1088,1086,1084,1082,1080,1078,1076,1075,1073,1072,1070,1069,1068,1066,1065,1064,1063,1063,1062,1061,1061,1060,1060,1060,1059,1059,1059,1058,1057,1057,1056,1055,1055,1054,1053,1052,1052,1051,1050,1050,1049,1048,1047,1047,1046,1045,1045,1044,1043,1042,1042,1041,1040,1040,1039,1038,1037,1037,1036,1035,1035,1034,1033,1033,1032,1031,1030,1030,1029,1028,1028,1027,1026,1025,1024

lead:V1
count:520
points:1024,1024,1024,1024,1024,1025,1025,1025,1026,1026,1027,1028,1028,1029,1030,1030,1031,1032,1033,1034,1035,1036,1037,1038,1039,1040,1041,1042,1043,1044,1044,1045,1046,1047,1048,1049,1050,1050,1051,1052,1052,1053,1053,1054,1054,1055,1055,1055,1055,1055,1055,1055,1055,1055,1054,1054,1053,1052,1051,1050,1049,1047,1046,1044,1043,1041,1039,1037,1035,1033,1031,1029,1027,1025,1022,1020,1018,1016,1014,1011,1009,1007,1005,1003,1001,999,998,996,995,993,992,990,989,988,987,987,986,986,985,985,985,985,986,986,987,987,988,988,988,989,989,990,990,990,991,992,992,992,992,992,993,993,994,995,996,997,999,1000,1001,1003,1005,1007,1009,1011,1013,1015,1018,1020,1023,1025,1028,1031,1034,1037,1040,1043,1046,1049,1052,1056,1059,1062,1066,1072,1072,1069,1066,1064,1061,1058,1055,1052,1049,1046,1043,1025,1008,990,972,954,936,919,901,883,865,847,829,812,794,776,758,740,723,705,687,669,651,633,616,580,580,598,616,634,652,670,688,705,722,739,756,773,789,805,821,836,851,865,879,893,906,918,930,942,953,963,973,982,990,998,1005,1012,1018,1023,1028,1032,1035,1037,1039,1040,1040,1044,1047,1049,1051,1052,1052,1053,1053,1053,1053,1054,1055,1056,1057,1058,1059,1060,1061,1061,1062,1063,1064,1065,1066,1067,1068,1069,1070,1070,1071,1072,1073,1074,1075,1076,1077,1078,1079,1079,1080,1081,1082,1083,1084,1085,1086,1087,1088,1088,1089,1091,1091,1091,1091,1091,1092,1092,1092,1092,1093,1093,1093,1094,1094,1095,1095,1096,1097,1097,1098,1099,1100,1101,1101,1102,1103,1104,1105,1106,1107,1108,1110,1111,1112,1113,1114,1116,1117,1118,1120,1121,1122,1124,1125,1126,1128,1129,1131,1132,1134,1135,1137,1138,1139,1141,1142,1144,1145,1147,1148,1150,1151,1153,1154,1155,1157,1158,1160,1161,1162,1164,1165,1166,1167,1169,1170,1171,1172,1173,1175,1176,1177,1178,1179,1180,1180,1181,1182,1183,1184,1184,1185,1186,1186,1187,1188,1188,1189,1189,1189,1190,1190,1190,1190,1190,1191,1191,1191,1191,1190,1190,1190,1189,1189,1188,1187,1187,1186,1185,1183,1182,1181,1179,1178,1176,1175,1173,1171,1169,1167,1165,1163,1161,1159,1156,1154,1152,1149,1147,1144,1142,1139,1136,1134,1131,1129,1126,1123,1120,1118,1115,1112,1110,1107,1104,1102,1099,1097,1094,1092,1089,1087,1085,1082,1080,1078,1076,1074,1072,1070,1068,1066,1065,1063,1061,1060,1059,1058,1056,1055,1054,1053,1053,1052,1051,1051,1051,1050,1050,1050,1050,1049,1049,1048,1048,1047,1047,1046,1045,1045,1044,1044,1043,1043,1042,1042,1041,1041,1040,1040,1039,1039,1038,1038,1037,1037,1036,1036,1035,1034,1034,1033,1033,1032,1032,1031,1031,1030,1030,1029,1029,1028,1028,1027,1027,1026,1026,1025,1024

lead:V2
count:520
points:1024,1024,1024,1025,1025,1025,1026,1027,1028,1029,1030,1031,1032,1034,1035,1037,1038,1040,1042,1043,1045,1047,1049,1051,1053,1055,1057,1058,1060,1062,1064,1066,1068,1069,1071,1073,1074,1076,1077,1078,1079,1080,1081,1082,1083,1084,1084,1085,1085,1085,1085,1085,1085,1084,1083,1082,1081,1080,1078,1076,1074,1072,1069,1067,1064,1061,1058,1055,1051,1048,1044,1041,1037,1034,1030,1026,1022,1019,1015,1011,1008,1004,1001,998,995,991,989,986,983,981,978,976,974,973,971,970,969,968,968,967,967,967,967,967,967,967,967,968,968,968,968,968,968,968,968,968,968,968,968,969,969,970,971,971,972,973,975,976,978,979,981,983,985,987,989,991,993,996,998,1001,1004,1006,1009,1012,1015,1018,1021,1024,1027,1031,1034,1037,1040,1047,1047,1070,1094,1118,1142,1166,1189,1213,1237,1261,1285,1258,1231,1205,1178,1151,1125,1098,1072,1045,1018,992,965,939,912,885,859,832,805,779,752,726,699,672,646,592,592,611,630,649,668,687,706,724,742,760,778,796,813,829,846,862,878,893,907,922,935,949,961,973,985,996,1006,1016,1025,1033,1041,1048,1054,1059,1064,1068,1072,1074,1076,1078,1078,1081,1084,1087,1088,1090,1091,1091,1091,1091,1091,1093,1094,1095,1096,1097,1098,1099,1100,1101,1102,1103,1104,1105,1106,1108,1109,1110,1111,1112,1113,1114,1115,1116,1117,1118,1119,1120,1122,1123,1124,1125,1126,1127,1128,1129,1130,1131,1132,1133,1134,1137,1137,1137,1137,1137,1137,1137,1138,1138,1139,1140,1140,1141,1142,1143,1144,1145,1146,1147,1148,1149,1151,1152,1154,1155,1157,1158,1160,1162,1164,1165,1167,1169,1171,1173,1175,1177,1180,1182,1184,1186,1189,1191,1193,1196,1198,1200,1203,1205,1208,1210,1212,1215,1217,1220,1222,1225,1227,1230,1232,1235,1237,1239,1242,1244,1246,1249,1251,1253,1256,1258,1260,1262,1264,1266,1268,1270,1272,1274,1276,1278,1280,1281,1283,1284,1286,1287,1289,1290,1291,1293,1294,1295,1296,1297,1298,1299,1299,1300,1301,1301,1302,1302,1302,1303,1303,1303,1303,1303,1303,1302,1302,1301,1300,1299,1298,1296,1294,1293,1291,1289,1286,1284,1281,1279,1276,1273,1270,1267,1263,1260,1256,1252,1249,1245,1241,1237,1233,1229,1224,1220,1216,1211,1207,1202,1198,1193,1189,1184,1179,1175,1170,1166,1161,1157,1152,1148,1144,1140,1135,1131,1127,1123,1119,1116,1112,1108,1105,1101,1098,1095,1092,1089,1087,1084,1082,1079,1077,1075,1074,1072,1071,1069,1068,1067,1066,1066,1065,1065,1065,1064,1063,1063,1062,1061,1060,1059,1058,1058,1057,1056,1055,1054,1053,1053,1052,1051,1050,1049,1049,1048,1047,1046,1045,1044,1044,1043,1042,1041,1040,1040,1039,1038,1037,1036,1035,1035,1034,1033,1032,1031,1031,1030,1029,1028,1027,1026,1026,1024

lead:V3
count:520
points:1024,1024,1024,1025,1025,1026,1027,1028,1029,1030,1032,1033,1035,1037,1039,1041,1043,1045,1048,1050,1052,1055,1057,1060,1062,1065,1068,1070,1073,1075,1078,1080,1082,1085,1087,1089,1091,1093,1095,1096,1098,1100,1101,1102,1103,1104,1105,1105,1106,1106,1106,1106,1105,1105,1104,1102,1101,1099,1097,1094,1092,1089,1086,1083,1079,1075,1071,1067,1063,1059,1055,1050,1046,1041,1036,1032,1027,1023,1018,1013,1009,1005,1000,996,992,988,985,981,978,975,972,969,967,965,963,961,960,959,958,958,958,957,957,957,957,956,956,956,955,955,955,954,954,954,953,953,953,953,953,953,954,954,955,956,956,957,958,959,961,962,963,965,967,968,970,972,974,976,978,980,982,985,987,989,992,994,997,999,1002,1004,1007,1010,1012,1018,1018,1065,1112,1158,1205,1252,1299,1346,1393,1440,1487,1455,1424,1393,1361,1330,1298,1267,1235,1204,1172,1141,1110,1078,1047,1015,984,952,921,890,858,827,795,764,732,670,670,687,704,721,738,755,772,788,805,821,837,853,868,883,898,912,926,940,953,966,979,990,1002,1013,1023,1033,1042,1051,1059,1066,1073,1080,1085,1090,1095,1098,1101,1104,1105,1107,1107,1110,1113,1115,1117,1118,1119,1119,1119,1119,1119,1121,1122,1123,1124,1125,1126,1127,1128,1129,1130,1131,1133,1134,1135,1136,1137,1138,1139,1140,1141,1142,1143,1144,1146,1147,1148,1149,1150,1151,1152,1153,1154,1155,1156,1157,1159,1160,1161,1162,1163,1165,1165,1165,1165,1166,1166,1166,1167,1167,1168,1169,1170,1171,1172,1173,1174,1175,1177,1178,1180,1181,1183,1185,1186,1188,1190,1192,1195,1197,1199,1201,1204,1206,1209,1211,1214,1216,1219,1222,1225,1227,1230,1233,1236,1239,1242,1245,1248,1251,1254,1257,1260,1263,1266,1269,1272,1276,1279,1282,1285,1288,1291,1294,1297,1300,1303,1306,1309,1311,1314,1317,1320,1322,1325,1328,1330,1333,1335,1337,1340,1342,1344,1346,1348,1350,1352,1354,1356,1357,1359,1361,1362,1363,1365,1366,1367,1368,1369,1370,1371,1371,1372,1372,1373,1373,1373,1374,1374,1373,1373,1373,1372,1371,1370,1368,1367,1365,1363,1360,1358,1355,1353,1349,1346,1343,1339,1336,1332,1328,1323,1319,1314,1310,1305,1300,1295,1290,1285,1280,1274,1269,1263,1258,1252,1246,1241,1235,1229,1224,1218,1212,1206,1201,1195,1189,1184,1178,1173,1167,1162,1157,1152,1147,1142,1137,1133,1128,1124,1120,1115,1112,1108,1104,1101,1098,1095,1092,1089,1087,1084,1082,1081,1079,1078,1076,1075,1075,1074,1074,1074,1073,1072,1071,1070,1069,1068,1067,1066,1065,1064,1063,1062,1061,1060,1059,1058,1057,1056,1055,1054,1053,1052,1051,1050,1049,1048,1047,1046,1045,1044,1043,1042,1041,1040,1039,1038,1037,1036,1035,1034,1033,1032,1031,1030,1029,1028,1027,1026,1024

lead:V4
count:520
points:1024,1024,1024,1025,1025,1026,1027,1028,1030,1031,1033,1034,1036,1038,1040,1043,1045,1047,1050,1053,1055,1058,1061,1064,1066,1069,1072,1075,1078,1080,1083,1086,1088,1091,1093,1096,1098,1100,1102,1104,1106,1107,1109,1110,1111,1112,1113,1114,1114,1114,1114,1114,1114,1113,1112,1111,1109,1107,1105,1102,1099,1096,1093,1090,1086,1082,1078,1074,1070,1065,1060,1056,1051,1046,1041,1036,1032,1027,1022,1017,1012,1008,1003,999,995,991,987,983,980,976,973,971,968,966,964,962,961,960,959,959,958,958,957,957,956,955,955,954,953,953,952,951,951,950,950,948,948,948,948,949,949,949,950,950,951,951,952,952,953,954,955,956,957,958,959,960,961,963,964,965,967,968,970,971,973,974,976,977,979,981,982,984,986,989,989,1052,1116,1179,1242,1305,1369,1432,1495,1559,1622,1590,1559,1527,1496,1465,1433,1402,1370,1339,1307,1276,1244,1213,1181,1150,1118,1087,1055,1024,993,961,930,898,867,804,804,816,829,841,854,866,878,891,903,914,926,938,949,960,971,981,992,1002,1011,1021,1030,1039,1047,1055,1062,1070,1076,1083,1089,1094,1099,1104,1108,1111,1115,1117,1120,1121,1122,1123,1123,1126,1128,1130,1131,1132,1133,1133,1133,1133,1133,1134,1135,1136,1137,1138,1139,1140,1141,1142,1143,1144,1144,1145,1146,1147,1148,1149,1150,1151,1152,1153,1154,1155,1156,1157,1157,1158,1159,1160,1161,1162,1163,1164,1165,1166,1167,1168,1169,1170,1170,1172,1172,1172,1173,1173,1173,1174,1174,1175,1175,1176,1177,1178,1179,1180,1182,1183,1184,1186,1188,1189,1191,1193,1195,1197,1199,1201,1203,1206,1208,1210,1213,1215,1218,1221,1223,1226,1229,1232,1235,1238,1241,1244,1247,1250,1253,1256,1259,1262,1266,1269,1272,1275,1279,1282,1285,1288,1292,1295,1298,1301,1304,1308,1311,1314,1317,1320,1323,1326,1329,1332,1335,1337,1340,1343,1346,1348,1351,1353,1356,1358,1360,1363,1365,1367,1369,1371,1373,1374,1376,1378,1379,1381,1382,1383,1384,1386,1387,1387,1388,1389,1390,1390,1391,1391,1391,1391,1391,1391,1391,1390,1389,1388,1387,1386,1384,1382,1380,1377,1375,1372,1369,1366,1362,1359,1355,1351,1347,1343,1338,1334,1329,1324,1319,1314,1309,1303,1298,1292,1286,1281,1275,1269,1263,1257,1251,1245,1239,1233,1227,1221,1215,1209,1203,1197,1191,1185,1179,1174,1168,1163,1157,1152,1147,1142,1137,1132,1128,1123,1119,1115,1111,1107,1103,1100,1097,1094,1091,1089,1086,1084,1082,1080,1079,1078,1077,1076,1075,1075,1075,1074,1073,1072,1071,1070,1069,1068,1067,1066,1065,1064,1062,1061,1060,1059,1058,1057,1056,1055,1054,1053,1052,1051,1050,1049,1048,1047,1046,1045,1044,1043,1042,1041,1040,1039,1038,1037,1036,1035,1034,1033,1032,1031,1030,1029,1028,1027,1026,1024

lead:V5
count:520
points:1024,1024,1024,1025,1025,1026,1027,1028,1029,1031,1032,1034,1036,1037,1039,1041,1044,1046,1048,1051,1053,1056,1058,1061,1064,1066,1069,1072,1074,1077,1080,1082,1085,1087,1089,1091,1093,1095,1097,1099,1101,1102,1104,1105,1106,1107,1108,1108,1109,1109,1109,1109,1108,1108,1107,1105,1104,1102,1100,1098,1096,1093,1090,1087,1084,1080,1076,1073,1069,1065,1061,1056,1052,1048,1043,1039,1035,1030,1026,1022,1017,1013,1009,1005,1002,998,994,991,988,985,983,980,978,976,974,973,971,970,970,969,969,968,967,967,966,965,964,963,962,961,961,960,959,958,957,955,955,955,955,955,955,956,956,956,956,956,956,956,957,957,957,957,958,958,958,959,959,959,960,960,960,961,961,962,962,962,963,963,964,964,965,965,965,966,966,1036,1106,1175,1245,1315,1384,1454,1524,1594,1663,1636,1610,1583,1556,1530,1503,1476,1449,1423,1396,1369,1343,1316,1289,1262,1236,1209,1182,1156,1129,1102,1075,1049,1022,968,968,975,981,987,993,999,1005,1011,1017,1023,1028,1034,1040,1045,1050,1055,1060,1065,1070,1075,1079,1083,1087,1091,1095,1099,1102,1105,1108,1111,1113,1115,1117,1119,1121,1122,1123,1124,1124,1125,1125,1126,1127,1128,1129,1130,1130,1130,1130,1130,1130,1131,1131,1132,1133,1133,1134,1135,1135,1136,1137,1137,1138,1138,1139,1140,1140,1141,1142,1142,1143,1144,1144,1145,1145,1146,1147,1147,1148,1149,1149,1150,1151,1151,1152,1152,1153,1154,1154,1155,1156,1157,1157,1157,1157,1157,1158,1158,1158,1159,1160,1160,1161,1162,1163,1164,1165,1166,1168,1169,1170,1172,1174,1175,1177,1179,1181,1183,1185,1187,1189,1191,1193,1195,1198,1200,1203,1205,1208,1210,1213,1215,1218,1221,1224,1226,1229,1232,1235,1238,1240,1243,1246,1249,1252,1255,1258,1261,1264,1266,1269,1272,1275,1278,1281,1284,1286,1289,1292,1294,1297,1300,1302,1305,1307,1310,1312,1314,1317,1319,1321,1323,1325,1327,1329,1331,1333,1335,1336,1338,1339,1341,1342,1343,1345,1346,1347,1348,1349,1349,1350,1351,1351,1352,1352,1353,1353,1353,1353,1353,1352,1352,1351,1350,1349,1348,1346,1345,1343,1340,1338,1336,1333,1330,1327,1324,1320,1317,1313,1309,1305,1301,1297,1292,1288,1283,1279,1274,1269,1264,1259,1253,1248,1243,1238,1232,1227,1221,1216,1210,1205,1200,1194,1189,1183,1178,1173,1167,1162,1157,1152,1147,1142,1138,1133,1129,1124,1120,1116,1112,1108,1104,1101,1097,1094,1091,1088,1085,1083,1080,1078,1076,1075,1073,1072,1071,1070,1069,1068,1068,1068,1067,1066,1065,1065,1064,1063,1062,1061,1060,1059,1058,1057,1057,1056,1055,1054,1053,1052,1051,1050,1050,1049,1048,1047,1046,1045,1044,1043,1042,1042,1041,1040,1039,1038,1037,1036,1035,1035,1034,1033,1032,1031,1030,1029,1028,1028,1027,1026,1024

lead:V6
count:520
points:1024,1024,1024,1025,1025,1026,1026,1027,1028,1029,1030,1032,1033,1034,1036,1038,1039,1041,1043,1045,1047,1049,1051,1053,1055,1057,1059,1061,1064,1066,1068,1070,1071,1073,1075,1077,1078,1080,1082,1083,1084,1085,1086,1087,1088,1089,1090,1090,1090,1090,1091,1090,1090,1090,1089,1088,1087,1086,1084,1083,1081,1079,1077,1074,1072,1069,1067,1064,1061,1058,1055,1052,1049,1046,1043,1039,1036,1033,1030,1027,1024,1021,1018,1015,1012,1009,1007,1004,1002,1000,998,996,994,993,992,991,990,989,989,988,988,987,986,985,984,983,982,981,980,980,979,978,977,976,975,973,973,972,972,971,971,970,970,969,968,968,967,967,966,966,965,965,964,964,963,963,962,961,961,960,960,959,959,958,958,957,957,956,956,955,954,954,953,952,952,1018,1083,1149,1214,1280,1346,1411,1477,1542,1608,1580,1552,1524,1496,1469,1442,1416,1391,1367,1343,1320,1299,1278,1259,1241,1224,1209,1195,1183,1172,1163,1155,1149,1145,1142,1142,1141,1139,1138,1137,1136,1135,1133,1132,1131,1130,1129,1128,1127,1126,1125,1124,1123,1122,1121,1120,1119,1118,1118,1117,1116,1116,1115,1114,1114,1113,1113,1113,1112,1112,1112,1111,1111,1111,1111,1111,1111,1111,1111,1111,1111,1111,1111,1111,1111,1111,1111,1112,1112,1112,1112,1113,1113,1113,1113,1113,1114,1114,1114,1114,1115,1115,1115,1115,1116,1116,1116,1116,1117,1117,1117,1117,1118,1118,1118,1118,1119,1119,1119,1119,1120,1120,1120,1120,1121,1121,1121,1121,1121,1121,1122,1122,1122,1122,1123,1123,1124,1124,1125,1126,1127,1127,1128,1129,1130,1131,1132,1134,1135,1136,1137,1139,1140,1142,1143,1145,1146,1148,1149,1151,1153,1155,1157,1158,1160,1162,1164,1166,1168,1170,1172,1174,1176,1178,1180,1182,1184,1187,1189,1191,1193,1195,1197,1199,1201,1204,1206,1208,1210,1212,1214,1216,1218,1220,1222,1224,1226,1228,1229,1231,1233,1235,1236,1238,1240,1241,1243,1244,1246,1247,1249,1250,1251,1252,1254,1255,1256,1257,1258,1259,1259,1260,1261,1262,1262,1263,1263,1264,1264,1264,1264,1265,1265,1265,1265,1264,1264,1263,1263,1262,1261,1260,1258,1257,1255,1254,1252,1250,1248,1246,1243,1241,1238,1235,1232,1230,1226,1223,1220,1217,1213,1210,1206,1203,1199,1195,1191,1187,1184,1180,1176,1172,1168,1164,1160,1156,1152,1148,1144,1140,1136,1132,1128,1124,1120,1117,1113,1110,1106,1103,1099,1096,1093,1090,1087,1084,1081,1079,1076,1074,1072,1069,1067,1066,1064,1062,1061,1060,1058,1057,1057,1056,1055,1055,1055,1055,1054,1053,1053,1052,1052,1051,1050,1050,1049,1049,1048,1047,1047,1046,1046,1045,1044,1044,1043,1042,1042,1041,1041,1040,1039,1039,1038,1038,1037,1036,1036,1035,1034,1034,1033,1033,1032,1031,1031,1030,1030,1029,1028,1028,1027,1026,1026,1025,1024

