pathology:posteriormi
group:infarction
title:Sinus rhythm during posterior MI
name:Синусовый ритм при заднем ИМ
leads:12

lead:I
count:520
points:1024,1024,1024,1025,1025,1026,1026,1027,1028,1029,1030,1032,1033,1034,1036,1038,1039,1041,1043,1045,1047,1049,1051,1053,1055,1057,1059,1061,1064,1066,1068,1070,1071,1073,1075,1077,1078,1080,1082,1083,1084,1085,1086,1087,1088,1089,1090,1090,1090,1090,1091,1090,1090,1090,1090,1089,1088,1087,1086,1085,1084,1083,1082,1080,1078,1077,1075,1073,1071,1070,1068,1066,1064,1061,1059,1057,1055,1053,1051,1049,1047,1045,1043,1041,1039,1038,1036,1034,1033,1032,1030,1029,1028,1027,1026,1026,1025,1025,1024,1024,1024,1024,1024,1024,1024,1024,1024,1024,1024,1024,1024,1024,1024,1024,1024,1024,1024,1024,1024,1024,1024,1024,1024,1024,1024,1024,1024,1024,1024,1024,1023,1023,1023,1023,1022,1022,1021,1021,1020,1019,1018,1017,1016,1015,1013,1012,1010,1008,1006,1004,1001,998,995,988,988,983,977,971,966,960,954,949,943,937,932,946,960,974,988,1002,1016,1030,1044,1058,1072,1086,1100,1114,1128,1142,1156,1170,1184,1197,1211,1225,1239,1253,1267,1295,1295,1281,1267,1253,1239,1225,1212,1198,1185,1171,1158,1145,1133,1120,1108,1096,1085,1073,1063,1052,1042,1032,1023,1014,1005,997,990,983,976,970,964,959,955,950,947,944,941,939,938,937,937,954,969,982,992,1001,1008,1013,1017,1020,1022,1023,1024,1024,1024,1024,1024,1024,1024,1024,1024,1024,1024,1024,1024,1024,1024,1024,1024,1024,1024,1024,1024,1024,1024,1024,1024,1024,1024,1024,1024,1024,1024,1024,1024,1024,1024,1024,1024,1024,1024,1024,1024,1024,1024,1024,1024,1024,1024,1024,1024,1024,1024,1024,1024,1024,1024,1024,1024,1024,1024,1024,1024,1024,1024,1024,1024,1024,1024,1024,1024,1024,1024,1024,1024,1024,1024,1024,1024,1024,1024,1024,1024,1024,1024,1024,1024,1024,1024,1024,1024,1025,1025,1025,1026,1026,1027,1027,1028,1029,1029,1030,1031,1032,1033,1033,1034,1036,1037,1038,1039,1040,1041,1043,1044,1045,1047,1048,1050,1051,1053,1054,1056,1057,1059,1061,1062,1064,1066,1067,1069,1071,1073,1075,1076,1078,1080,1082,1084,1085,1087,1089,1091,1093,1095,1096,1098,1100,1102,1103,1105,1107,1109,1110,1112,1113,1115,1117,1118,1120,1121,1123,1124,1126,1127,1128,1130,1131,1132,1133,1134,1135,1136,1137,1138,1139,1140,1141,1142,1142,1143,1144,1144,1145,1145,1146,1146,1146,1146,1147,1147,1147,1147,1147,1147,1146,1146,1145,1145,1144,1143,1142,1140,1139,1138,1136,1134,1133,1131,1129,1127,1125,1122,1120,1118,1115,1113,1110,1108,1105,1102,1100,1097,1094,1091,1088,1085,1083,1080,1077,1074,1071,1069,1066,1063,1061,1058,1056,1053,1051,1048,1046,1044,1042,1040,1038,1036,1035,1033,1032,1030,1029,1028,1027,1026,1026,1025,1025,1024,1024,1024,1024,1024,1024,1024,1024,1024,1024,1024,1024,1024,1024,1024,1024,1024,1024,1024,1024,1024,1024

lead:II
count:520
points:1024,1024,1024,1025,1025,1026,1027,1028,1029,1030,1032,1033,1035,1037,1039,1041,1043,1045,1048,1050,1052,1055,1057,1060,1062,1065,1068,1070,1073,1075,1078,1080,1082,1085,1087,1089,1091,1093,1095,1097,1098,1100,1101,1102,1103,1104,1105,1105,1106,1106,1106,1106,1106,1105,1105,1104,1103,1102,1101,1100,1098,1097,1095,1093,1091,1089,1087,1085,1082,1080,1078,1075,1073,1070,1068,1065,1062,1060,1057,1055,1052,1050,1048,1045,1043,1041,1039,1037,1035,1033,1032,1030,1029,1028,1027,1026,1025,1025,1024,1024,1024,1024,1024,1024,1024,1024,1024,1024,1024,1024,1024,1024,1024,1024,1024,1024,1024,1024,1024,1024,1024,1024,1024,1024,1024,1024,1024,1024,1023,1023,1023,1023,1022,1022,1021,1021,1020,1019,1018,1017,1016,1014,1013,1011,1009,1007,1004,1001,998,995,991,987,983,973,973,968,964,959,954,950,945,941,936,931,927,952,978,1003,1028,1054,1079,1105,1130,1155,1181,1206,1232,1257,1282,1308,1333,1359,1384,1409,1435,1460,1486,1511,1536,1587,1587,1565,1543,1521,1499,1477,1456,1434,1413,1392,1372,1351,1332,1312,1293,1274,1256,1239,1221,1205,1189,1174,1159,1145,1132,1119,1107,1096,1085,1076,1067,1059,1052,1045,1040,1035,1031,1028,1026,1024,1024,1039,1052,1064,1073,1080,1086,1091,1095,1097,1099,1100,1101,1101,1101,1101,1101,1102,1102,1102,1103,1103,1103,1103,1104,1104,1104,1105,1105,1105,1105,1106,1106,1106,1107,1107,1107,1107,1108,1108,1108,1108,1109,1109,1109,1109,1110,1110,1110,1110,1111,1111,1111,1111,1111,1112,1112,1112,1112,1112,1113,1113,1113,1113,1113,1114,1114,1114,1114,1114,1114,1114,1115,1115,1115,1115,1115,1115,1115,1115,1115,1116,1116,1116,1116,1116,1116,1116,1116,1116,1116,1116,1116,1116,1116,1116,1116,1116,1116,1116,1117,1117,1117,1117,1118,1118,1119,1119,1120,1121,1121,1122,1123,1124,1125,1126,1127,1128,1129,1130,1131,1132,1134,1135,1136,1137,1139,1140,1142,1143,1145,1146,1148,1150,1151,1153,1155,1156,1158,1160,1161,1163,1165,1167,1169,1170,1172,1174,1176,1178,1179,1181,1183,1185,1187,1188,1190,1192,1194,1196,1197,1199,1201,1202,1204,1206,1207,1209,1210,1212,1213,1215,1216,1218,1219,1220,1222,1223,1224,1225,1226,1228,1229,1230,1231,1231,1232,1233,1234,1235,1235,1236,1236,1237,1237,1238,1238,1238,1239,1239,1239,1239,1239,1239,1239,1238,1237,1236,1235,1233,1232,1230,1228,1225,1223,1220,1217,1214,1211,1208,1204,1200,1196,1192,1188,1184,1179,1175,1170,1166,1161,1156,1151,1146,1141,1136,1132,1127,1122,1117,1112,1107,1102,1097,1093,1088,1084,1079,1075,1071,1067,1063,1059,1055,1052,1049,1046,1043,1040,1038,1035,1033,1031,1030,1028,1027,1026,1025,1024,1024,1024,1024,1024,1024,1024,1024,1024,1024,1024,1024,1024,1024,1024,1024,1024,1024,1024,1024,1024,1024

lead:III
count:520
points:1024,1024,1024,1024,1024,1024,1025,1025,1025,1025,1025,1026,1026,1026,1027,1027,1028,1028,1028,1029,1029,1030,1030,1031,1031,1032,1032,1033,1033,1034,1034,1035,1035,1035,1036,1036,1037,1037,1037,1038,1038,1038,1038,1039,1039,1039,1039,1039,1039,1039,1039,1039,1039,1039,1039,1039,1039,1039,1038,1038,1038,1038,1037,1037,1037,1036,1036,1035,1035,1035,1034,1034,1033,1033,1032,1032,1031,1031,1030,1030,1029,1029,1028,1028,1028,1027,1027,1026,1026,1026,1025,1025,1025,1025,1025,1024,1024,1024,1024,1024,1024,1024,1024,1024,1024,1024,1024,1024,1024,1024,1024,1024,1024,1024,1024,1024,1024,1024,1024,1024,1024,1024,1024,1024,1024,1024,1024,1024,1024,1024,1024,1024,1024,1023,1023,1023,1023,1023,1022,1022,1022,1021,1021,1020,1019,1019,1018,1017,1016,1015,1014,1013,1012,1009,1009,1010,1011,1012,1013,1014,1015,1016,1017,1018,1019,1030,1042,1053,1065,1076,1087,1099,1110,1122,1133,1145,1156,1167,1179,1190,1202,1213,1224,1236,1247,1259,1270,1282,1293,1316,1316,1308,1300,1292,1284,1276,1268,1260,1253,1245,1237,1230,1223,1216,1209,1202,1195,1189,1183,1177,1171,1165,1160,1155,1150,1146,1141,1137,1133,1130,1127,1124,1121,1119,1117,1115,1114,1112,1112,1111,1111,1109,1107,1106,1105,1104,1103,1102,1102,1101,1101,1101,1101,1101,1101,1101,1101,1101,1102,1102,1102,1102,1102,1102,1103,1103,1103,1103,1103,1104,1104,1104,1104,1104,1105,1105,1105,1105,1105,1105,1106,1106,1106,1106,1106,1107,1107,1107,1107,1107,1108,1108,1108,1108,1108,1108,1109,1109,1109,1109,1109,1110,1110,1110,1110,1110,1111,1111,1111,1111,1111,1111,1112,1112,1112,1112,1112,1113,1113,1113,1113,1113,1114,1114,1114,1114,1114,1114,1115,1115,1115,1115,1115,1116,1116,1116,1116,1116,1116,1116,1116,1116,1116,1116,1116,1116,1116,1116,1116,1116,1116,1116,1116,1116,1116,1116,1116,1116,1116,1116,1116,1116,1116,1116,1116,1116,1116,1116,1116,1116,1116,1116,1116,1116,1116,1116,1116,1116,1116,1116,1116,1116,1116,1116,1116,1116,1116,1116,1116,1116,1116,1116,1116,1116,1116,1116,1116,1116,1116,1116,1116,1116,1116,1116,1116,1116,1116,1116,1116,1116,1116,1116,1116,1116,1116,1116,1116,1116,1116,1116,1116,1116,1116,1116,1116,1116,1116,1116,1116,1116,1116,1116,1116,1116,1116,1116,1116,1116,1116,1116,1116,1116,1116,1116,1116,1116,1115,1115,1114,1114,1113,1112,1111,1110,1109,1108,1107,1106,1104,1103,1101,1100,1098,1096,1094,1093,1091,1089,1087,1085,1083,1081,1079,1076,1074,1072,1070,1068,1066,1064,1062,1060,1057,1055,1053,1051,1050,1048,1046,1044,1042,1041,1039,1037,1036,1035,1033,1032,1031,1030,1029,1028,1027,1026,1026,1025,1025,1024,1024,1024,1024,1024,1024,1024,1024,1024,1024,1024,1024,1024,1024,1024,1024,1024,1024,1024,1024,1024,1024,1024

lead:aVR
count:520
points:1024,1024,1024,1023,1023,1022,1021,1020,1019,1017,1016,1014,1012,1010,1008,1006,1004,1002,999,997,994,992,989,987,984,981,978,976,973,970,968,965,963,960,958,956,954,952,950,948,946,945,944,942,941,940,940,939,939,938,938,938,939,939,940,940,941,942,944,945,946,948,950,952,954,956,958,960,963,965,968,970,973,976,978,981,984,987,989,992,994,997,999,1002,1004,1006,1008,1010,1012,1014,1016,1017,1019,1020,1021,1022,1023,1023,1024,1024,1024,1024,1024,1024,1024,1024,1024,1024,1024,1024,1024,1024,1024,1024,1024,1024,1024,1024,1024,1024,1024,1024,1024,1024,1024,1024,1024,1024,1024,1025,1025,1025,1026,1026,1027,1027,1028,1029,1030,1031,1032,1033,1035,1037,1039,1041,1044,1046,1049,1053,1056,1060,1064,1074,1074,1080,1086,1092,1098,1104,1110,1116,1122,1127,1133,1111,1088,1065,1042,1020,997,974,951,929,906,883,861,838,815,792,770,747,724,701,679,656,633,610,588,542,542,563,584,605,625,646,666,687,707,726,746,765,784,802,820,838,855,872,888,903,918,933,947,960,973,985,996,1006,1016,1025,1034,1041,1048,1054,1060,1064,1068,1071,1073,1074,1074,1055,1039,1026,1014,1005,997,991,987,984,982,981,980,980,980,980,979,979,979,979,979,979,979,979,979,978,978,978,978,978,978,978,978,978,977,977,977,977,977,977,977,977,977,977,976,976,976,976,976,976,976,976,976,975,975,975,975,975,975,975,975,975,974,974,974,974,974,974,974,974,974,973,973,973,973,973,973,973,973,973,973,972,972,972,972,972,972,972,972,972,971,971,971,971,971,971,971,971,971,971,970,970,970,969,969,968,968,967,966,966,965,964,963,962,961,960,959,957,956,955,954,952,951,949,948,946,945,943,941,939,938,936,934,932,930,928,927,925,923,921,919,917,914,912,910,908,906,904,902,900,898,896,894,891,889,887,885,883,881,879,877,875,873,871,869,867,866,864,862,860,858,857,855,854,852,850,849,848,846,845,843,842,841,840,839,838,837,836,835,834,833,833,832,831,831,830,830,830,829,829,829,829,829,829,829,830,831,831,833,834,835,837,839,841,844,846,849,851,854,857,861,864,868,871,875,879,883,887,891,895,900,904,909,913,917,922,926,931,935,940,944,949,953,957,962,966,970,974,978,982,985,989,992,995,999,1001,1004,1007,1009,1012,1014,1016,1017,1019,1020,1021,1022,1023,1024,1024,1024,1024,1024,1024,1024,1024,1024,1024,1024,1024,1024,1024,1024,1024,1024,1024,1024,1024,1024,1024

lead:aVL
count:520
points:1024,1024,1024,1024,1024,1025,1025,1025,1026,1026,1027,1027,1028,1029,1029,1030,1031,1032,1032,1033,1034,1035,1036,1037,1038,1039,1040,1041,1042,1042,1043,1044,1045,1046,1047,1047,1048,1049,1050,1050,1051,1051,1052,1052,1053,1053,1053,1053,1053,1054,1054,1054,1053,1053,1053,1053,1053,1052,1052,1051,1051,1050,1050,1049,1048,1047,1047,1046,1045,1044,1043,1042,1042,1041,1040,1039,1038,1037,1036,1035,1034,1033,1032,1032,1031,1030,1029,1029,1028,1027,1027,1026,1026,1025,1025,1025,1024,1024,1024,1024,1024,1024,1024,1024,1024,1024,1024,1024,1024,1024,1024,1024,1024,1024,1024,1024,1024,1024,1024,1024,1024,1024,1024,1024,1024,1024,1024,1024,1024,1024,1024,1024,1024,1024,1023,1023,1023,1023,1023,1022,1022,1022,1021,1021,1021,1020,1019,1019,1018,1017,1016,1015,1014,1012,1012,1008,1004,1001,997,993,989,985,981,978,974,975,977,978,980,981,983,984,986,987,989,990,991,993,994,996,997,999,1000,1002,1003,1005,1006,1008,1009,1012,1012,1009,1005,1002,998,995,991,988,985,981,978,975,972,969,966,963,960,957,955,952,949,947,945,943,940,938,937,935,933,932,930,929,928,927,926,925,925,924,924,923,923,935,944,952,959,965,969,973,975,977,978,979,979,980,980,980,979,979,979,979,979,979,979,979,979,978,978,978,978,978,978,978,978,978,977,977,977,977,977,977,977,977,977,977,976,976,976,976,976,976,976,976,976,975,975,975,975,975,975,975,975,975,974,974,974,974,974,974,974,974,974,973,973,973,973,973,973,973,973,973,973,972,972,972,972,972,972,972,972,972,971,971,971,971,971,971,971,971,971,971,971,971,971,972,972,972,972,973,973,973,974,974,975,975,976,976,977,977,978,979,979,980,981,982,982,983,984,985,986,986,987,988,989,990,991,992,993,994,995,996,997,998,999,1000,1001,1002,1003,1004,1005,1006,1007,1008,1009,1010,1012,1013,1014,1015,1016,1017,1018,1019,1020,1021,1022,1022,1023,1024,1025,1026,1027,1028,1029,1029,1030,1031,1032,1032,1033,1034,1034,1035,1036,1036,1037,1037,1038,1038,1039,1039,1040,1040,1040,1040,1041,1041,1041,1041,1041,1042,1042,1042,1042,1042,1042,1042,1042,1042,1041,1041,1041,1041,1041,1041,1040,1040,1040,1040,1039,1039,1039,1039,1038,1038,1038,1037,1037,1036,1036,1036,1035,1035,1034,1034,1034,1033,1033,1032,1032,1032,1031,1031,1030,1030,1030,1029,1029,1029,1028,1028,1028,1027,1027,1027,1026,1026,1026,1026,1025,1025,1025,1025,1025,1024,1024,1024,1024,1024,1024,1024,1024,1024,1024,1024,1024,1024,1024,1024,1024,1024,1024,1024,1024,1024,1024,1024,1024,1024,1024,1024

lead:aVF
count:520
points:1024,1024,1024,1024,1025,1025,1026,1027,1027,1028,1029,1030,1032,1033,1034,1036,1037,1039,1040,1042,1043,1045,1047,1049,1050,1052,1054,1056,1057,1059,1061,1062,1064,1066,1067,1069,1070,1071,1073,1074,1075,1076,1077,1077,1078,1079,1079,1080,1080,1080,1080,1080,1080,1080,1079,1079,1078,1077,1077,1076,1075,1074,1073,1071,1070,1069,1067,1066,1064,1062,1061,1059,1057,1056,1054,1052,1050,1049,1047,1045,1043,1042,1040,1039,1037,1036,1034,1033,1032,1030,1029,1028,1027,1027,1026,1025,1025,1024,1024,1024,1024,1024,1024,1024,1024,1024,1024,1024,1024,1024,1024,1024,1024,1024,1024,1024,1024,1024,1024,1024,1024,1024,1024,1024,1024,1024,1024,1024,1024,1023,1023,1023,1023,1022,1022,1022,1021,1020,1020,1019,1018,1017,1016,1014,1013,1011,1009,1007,1005,1002,999,996,993,986,986,984,981,979,977,975,973,971,969,967,965,986,1007,1029,1050,1071,1092,1114,1135,1156,1177,1199,1220,1241,1263,1284,1305,1326,1348,1369,1390,1411,1433,1454,1475,1518,1518,1500,1483,1466,1448,1431,1414,1397,1381,1364,1348,1332,1316,1301,1286,1271,1257,1243,1230,1217,1204,1192,1180,1169,1159,1149,1140,1131,1123,1115,1108,1102,1096,1091,1087,1083,1080,1077,1076,1074,1074,1082,1088,1094,1099,1102,1106,1108,1110,1111,1112,1112,1113,1113,1113,1113,1113,1113,1114,1114,1114,1114,1114,1115,1115,1115,1115,1115,1116,1116,1116,1116,1117,1117,1117,1117,1117,1118,1118,1118,1118,1119,1119,1119,1119,1119,1120,1120,1120,1120,1120,1121,1121,1121,1121,1122,1122,1122,1122,1122,1123,1123,1123,1123,1123,1124,1124,1124,1124,1125,1125,1125,1125,1125,1126,1126,1126,1126,1127,1127,1127,1127,1127,1128,1128,1128,1128,1128,1129,1129,1129,1129,1130,1130,1130,1130,1130,1130,1130,1131,1131,1131,1131,1131,1131,1132,1132,1132,1133,1133,1133,1134,1134,1135,1135,1136,1136,1137,1138,1138,1139,1140,1140,1141,1142,1143,1144,1144,1145,1146,1147,1148,1149,1150,1151,1152,1153,1154,1155,1156,1157,1158,1159,1160,1161,1162,1163,1164,1165,1166,1167,1168,1169,1170,1171,1172,1173,1174,1175,1176,1177,1178,1179,1180,1181,1182,1183,1184,1185,1186,1187,1187,1188,1189,1190,1191,1191,1192,1193,1193,1194,1195,1195,1196,1196,1197,1197,1198,1198,1199,1199,1199,1200,1200,1200,1201,1201,1201,1201,1201,1201,1201,1201,1201,1201,1201,1200,1199,1198,1197,1195,1194,1192,1190,1188,1186,1183,1181,1178,1175,1172,1169,1166,1163,1159,1156,1152,1149,1145,1141,1137,1133,1129,1125,1121,1117,1113,1109,1104,1100,1096,1092,1088,1084,1081,1077,1073,1070,1066,1063,1059,1056,1053,1050,1047,1044,1042,1040,1037,1035,1033,1032,1030,1029,1027,1026,1026,1025,1024,1024,1024,1024,1024,1024,1024,1024,1024,1024,1024,1024,1024,1024,1024,1024,1024,1024,1024,1024,1024,1024

lead:V1
count:520
points:1024,1024,1024,1024,1024,1025,1025,1025,1026,1026,1027,1027,1028,1029,1029,1030,1031,1032,1032,1033,1034,1035,1036,1037,1038,1039,1040,1041,1041,1042,1043,1044,1045,1046,1047,1047,1048,1049,1049,1050,1051,1051,1052,1052,1052,1053,1053,1053,1053,1053,1053,1053,1053,1053,1053,1053,1052,1052,1052,1051,1051,1050,1049,1049,1048,1047,1047,1046,1045,1044,1043,1042,1041,1041,1040,1039,1038,1037,1036,1035,1034,1033,1032,1032,1031,1030,1029,1029,1028,1027,1027,1026,1026,1025,1025,1025,1024,1024,1024,1024,1024,1024,1024,1024,1024,1024,1024,1024,1024,1024,1024,1024,1024,1024,1024,1024,1024,1024,1024,1024,1024,1024,1024,1024,1024,1024,1024,1024,1024,1024,1024,1024,1024,1024,1024,1024,1024,1023,1023,1023,1023,1023,1023,1022,1022,1022,1021,1021,1021,1020,1020,1019,1019,1018,1018,1017,1017,1016,1016,1016,1015,1015,1015,1014,1014,1032,1050,1068,1086,1105,1123,1141,1159,1177,1195,1214,1232,1250,1268,1286,1304,1322,1341,1359,1377,1395,1413,1431,1449,1486,1486,1461,1436,1412,1387,1363,1339,1315,1291,1268,1245,1223,1200,1179,1157,1136,1116,1096,1077,1059,1041,1024,1008,992,977,963,950,937,925,915,905,896,888,881,874,869,865,861,859,857,857,859,861,863,864,865,866,866,867,867,867,868,868,868,868,868,867,867,867,867,866,866,866,866,865,865,865,865,864,864,864,864,864,863,863,863,863,862,862,862,862,861,861,861,861,861,860,860,860,860,859,859,859,859,858,858,858,858,857,857,857,857,857,856,856,856,856,855,855,855,855,854,854,854,854,854,853,853,853,853,852,852,852,852,851,851,851,851,850,850,850,850,850,849,849,849,849,849,849,849,849,849,850,850,851,851,852,853,853,854,855,856,857,858,859,860,862,863,864,866,867,869,870,872,873,875,877,879,880,882,884,886,888,890,892,894,896,898,900,902,905,907,909,911,913,916,918,920,922,925,927,929,931,934,936,938,940,943,945,947,949,951,953,955,957,959,961,963,965,967,969,971,973,974,976,978,979,981,982,984,985,986,988,989,990,991,992,993,994,995,996,997,997,998,999,999,999,1000,1000,1000,1001,1001,1001,1001,1002,1002,1003,1003,1004,1004,1005,1006,1006,1007,1007,1008,1008,1009,1009,1010,1010,1011,1011,1012,1012,1013,1013,1013,1014,1014,1015,1015,1016,1016,1016,1017,1017,1018,1018,1018,1019,1019,1019,1020,1020,1020,1021,1021,1021,1021,1022,1022,1022,1022,1022,1023,1023,1023,1023,1023,1023,1023,1024,1024,1024,1024,1024,1024,1024,1024,1024,1024,1024,1024,1024,1024,1024,1024,1024,1024,1024,1024,1024,1024,1024,1024,1024,1024,1024,1024

lead:V2
count:520
points:1024,1024,1024,1024,1025,1025,1025,1026,1026,1027,1028,1029,1029,1030,1031,1032,1033,1034,1035,1037,1038,1039,1040,1041,1043,1044,1045,1046,1048,1049,1050,1051,1052,1053,1055,1056,1057,1058,1058,1059,1060,1061,1061,1062,1062,1063,1063,1063,1064,1064,1064,1064,1064,1063,1063,1063,1062,1062,1061,1061,1060,1059,1058,1058,1057,1056,1055,1053,1052,1051,1050,1049,1048,1046,1045,1044,1043,1041,1040,1039,1038,1037,1035,1034,1033,1032,1031,1030,1029,1029,1028,1027,1026,1026,1025,1025,1025,1024,1024,1024,1024,1024,1024,1024,1024,1024,1024,1024,1024,1024,1024,1024,1024,1024,1024,1024,1024,1024,1024,1024,1024,1024,1024,1024,1024,1024,1024,1024,1024,1024,1024,1024,1024,1024,1023,1023,1023,1023,1023,1022,1022,1022,1021,1021,1021,1020,1019,1019,1018,1017,1016,1015,1014,1012,1012,1009,1007,1004,1001,998,995,992,990,987,984,1010,1037,1063,1090,1116,1143,1169,1195,1222,1248,1275,1301,1328,1354,1381,1407,1433,1460,1486,1513,1539,1566,1592,1618,1671,1671,1640,1610,1579,1548,1518,1488,1458,1428,1399,1371,1342,1314,1287,1261,1235,1209,1185,1161,1138,1116,1094,1074,1054,1035,1018,1001,986,971,957,945,934,924,915,907,900,895,891,888,885,885,888,890,892,893,895,896,896,897,897,898,898,898,898,898,898,897,897,897,896,896,896,895,895,895,894,894,894,893,893,892,892,892,891,891,891,890,890,890,889,889,889,888,888,888,887,887,887,886,886,886,885,885,885,884,884,884,883,883,883,882,882,882,881,881,881,880,880,880,879,879,879,878,878,877,877,877,876,876,876,875,875,875,874,874,874,873,873,873,872,872,872,871,871,871,870,870,870,870,870,870,870,870,870,871,871,871,871,871,872,872,872,872,873,873,874,874,874,875,875,876,876,877,877,878,878,879,879,880,881,881,882,882,883,884,885,885,886,887,888,888,889,890,891,892,893,894,894,895,896,897,898,899,900,901,902,903,904,905,906,907,909,910,911,912,913,914,915,916,918,919,920,921,922,924,925,926,927,929,930,931,932,934,935,936,937,939,940,941,943,944,945,947,948,949,951,952,953,954,956,957,958,960,961,963,964,966,967,969,970,972,973,975,976,977,979,980,982,983,984,986,987,988,990,991,992,994,995,996,997,998,1000,1001,1002,1003,1004,1005,1006,1007,1008,1009,1010,1011,1012,1013,1014,1014,1015,1016,1017,1017,1018,1019,1019,1020,1020,1021,1021,1022,1022,1022,1023,1023,1023,1023,1024,1024,1024,1024,1024,1024,1024,1024,1024,1024,1024,1024,1024,1024,1024,1024,1024,1024,1024,1024,1024,1024,1024,1024,1024

lead:V3
count:520
points:1024,1024,1024,1024,1025,1025,1026,1026,1027,1027,1028,1029,1030,1031,1032,1033,1034,1035,1037,1038,1039,1041,1042,1043,1045,1046,1047,1049,1050,1052,1053,1054,1055,1057,1058,1059,1060,1061,1062,1063,1064,1065,1065,1066,1067,1067,1067,1068,1068,1068,1068,1068,1068,1068,1067,1067,1067,1066,1065,1065,1064,1063,1062,1061,1060,1059,1058,1057,1055,1054,1053,1052,1050,1049,1047,1046,1045,1043,1042,1041,1039,1038,1037,1035,1034,1033,1032,1031,1030,1029,1028,1027,1027,1026,1026,1025,1025,1024,1024,1024,1024,1024,1024,1024,1024,1024,1024,1024,1024,1024,1024,1024,1024,1024,1024,1024,1024,1024,1024,1024,1024,1024,1024,1024,1024,1024,1024,1024,1024,1024,1024,1024,1024,1023,1023,1023,1023,1023,1022,1022,1022,1021,1021,1020,1019,1019,1018,1017,1016,1015,1014,1013,1012,1009,1009,1004,999,994,989,984,979,975,970,965,960,991,1022,1052,1083,1114,1145,1175,1206,1237,1268,1298,1329,1360,1391,1421,1452,1483,1514,1545,1575,1606,1637,1668,1698,1760,1760,1727,1695,1663,1631,1599,1567,1536,1505,1474,1444,1414,1385,1357,1329,1301,1275,1249,1224,1200,1176,1154,1132,1112,1092,1074,1056,1040,1024,1010,997,985,975,965,957,950,945,940,937,934,934,937,939,941,942,944,945,945,946,946,947,947,947,947,947,947,946,946,945,945,945,944,944,943,943,943,942,942,941,941,941,940,940,940,939,939,938,938,938,937,937,936,936,936,935,935,934,934,934,933,933,932,932,932,931,931,930,930,930,929,929,928,928,928,927,927,926,926,926,925,925,924,924,924,923,923,922,922,922,921,921,920,920,920,919,919,918,918,918,917,917,916,916,916,915,914,914,914,914,914,914,914,914,915,915,915,915,915,915,915,915,915,915,915,915,915,915,915,915,915,915,915,915,916,916,916,916,916,916,916,916,916,916,917,917,917,917,917,917,917,917,917,918,918,918,918,918,918,918,919,919,919,919,919,919,920,920,920,920,920,920,921,921,921,921,921,921,922,922,922,922,922,922,923,923,923,923,923,924,924,924,924,924,925,925,925,925,925,926,926,926,926,926,927,927,927,927,928,928,928,928,928,929,929,929,929,929,930,930,931,932,933,934,935,936,937,938,940,941,943,944,946,948,949,951,953,955,957,959,961,963,965,968,970,972,974,976,978,981,983,985,987,989,991,994,996,998,1000,1001,1003,1005,1007,1008,1010,1012,1013,1014,1016,1017,1018,1019,1020,1021,1022,1022,1023,1023,1024,1024,1024,1024,1024,1024,1024,1024,1024,1024,1024,1024,1024,1024,1024,1024,1024,1024,1024,1024,1024,1024,1024

lead:V4
count:520
points:1024,1024,1024,1024,1025,1025,1025,1026,1027,1027,1028,1029,1030,1031,1032,1033,1034,1035,1036,1037,1038,1040,1041,1042,1044,1045,1046,1047,1049,1050,1051,1053,1054,1055,1056,1057,1058,1059,1060,1061,1062,1062,1063,1064,1064,1065,1065,1065,1066,1066,1066,1066,1066,1065,1065,1065,1064,1064,1063,1062,1062,1061,1060,1059,1058,1057,1056,1055,1054,1053,1051,1050,1049,1047,1046,1045,1044,1042,1041,1040,1038,1037,1036,1035,1034,1033,1032,1031,1030,1029,1028,1027,1027,1026,1025,1025,1025,1024,1024,1024,1024,1024,1024,1024,1024,1024,1024,1024,1024,1024,1024,1024,1024,1024,1024,1024,1024,1024,1024,1024,1024,1024,1024,1024,1024,1024,1024,1024,1024,1024,1024,1024,1023,1023,1023,1023,1023,1022,1022,1022,1021,1021,1020,1020,1019,1018,1018,1017,1016,1014,1013,1012,1011,1007,1007,1001,995,989,983,976,970,964,958,952,946,976,1006,1037,1067,1098,1128,1158,1189,1219,1250,1280,1310,1341,1371,1401,1432,1462,1493,1523,1553,1584,1614,1645,1675,1736,1736,1707,1678,1649,1620,1592,1564,1536,1508,1481,1454,1427,1401,1376,1351,1326,1303,1279,1257,1235,1215,1195,1175,1157,1139,1123,1107,1093,1079,1066,1055,1044,1035,1026,1019,1013,1008,1004,1001,999,999,1001,1003,1004,1005,1007,1007,1008,1009,1009,1009,1009,1009,1009,1009,1009,1009,1008,1008,1007,1007,1007,1006,1006,1005,1005,1005,1004,1004,1003,1003,1003,1002,1002,1001,1001,1001,1000,1000,1000,999,999,998,998,998,997,997,996,996,996,995,995,994,994,994,993,993,992,992,992,991,991,990,990,990,989,989,988,988,988,987,987,987,986,986,985,985,985,984,984,983,983,983,982,982,981,981,981,980,980,979,979,979,978,978,977,977,977,977,977,977,977,977,976,976,976,976,975,975,975,974,974,973,973,973,972,971,971,970,970,969,968,968,967,966,966,965,964,963,963,962,961,960,959,958,957,957,956,955,954,953,952,951,950,949,948,947,946,945,944,943,942,941,940,939,938,937,937,936,935,934,933,932,931,930,929,928,928,927,926,925,924,924,923,922,921,921,920,919,919,918,918,917,916,916,916,915,915,914,914,913,913,913,913,912,912,912,912,912,912,911,911,911,911,912,912,912,913,914,914,915,916,917,919,920,921,923,924,926,928,930,932,934,936,938,940,943,945,947,950,952,955,957,960,963,965,968,970,973,975,978,981,983,986,988,990,993,995,997,1000,1002,1004,1006,1008,1009,1011,1013,1014,1016,1017,1018,1019,1020,1021,1022,1023,1023,1023,1024,1024,1024,1024,1024,1024,1024,1024,1024,1024,1024,1024,1024,1024,1024,1024,1024,1024,1024,1024,1024,1024

lead:V5
count:520
points:1024,1024,1024,1024,1025,1025,1025,1026,1026,1027,1027,1028,1028,1029,1030,1031,1032,1033,1033,1034,1035,1036,1037,1038,1039,1041,1042,1043,1044,1045,1046,1047,1048,1048,1049,1050,1051,1052,1053,1053,1054,1054,1055,1055,1056,1056,1057,1057,1057,1057,1057,1057,1057,1057,1057,1056,1056,1055,1055,1054,1054,1053,1053,1052,1051,1050,1049,1048,1048,1047,1046,1045,1044,1043,1042,1041,1039,1038,1037,1036,1035,1034,1033,1033,1032,1031,1030,1029,1028,1028,1027,1027,1026,1026,1025,1025,1025,1024,1024,1024,1024,1024,1024,1024,1024,1024,1024,1024,1024,1024,1024,1024,1024,1024,1024,1024,1024,1024,1024,1024,1024,1024,1024,1024,1024,1024,1024,1024,1024,1024,1024,1024,1024,1023,1023,1023,1023,1023,1022,1022,1022,1021,1021,1020,1019,1019,1018,1017,1016,1015,1014,1013,1012,1009,1009,1002,996,989,982,976,969,963,956,950,943,969,994,1020,1045,1070,1096,1121,1147,1172,1198,1223,1248,1274,1299,1325,1350,1375,1401,1426,1452,1477,1503,1528,1553,1604,1604,1583,1562,1541,1520,1499,1478,1458,1438,1418,1398,1379,1360,1341,1323,1305,1288,1271,1254,1238,1223,1209,1195,1181,1168,1156,1145,1134,1124,1115,1106,1099,1092,1086,1080,1076,1072,1069,1067,1065,1065,1067,1068,1069,1070,1071,1071,1072,1072,1072,1072,1072,1072,1073,1073,1072,1072,1072,1071,1071,1071,1070,1070,1070,1069,1069,1069,1068,1068,1068,1067,1067,1067,1066,1066,1066,1065,1065,1065,1064,1064,1064,1063,1063,1063,1062,1062,1062,1061,1061,1061,1060,1060,1060,1059,1059,1059,1058,1058,1058,1057,1057,1057,1056,1056,1056,1055,1055,1055,1054,1054,1054,1053,1053,1053,1052,1052,1052,1051,1051,1051,1050,1050,1050,1049,1049,1049,1048,1048,1048,1047,1047,1047,1046,1046,1045,1045,1045,1045,1045,1045,1045,1044,1044,1044,1043,1043,1042,1041,1041,1040,1039,1038,1037,1036,1035,1034,1033,1032,1030,1029,1028,1027,1025,1024,1022,1021,1019,1018,1016,1014,1013,1011,1009,1007,1006,1004,1002,1000,998,996,994,992,990,988,987,985,983,981,979,977,975,973,971,969,967,965,963,961,959,957,955,953,952,950,948,946,945,943,941,940,938,936,935,933,932,931,929,928,927,925,924,923,922,921,920,919,918,917,917,916,915,915,914,914,913,913,912,912,912,912,912,912,912,912,912,913,913,914,915,916,917,918,919,920,922,923,925,926,928,930,932,934,936,938,941,943,945,948,950,953,955,958,960,963,965,968,970,973,976,978,981,983,986,988,991,993,995,997,1000,1002,1004,1006,1008,1009,1011,1013,1014,1016,1017,1018,1019,1020,1021,1022,1023,1023,1023,1024,1024,1024,1024,1024,1024,1024,1024,1024,1024,1024,1024,1024,1024,1024,1024,1024,1024,1024,1024,1024,1024

lead:V6
count:520
points:1024,1024,1024,1024,1024,1024,1025,1025,1025,1026,1026,1026,1027,1027,1028,1028,1028,1029,1030,1030,1031,1031,1032,1032,1033,1034,1034,1035,1035,1036,1037,1037,1038,1038,1039,1039,1040,1040,1041,1041,1041,1042,1042,1042,1043,1043,1043,1043,1043,1043,1043,1043,1043,1043,1043,1043,1043,1042,1042,1042,1041,1041,1041,1040,1040,1039,1039,1038,1038,1037,1037,1036,1035,1035,1034,1034,1033,1032,1032,1031,1031,1030,1030,1029,1028,1028,1028,1027,1027,1026,1026,1026,1025,1025,1025,1024,1024,1024,1024,1024,1024,1024,1024,1024,1024,1024,1024,1024,1024,1024,1024,1024,1024,1024,1024,1024,1024,1024,1024,1024,1024,1024,1024,1024,1024,1024,1024,1024,1024,1024,1024,1024,1024,1024,1023,1023,1023,1023,1023,1022,1022,1022,1021,1021,1021,1020,1019,1019,1018,1017,1016,1015,1014,1012,1012,1006,1000,995,989,983,977,971,965,959,953,970,986,1003,1020,1036,1053,1069,1086,1103,1119,1136,1152,1169,1186,1202,1219,1235,1252,1268,1285,1302,1318,1335,1351,1385,1385,1374,1364,1354,1344,1334,1324,1314,1305,1295,1286,1276,1267,1258,1249,1241,1233,1224,1217,1209,1202,1195,1188,1181,1175,1170,1164,1159,1154,1150,1146,1142,1139,1136,1133,1131,1129,1128,1127,1126,1126,1126,1127,1127,1127,1128,1128,1128,1128,1128,1128,1128,1128,1128,1128,1128,1128,1128,1127,1127,1127,1127,1127,1126,1126,1126,1126,1126,1125,1125,1125,1125,1124,1124,1124,1124,1124,1123,1123,1123,1123,1123,1122,1122,1122,1122,1121,1121,1121,1121,1121,1120,1120,1120,1120,1119,1119,1119,1119,1119,1118,1118,1118,1118,1118,1117,1117,1117,1117,1116,1116,1116,1116,1116,1115,1115,1115,1115,1115,1114,1114,1114,1114,1113,1113,1113,1113,1113,1112,1112,1112,1112,1111,1111,1111,1111,1111,1111,1110,1110,1110,1110,1109,1109,1108,1107,1107,1106,1105,1104,1103,1102,1101,1099,1098,1097,1095,1094,1092,1090,1089,1087,1085,1083,1081,1079,1077,1075,1073,1071,1068,1066,1064,1061,1059,1056,1054,1051,1049,1046,1044,1041,1039,1036,1033,1031,1028,1025,1023,1020,1017,1014,1012,1009,1006,1004,1001,999,996,993,991,988,986,983,981,978,976,974,971,969,967,965,963,961,959,957,955,953,951,949,948,946,945,943,942,940,939,938,937,936,935,934,933,932,932,931,931,930,930,929,929,929,929,929,929,930,930,930,931,932,932,933,934,935,936,937,939,940,941,943,945,946,948,950,952,953,955,957,959,961,964,966,968,970,972,974,977,979,981,983,985,987,990,992,994,996,998,1000,1002,1003,1005,1007,1009,1010,1012,1013,1014,1016,1017,1018,1019,1020,1021,1022,1022,1023,1023,1024,1024,1024,1024,1024,1024,1024,1024,1024,1024,1024,1024,1024,1024,1024,1024,1024,1024,1024,1024,1024,1024,1024

