pathology:sablock
group:conduction
title:Sinoatrial block
name:Синоатриальная блокада
leads:12

lead:I
count:202
points:1024,1024,1024,1024,1024,1024,1024,1024,1024,1024,1024,1024,1024,1024,1024,1024,1024,1024,1024,1024,1024,1024,1024,1024,1024,1024,1024,1024,1024,1024,1024,1024,1024,1024,1024,1024,1024,1024,1024,1024,1024,1024,1024,1024,1024,1024,1024,1024,1024,1024,1024,1024,1024,1024,1024,1024,1024,1024,1024,1024,1024,1024,1024,1024,1024,1024,1024,1024,1024,1024,1024,1024,1024,1024,1024,1024,1024,1024,1024,1024,1024,1024,1024,1024,1024,1024,1024,1024,1024,1024,1024,1024,1024,1024,1024,1024,1024,1024,1024,1024,1024,1024,1024,1024,1024,1024,1024,1024,1024,1024,1024,1024,1024,1024,1024,1024,1024,1024,1024,1024,1024,1024,1024,1024,1024,1024,1024,1024,1024,1024,1024,1024,1024,1024,1024,1024,1024,1024,1024,1024,1024,1024,1024,1024,1024,1024,1024,1024,1024,1024,1024,1024,1024,1024,1024,1024,1024,1024,1024,1024,1024,1024,1024,1024,1024,1024,1024,1024,1024,1024,1024,1024,1024,1024,1024,1024,1024,1024,1024,1024,1024,1024,1024,1024,1024,1024,1024,1024,1024,1024,1024,1024,1024,1024,1024,1024,1024,1024,1024,1024,1024,1024

lead:II
count:1242
points:1024,1024,1024,1025,1026,1027,1028,1029,1030,1032,1034,1036,1038,1040,1043,1045,1048,1051,1053,1056,1059,1062,1066,1069,1072,1075,1078,1082,1085,1088,1091,1094,1097,1100,1103,1105,1108,1110,1113,1115,1117,1118,1120,1122,1123,1124,1125,1125,1126,1126,1126,1126,1126,1125,1125,1124,1123,1122,1120,1118,1117,1115,1113,1110,1108,1105,1103,1100,1097,1094,1091,1088,1085,1082,1078,1075,1072,1069,1066,1062,1059,1056,1053,1051,1048,1045,1043,1040,1038,1036,1034,1032,1030,1029,1028,1027,1026,1025,1024,1024,1024,1024,1024,1024,1024,1024,1024,1024,1024,1024,1024,1024,1024,1024,1024,1024,1024,1024,1024,1024,1024,1024,1024,1024,1024,1024,1024,1024,1024,1024,1023,1023,1023,1023,1022,1022,1021,1021,1020,1019,1018,1017,1016,1015,1013,1012,1010,1008,1006,1004,1001,998,995,988,988,983,977,971,966,960,954,949,943,937,932,958,984,1010,1036,1062,1088,1114,1140,1166,1192,1218,1244,1270,1296,1322,1348,1374,1400,1426,1452,1478,1504,1530,1556,1608,1608,1580,1553,1526,1499,1472,1445,1419,1393,1367,1341,1316,1292,1267,1244,1221,1198,1177,1155,1135,1115,1096,1078,1061,1044,1029,1014,1000,987,975,964,954,945,938,931,925,920,916,914,911,911,934,953,969,983,994,1003,1010,1015,1019,1021,1023,1024,1024,1024,1024,1024,1024,1024,1024,1024,1024,1024,1024,1024,1024,1024,1024,1024,1024,1024,1024,1024,1024,1024,1024,1024,1024,1024,1024,1024,1024,1024,1024,1024,1024,1024,1024,1024,1024,1024,1024,1024,1024,1024,1024,1024,1024,1024,1024,1024,1024,1024,1024,1024,1024,1024,1024,1024,1024,1024,1024,1024,1024,1024,1024,1024,1024,1024,1024,1024,1024,1024,1024,1024,1024,1024,1024,1024,1024,1024,1024,1024,1024,1024,1024,1024,1024,1024,1024,1025,1025,1025,1026,1026,1027,1028,1028,1029,1030,1031,1032,1033,1034,1036,1037,1038,1040,1041,1043,1044,1046,1048,1050,1051,1053,1055,1057,1059,1061,1063,1066,1068,1070,1072,1074,1077,1079,1081,1084,1086,1089,1091,1094,1096,1098,1101,1103,1106,1108,1111,1113,1116,1118,1121,1123,1126,1128,1131,1133,1136,1138,1140,1143,1145,1147,1149,1151,1154,1156,1158,1160,1162,1164,1166,1167,1169,1171,1172,1174,1176,1177,1179,1180,1181,1182,1184,1185,1186,1187,1188,1189,1189,1190,1191,1191,1192,1192,1192,1193,1193,1193,1193,1193,1193,1192,1192,1191,1190,1189,1187,1186,1184,1182,1180,1178,1176,1173,1171,1168,1165,1162,1159,1156,1153,1150,1146,1143,1139,1135,1132,1128,1124,1120,1116,1112,1108,1105,1101,1097,1093,1089,1085,1082,1078,1074,1071,1067,1064,1061,1058,1055,1052,1049,1046,1043,1041,1039,1037,1035,1033,1031,1030,1028,1027,1026,1025,1025,1024,1024,1024,1024,1024,1024,1024,1024,1024,1024,1024,1024,1024,1024,1024,1024,1024,1024,1024,1024,1024,1024,1024,1024,1024,1025,1026,1027,1028,1029,1030,1032,1034,1036,1038,1040,1043,1045,1048,1051,1053,1056,1059,1062,1066,1069,1072,1075,1078,1082,1085,1088,1091,1094,1097,1100,1103,1105,1108,1110,1113,1115,1117,1118,1120,1122,1123,1124,1125,1125,1126,1126,1126,1126,1126,1125,1125,1124,1123,1122,1120,1118,1117,1115,1113,1110,1108,1105,1103,1100,1097,1094,1091,1088,1085,1082,1078,1075,1072,1069,1066,1062,1059,1056,1053,1051,1048,1045,1043,1040,1038,1036,1034,1032,1030,1029,1028,1027,1026,1025,1024,1024,1024,1024,1024,1024,1024,1024,1024,1024,1024,1024,1024,1024,1024,1024,1024,1024,1024,1024,1024,1024,1024,1024,1024,1024,1024,1024,1024,1024,1024,1024,1023,1023,1023,1023,1022,1022,1021,1021,1020,1019,1018,1017,1016,1015,1013,1012,1010,1008,1006,1004,1001,998,995,988,988,983,977,971,966,960,954,949,943,937,932,958,984,1010,1036,1062,1088,1114,1140,1166,1192,1218,1244,1270,1296,1322,1348,1374,1400,1426,1452,1478,1504,1530,1556,1608,1608,1580,1553,1526,1499,1472,1445,1419,1393,1367,1341,1316,1292,1267,1244,1221,1198,1177,1155,1135,1115,1096,1078,1061,1044,1029,1014,1000,987,975,964,954,945,938,931,925,920,916,914,911,911,934,953,969,983,994,1003,1010,1015,1019,1021,1023,1024,1024,1024,1024,1024,1024,1024,1024,1024,1024,1024,1024,1024,1024,1024,1024,1024,1024,1024,1024,1024,1024,1024,1024,1024,1024,1024,1024,1024,1024,1024,1024,1024,1024,1024,1024,1024,1024,1024,1024,1024,1024,1024,1024,1024,1024,1024,1024,1024,1024,1024,1024,1024,1024,1024,1024,1024,1024,1024,1024,1024,1024,1024,1024,1024,1024,1024,1024,1024,1024,1024,1024,1024,1024,1024,1024,1024,1024,1024,1024,1024,1024,1024,1024,1024,1024,1024,1024,1025,1025,1025,1026,1026,1027,1028,1028,1029,1030,1031,1032,1033,1034,1036,1037,1038,1040,1041,1043,1044,1046,1048,1050,1051,1053,1055,1057,1059,1061,1063,1066,1068,1070,1072,1074,1077,1079,1081,1084,1086,1089,1091,1094,1096,1098,1101,1103,1106,1108,1111,1113,1116,1118,1121,1123,1126,1128,1131,1133,1136,1138,1140,1143,1145,1147,1149,1151,1154,1156,1158,1160,1162,1164,1166,1167,1169,1171,1172,1174,1176,1177,1179,1180,1181,1182,1184,1185,1186,1187,1188,1189,1189,1190,1191,1191,1192,1192,1192,1193,1193,1193,1193,1193,1193,1192,1192,1191,1190,1189,1187,1186,1184,1182,1180,1178,1176,1173,1171,1168,1165,1162,1159,1156,1153,1150,1146,1143,1139,1135,1132,1128,1124,1120,1116,1112,1108,1105,1101,1097,1093,1089,1085,1082,1078,1074,1071,1067,1064,1061,1058,1055,1052,1049,1046,1043,1041,1039,1037,1035,1033,1031,1030,1028,1027,1026,1025,1025,1024,1024,1024,1024,1024,1024,1024,1024,1024,1024,1024,1024,1024,1024,1024,1024,1024,1024,1024,1024,1024,1024,1024,1024,1024,1024,1024,1024,1024,1024,1024,1024,1024,1024,1024,1024,1024,1024,1024,1024,1024,1024,1024,1024,1024,1024,1024,1024,1024,1024,1024,1024,1024,1024,1024,1024,1024,1024,1024,1024,1024,1024,1024,1024,1024,1024,1024,1024,1024,1024,1024,1024,1024,1024,1024,1024,1024,1024,1024,1024,1024,1024,1024,1024,1024,1024,1024,1024,1024,1024,1024,1024,1024,1024,1024,1024,1024,1024,1024,1024,1024,1024,1024,1024,1024,1024,1024,1024,1024,1024,1024,1024,1024,1024,1024,1024,1024,1024,1024,1024,1024,1024,1024,1024,1024,1024,1024,1024,1024,1024,1024,1024,1024,1024,1024,1024,1024,1024,1024,1024,1024,1024,1024,1024,1024,1024,1024,1024,1024,1024,1024,1024,1024,1024,1024,1024,1024,1024,1024,1024,1024,1024,1024,1024,1024,1024,1024,1024,1024,1024,1024,1024,1024,1024,1024,1024,1024,1024,1024,1024,1024,1024,1024,1024,1024,1024,1024,1024,1024,1024,1024,1024,1024,1024,1024,1024,1024,1024,1024,1024,1024,1024,1024,1024,1024,1024,1024,1024,1024,1024,1024,1024,1024,1024,1024,1024,1024,1024,1024,1024,1024,1024,1024,1024

lead:III
count:1242
points:1024,1024,1024,1024,1025,1025,1025,1026,1026,1027,1027,1028,1029,1030,1030,1031,1032,1033,1034,1035,1036,1037,1039,1040,1041,1042,1043,1044,1045,1046,1047,1049,1050,1051,1052,1052,1053,1054,1055,1056,1056,1057,1058,1058,1059,1059,1059,1060,1060,1060,1060,1060,1060,1060,1059,1059,1059,1058,1058,1057,1056,1056,1055,1054,1053,1052,1052,1051,1050,1049,1047,1046,1045,1044,1043,1042,1041,1040,1039,1037,1036,1035,1034,1033,1032,1031,1030,1030,1029,1028,1027,1027,1026,1026,1025,1025,1025,1024,1024,1024,1024,1024,1024,1024,1024,1024,1024,1024,1024,1024,1024,1024,1024,1024,1024,1024,1024,1024,1024,1024,1024,1024,1024,1024,1024,1024,1024,1024,1024,1024,1024,1024,1024,1023,1023,1023,1023,1023,1022,1022,1022,1021,1021,1020,1019,1019,1018,1017,1016,1015,1014,1013,1012,1009,1009,1005,1001,998,994,991,987,984,980,976,973,982,992,1002,1011,1021,1031,1040,1050,1060,1069,1079,1089,1098,1108,1118,1127,1137,1146,1156,1166,1175,1185,1195,1204,1224,1224,1216,1209,1202,1195,1188,1181,1174,1167,1160,1153,1147,1140,1134,1127,1121,1115,1110,1104,1099,1093,1088,1084,1079,1075,1070,1067,1063,1059,1056,1053,1051,1048,1046,1044,1043,1042,1041,1040,1039,1039,1036,1034,1031,1030,1028,1027,1026,1025,1025,1024,1024,1024,1024,1024,1024,1024,1024,1024,1024,1024,1024,1024,1024,1024,1024,1024,1024,1024,1024,1024,1024,1024,1024,1024,1024,1024,1024,1024,1024,1024,1024,1024,1024,1024,1024,1024,1024,1024,1024,1024,1024,1024,1024,1024,1024,1024,1024,1024,1024,1024,1024,1024,1024,1024,1024,1024,1024,1024,1024,1024,1024,1024,1024,1024,1024,1024,1024,1024,1024,1024,1024,1024,1024,1024,1024,1024,1024,1024,1024,1024,1024,1024,1024,1024,1024,1024,1024,1024,1024,1024,1024,1024,1024,1025,1025,1025,1025,1025,1026,1026,1026,1027,1027,1027,1028,1028,1028,1029,1029,1030,1030,1031,1031,1031,1032,1033,1033,1034,1034,1035,1035,1036,1037,1037,1038,1038,1039,1040,1040,1041,1042,1042,1043,1044,1044,1045,1046,1046,1047,1048,1048,1049,1050,1050,1051,1052,1052,1053,1054,1054,1055,1056,1056,1057,1058,1058,1059,1059,1060,1060,1061,1062,1062,1063,1063,1064,1064,1064,1065,1065,1066,1066,1067,1067,1067,1068,1068,1068,1068,1069,1069,1069,1069,1069,1070,1070,1070,1070,1070,1070,1070,1070,1070,1070,1070,1070,1069,1069,1069,1069,1068,1068,1067,1067,1066,1065,1065,1064,1063,1063,1062,1061,1060,1059,1058,1057,1056,1055,1054,1053,1052,1051,1050,1049,1048,1047,1046,1045,1044,1043,1042,1041,1040,1039,1038,1037,1036,1035,1034,1033,1032,1032,1031,1030,1029,1029,1028,1027,1027,1026,1026,1026,1025,1025,1025,1024,1024,1024,1024,1024,1024,1024,1024,1024,1024,1024,1024,1024,1024,1024,1024,1024,1024,1024,1024,1024,1024,1024,1024,1024,1024,1024,1024,1025,1025,1025,1026,1026,1027,1027,1028,1029,1030,1030,1031,1032,1033,1034,1035,1036,1037,1039,1040,1041,1042,1043,1044,1045,1046,1047,1049,1050,1051,1052,1052,1053,1054,1055,1056,1056,1057,1058,1058,1059,1059,1059,1060,1060,1060,1060,1060,1060,1060,1059,1059,1059,1058,1058,1057,1056,1056,1055,1054,1053,1052,1052,1051,1050,1049,1047,1046,1045,1044,1043,1042,1041,1040,1039,1037,1036,1035,1034,1033,1032,1031,1030,1030,1029,1028,1027,1027,1026,1026,1025,1025,1025,1024,1024,1024,1024,1024,1024,1024,1024,1024,1024,1024,1024,1024,1024,1024,1024,1024,1024,1024,1024,1024,1024,1024,1024,1024,1024,1024,1024,1024,1024,1024,1024,1024,1024,1024,1024,1023,1023,1023,1023,1023,1022,1022,1022,1021,1021,1020,1019,1019,1018,1017,1016,1015,1014,1013,1012,1009,1009,1005,1001,998,994,991,987,984,980,976,973,982,992,1002,1011,1021,1031,1040,1050,1060,1069,1079,1089,1098,1108,1118,1127,1137,1146,1156,1166,1175,1185,1195,1204,1224,1224,1216,1209,1202,1195,1188,1181,1174,1167,1160,1153,1147,1140,1134,1127,1121,1115,1110,1104,1099,1093,1088,1084,1079,1075,1070,1067,1063,1059,1056,1053,1051,1048,1046,1044,1043,1042,1041,1040,1039,1039,1036,1034,1031,1030,1028,1027,1026,1025,1025,1024,1024,1024,1024,1024,1024,1024,1024,1024,1024,1024,1024,1024,1024,1024,1024,1024,1024,1024,1024,1024,1024,1024,1024,1024,1024,1024,1024,1024,1024,1024,1024,1024,1024,1024,1024,1024,1024,1024,1024,1024,1024,1024,1024,1024,1024,1024,1024,1024,1024,1024,1024,1024,1024,1024,1024,1024,1024,1024,1024,1024,1024,1024,1024,1024,1024,1024,1024,1024,1024,1024,1024,1024,1024,1024,1024,1024,1024,1024,1024,1024,1024,1024,1024,1024,1024,1024,1024,1024,1024,1024,1024,1024,1024,1025,1025,1025,1025,1025,1026,1026,1026,1027,1027,1027,1028,1028,1028,1029,1029,1030,1030,1031,1031,1031,1032,1033,1033,1034,1034,1035,1035,1036,1037,1037,1038,1038,1039,1040,1040,1041,1042,1042,1043,1044,1044,1045,1046,1046,1047,1048,1048,1049,1050,1050,1051,1052,1052,1053,1054,1054,1055,1056,1056,1057,1058,1058,1059,1059,1060,1060,1061,1062,1062,1063,1063,1064,1064,1064,1065,1065,1066,1066,1067,1067,1067,1068,1068,1068,1068,1069,1069,1069,1069,1069,1070,1070,1070,1070,1070,1070,1070,1070,1070,1070,1070,1070,1069,1069,1069,1069,1068,1068,1067,1067,1066,1065,1065,1064,1063,1063,1062,1061,1060,1059,1058,1057,1056,1055,1054,1053,1052,1051,1050,1049,1048,1047,1046,1045,1044,1043,1042,1041,1040,1039,1038,1037,1036,1035,1034,1033,1032,1032,1031,1030,1029,1029,1028,1027,1027,1026,1026,1026,1025,1025,1025,1024,1024,1024,1024,1024,1024,1024,1024,1024,1024,1024,1024,1024,1024,1024,1024,1024,1024,1024,1024,1024,1024,1024,1024,1024,1024,1024,1024,1024,1024,1024,1024,1024,1024,1024,1024,1024,1024,1024,1024,1024,1024,1024,1024,1024,1024,1024,1024,1024,1024,1024,1024,1024,1024,1024,1024,1024,1024,1024,1024,1024,1024,1024,1024,1024,1024,1024,1024,1024,1024,1024,1024,1024,1024,1024,1024,1024,1024,1024,1024,1024,1024,1024,1024,1024,1024,1024,1024,1024,1024,1024,1024,1024,1024,1024,1024,1024,1024,1024,1024,1024,1024,1024,1024,1024,1024,1024,1024,1024,1024,1024,1024,1024,1024,1024,1024,1024,1024,1024,1024,1024,1024,1024,1024,1024,1024,1024,1024,1024,1024,1024,1024,1024,1024,1024,1024,1024,1024,1024,1024,1024,1024,1024,1024,1024,1024,1024,1024,1024,1024,1024,1024,1024,1024,1024,1024,1024,1024,1024,1024,1024,1024,1024,1024,1024,1024,1024,1024,1024,1024,1024,1024,1024,1024,1024,1024,1024,1024,1024,1024,1024,1024,1024,1024,1024,1024,1024,1024,1024,1024,1024,1024,1024,1024,1024,1024,1024,1024,1024,1024,1024,1024,1024,1024,1024,1024,1024,1024,1024,1024,1024,1024,1024,1024,1024,1024,1024,1024,1024,1024,1024,1024,1024,1024,1024,1024

lead:aVR
count:1242
points:1024,1024,1024,1023,1022,1022,1021,1019,1018,1016,1015,1013,1011,1009,1006,1004,1001,999,996,993,990,987,984,981,978,975,972,969,966,963,960,957,954,952,949,947,944,942,940,938,936,934,932,931,930,929,928,927,927,927,926,927,927,927,928,929,930,931,932,934,936,938,940,942,944,947,949,952,954,957,960,963,966,969,972,975,978,981,984,987,990,993,996,999,1001,1004,1006,1009,1011,1013,1015,1016,1018,1019,1021,1022,1022,1023,1024,1024,1024,1024,1024,1024,1024,1024,1024,1024,1024,1024,1024,1024,1024,1024,1024,1024,1024,1024,1024,1024,1024,1024,1024,1024,1024,1024,1024,1024,1024,1024,1025,1025,1025,1025,1026,1026,1026,1027,1028,1028,1029,1030,1031,1032,1034,1035,1037,1038,1040,1042,1045,1047,1050,1057,1057,1061,1065,1070,1074,1079,1083,1088,1092,1096,1101,1077,1052,1028,1004,980,956,931,907,883,859,834,810,786,762,738,713,689,665,641,617,592,568,544,520,471,471,498,525,553,579,606,633,659,685,711,736,761,785,809,833,856,878,899,920,941,960,979,997,1014,1031,1046,1061,1075,1088,1099,1110,1120,1129,1137,1144,1150,1154,1158,1161,1163,1163,1135,1111,1091,1075,1061,1050,1041,1035,1030,1027,1025,1024,1024,1024,1024,1024,1024,1024,1024,1024,1024,1024,1024,1024,1024,1024,1024,1024,1024,1024,1024,1024,1024,1024,1024,1024,1024,1024,1024,1024,1024,1024,1024,1024,1024,1024,1024,1024,1024,1024,1024,1024,1024,1024,1024,1024,1024,1024,1024,1024,1024,1024,1024,1024,1024,1024,1024,1024,1024,1024,1024,1024,1024,1024,1024,1024,1024,1024,1024,1024,1024,1024,1024,1024,1024,1024,1024,1024,1024,1024,1024,1024,1024,1024,1024,1024,1024,1024,1024,1023,1023,1023,1022,1022,1021,1020,1020,1019,1018,1017,1016,1015,1014,1012,1011,1010,1008,1007,1005,1004,1002,1000,998,997,995,993,991,989,987,985,983,980,978,976,974,971,969,967,964,962,960,957,955,952,950,947,945,942,940,937,935,932,930,927,925,922,920,918,915,913,910,908,906,904,901,899,897,895,893,891,889,887,885,883,881,879,878,876,874,873,871,870,869,867,866,865,864,863,862,861,860,859,858,858,857,857,856,856,856,856,856,856,856,856,856,857,858,859,860,861,863,864,866,868,870,873,875,877,880,883,886,889,892,895,899,902,906,909,913,917,920,924,928,932,936,940,944,948,951,955,959,963,967,970,974,977,981,984,987,991,994,997,999,1002,1005,1007,1009,1011,1013,1015,1017,1018,1020,1021,1022,1023,1023,1024,1024,1024,1024,1024,1024,1024,1024,1024,1024,1024,1024,1024,1024,1024,1024,1024,1024,1024,1024,1024,1024,1024,1024,1024,1023,1022,1022,1021,1019,1018,1016,1015,1013,1011,1009,1006,1004,1001,999,996,993,990,987,984,981,978,975,972,969,966,963,960,957,954,952,949,947,944,942,940,938,936,934,932,931,930,929,928,927,927,927,926,927,927,927,928,929,930,931,932,934,936,938,940,942,944,947,949,952,954,957,960,963,966,969,972,975,978,981,984,987,990,993,996,999,1001,1004,1006,1009,1011,1013,1015,1016,1018,1019,1021,1022,1022,1023,1024,1024,1024,1024,1024,1024,1024,1024,1024,1024,1024,1024,1024,1024,1024,1024,1024,1024,1024,1024,1024,1024,1024,1024,1024,1024,1024,1024,1024,1024,1024,1024,1025,1025,1025,1025,1026,1026,1026,1027,1028,1028,1029,1030,1031,1032,1034,1035,1037,1038,1040,1042,1045,1047,1050,1057,1057,1061,1065,1070,1074,1079,1083,1088,1092,1096,1101,1077,1052,1028,1004,980,956,931,907,883,859,834,810,786,762,738,713,689,665,641,617,592,568,544,520,471,471,498,525,553,579,606,633,659,685,711,736,761,785,809,833,856,878,899,920,941,960,979,997,1014,1031,1046,1061,1075,1088,1099,1110,1120,1129,1137,1144,1150,1154,1158,1161,1163,1163,1135,1111,1091,1075,1061,1050,1041,1035,1030,1027,1025,1024,1024,1024,1024,1024,1024,1024,1024,1024,1024,1024,1024,1024,1024,1024,1024,1024,1024,1024,1024,1024,1024,1024,1024,1024,1024,1024,1024,1024,1024,1024,1024,1024,1024,1024,1024,1024,1024,1024,1024,1024,1024,1024,1024,1024,1024,1024,1024,1024,1024,1024,1024,1024,1024,1024,1024,1024,1024,1024,1024,1024,1024,1024,1024,1024,1024,1024,1024,1024,1024,1024,1024,1024,1024,1024,1024,1024,1024,1024,1024,1024,1024,1024,1024,1024,1024,1024,1024,1023,1023,1023,1022,1022,1021,1020,1020,1019,1018,1017,1016,1015,1014,1012,1011,1010,1008,1007,1005,1004,1002,1000,998,997,995,993,991,989,987,985,983,980,978,976,974,971,969,967,964,962,960,957,955,952,950,947,945,942,940,937,935,932,930,927,925,922,920,918,915,913,910,908,906,904,901,899,897,895,893,891,889,887,885,883,881,879,878,876,874,873,871,870,869,867,866,865,864,863,862,861,860,859,858,858,857,857,856,856,856,856,856,856,856,856,856,857,858,859,860,861,863,864,866,868,870,873,875,877,880,883,886,889,892,895,899,902,906,909,913,917,920,924,928,932,936,940,944,948,951,955,959,963,967,970,974,977,981,984,987,991,994,997,999,1002,1005,1007,1009,1011,1013,1015,1017,1018,1020,1021,1022,1023,1023,1024,1024,1024,1024,1024,1024,1024,1024,1024,1024,1024,1024,1024,1024,1024,1024,1024,1024,1024,1024,1024,1024,1024,1024,1024,1024,1024,1024,1024,1024,1024,1024,1024,1024,1024,1024,1024,1024,1024,1024,1024,1024,1024,1024,1024,1024,1024,1024,1024,1024,1024,1024,1024,1024,1024,1024,1024,1024,1024,1024,1024,1024,1024,1024,1024,1024,1024,1024,1024,1024,1024,1024,1024,1024,1024,1024,1024,1024,1024,1024,1024,1024,1024,1024,1024,1024,1024,1024,1024,1024,1024,1024,1024,1024,1024,1024,1024,1024,1024,1024,1024,1024,1024,1024,1024,1024,1024,1024,1024,1024,1024,1024,1024,1024,1024,1024,1024,1024,1024,1024,1024,1024,1024,1024,1024,1024,1024,1024,1024,1024,1024,1024,1024,1024,1024,1024,1024,1024,1024,1024,1024,1024,1024,1024,1024,1024,1024,1024,1024,1024,1024,1024,1024,1024,1024,1024,1024,1024,1024,1024,1024,1024,1024,1024,1024,1024,1024,1024,1024,1024,1024,1024,1024,1024,1024,1024,1024,1024,1024,1024,1024,1024,1024,1024,1024,1024,1024,1024,1024,1024,1024,1024,1024,1024,1024,1024,1024,1024,1024,1024,1024,1024,1024,1024,1024,1024,1024,1024,1024,1024,1024,1024,1024,1024,1024,1024,1024,1024,1024,1024,1024,1024,1024,1024

lead:aVL
count:1242
points:1024,1024,1024,1024,1024,1024,1025,1025,1025,1025,1026,1026,1026,1027,1027,1028,1028,1029,1029,1030,1030,1031,1031,1032,1032,1033,1033,1034,1035,1035,1036,1036,1037,1037,1038,1038,1039,1039,1039,1040,1040,1040,1041,1041,1041,1041,1041,1042,1042,1042,1042,1042,1042,1042,1041,1041,1041,1041,1041,1040,1040,1040,1039,1039,1039,1038,1038,1037,1037,1036,1036,1035,1035,1034,1033,1033,1032,1032,1031,1031,1030,1030,1029,1029,1028,1028,1027,1027,1026,1026,1026,1025,1025,1025,1025,1024,1024,1024,1024,1024,1024,1024,1024,1024,1024,1024,1024,1024,1024,1024,1024,1024,1024,1024,1024,1024,1024,1024,1024,1024,1024,1024,1024,1024,1024,1024,1024,1024,1024,1024,1024,1024,1024,1024,1024,1024,1024,1024,1024,1024,1024,1023,1023,1023,1023,1023,1023,1023,1023,1022,1022,1022,1022,1021,1021,1022,1023,1024,1025,1025,1026,1027,1028,1029,1030,1034,1037,1041,1045,1049,1052,1056,1060,1064,1067,1071,1075,1079,1082,1086,1090,1094,1097,1101,1105,1109,1112,1116,1120,1127,1127,1120,1113,1106,1098,1091,1084,1077,1070,1063,1056,1049,1043,1036,1030,1024,1018,1012,1007,1001,996,991,986,981,977,973,969,965,962,958,955,953,950,948,946,945,944,943,942,941,941,958,972,984,994,1002,1009,1014,1017,1020,1022,1023,1024,1024,1024,1024,1024,1024,1024,1024,1024,1024,1024,1024,1024,1024,1024,1024,1024,1024,1024,1024,1024,1024,1024,1024,1024,1024,1024,1024,1024,1024,1024,1024,1024,1024,1024,1024,1024,1024,1024,1024,1024,1024,1024,1024,1024,1024,1024,1024,1024,1024,1024,1024,1024,1024,1024,1024,1024,1024,1024,1024,1024,1024,1024,1024,1024,1024,1024,1024,1024,1024,1024,1024,1024,1024,1024,1024,1024,1024,1024,1024,1024,1024,1024,1024,1024,1024,1024,1024,1024,1024,1024,1024,1025,1025,1025,1025,1025,1026,1026,1026,1026,1027,1027,1027,1028,1028,1029,1029,1029,1030,1030,1031,1031,1032,1032,1033,1033,1034,1034,1035,1035,1036,1037,1037,1038,1038,1039,1040,1040,1041,1042,1042,1043,1044,1044,1045,1046,1046,1047,1047,1048,1049,1049,1050,1051,1051,1052,1053,1053,1054,1055,1055,1056,1056,1057,1057,1058,1059,1059,1060,1060,1061,1061,1062,1062,1063,1063,1063,1064,1064,1065,1065,1065,1066,1066,1066,1066,1067,1067,1067,1067,1068,1068,1068,1068,1068,1068,1068,1068,1068,1068,1068,1068,1068,1068,1068,1067,1067,1067,1066,1066,1066,1065,1064,1064,1063,1063,1062,1061,1060,1060,1059,1058,1057,1056,1055,1054,1053,1052,1051,1050,1049,1048,1047,1046,1045,1044,1043,1042,1041,1040,1039,1038,1037,1036,1035,1034,1034,1033,1032,1031,1030,1030,1029,1028,1028,1027,1027,1026,1026,1025,1025,1025,1025,1024,1024,1024,1024,1024,1024,1024,1024,1024,1024,1024,1024,1024,1024,1024,1024,1024,1024,1024,1024,1024,1024,1024,1024,1024,1024,1024,1024,1024,1024,1025,1025,1025,1025,1026,1026,1026,1027,1027,1028,1028,1029,1029,1030,1030,1031,1031,1032,1032,1033,1033,1034,1035,1035,1036,1036,1037,1037,1038,1038,1039,1039,1039,1040,1040,1040,1041,1041,1041,1041,1041,1042,1042,1042,1042,1042,1042,1042,1041,1041,1041,1041,1041,1040,1040,1040,1039,1039,1039,1038,1038,1037,1037,1036,1036,1035,1035,1034,1033,1033,1032,1032,1031,1031,1030,1030,1029,1029,1028,1028,1027,1027,1026,1026,1026,1025,1025,1025,1025,1024,1024,1024,1024,1024,1024,1024,1024,1024,1024,1024,1024,1024,1024,1024,1024,1024,1024,1024,1024,1024,1024,1024,1024,1024,1024,1024,1024,1024,1024,1024,1024,1024,1024,1024,1024,1024,1024,1024,1024,1024,1024,1024,1024,1024,1024,1023,1023,1023,1023,1023,1023,1023,1023,1022,1022,1022,1022,1021,1021,1022,1023,1024,1025,1025,1026,1027,1028,1029,1030,1034,1037,1041,1045,1049,1052,1056,1060,1064,1067,1071,1075,1079,1082,1086,1090,1094,1097,1101,1105,1109,1112,1116,1120,1127,1127,1120,1113,1106,1098,1091,1084,1077,1070,1063,1056,1049,1043,1036,1030,1024,1018,1012,1007,1001,996,991,986,981,977,973,969,965,962,958,955,953,950,948,946,945,944,943,942,941,941,958,972,984,994,1002,1009,1014,1017,1020,1022,1023,1024,1024,1024,1024,1024,1024,1024,1024,1024,1024,1024,1024,1024,1024,1024,1024,1024,1024,1024,1024,1024,1024,1024,1024,1024,1024,1024,1024,1024,1024,1024,1024,1024,1024,1024,1024,1024,1024,1024,1024,1024,1024,1024,1024,1024,1024,1024,1024,1024,1024,1024,1024,1024,1024,1024,1024,1024,1024,1024,1024,1024,1024,1024,1024,1024,1024,1024,1024,1024,1024,1024,1024,1024,1024,1024,1024,1024,1024,1024,1024,1024,1024,1024,1024,1024,1024,1024,1024,1024,1024,1024,1024,1025,1025,1025,1025,1025,1026,1026,1026,1026,1027,1027,1027,1028,1028,1029,1029,1029,1030,1030,1031,1031,1032,1032,1033,1033,1034,1034,1035,1035,1036,1037,1037,1038,1038,1039,1040,1040,1041,1042,1042,1043,1044,1044,1045,1046,1046,1047,1047,1048,1049,1049,1050,1051,1051,1052,1053,1053,1054,1055,1055,1056,1056,1057,1057,1058,1059,1059,1060,1060,1061,1061,1062,1062,1063,1063,1063,1064,1064,1065,1065,1065,1066,1066,1066,1066,1067,1067,1067,1067,1068,1068,1068,1068,1068,1068,1068,1068,1068,1068,1068,1068,1068,1068,1068,1067,1067,1067,1066,1066,1066,1065,1064,1064,1063,1063,1062,1061,1060,1060,1059,1058,1057,1056,1055,1054,1053,1052,1051,1050,1049,1048,1047,1046,1045,1044,1043,1042,1041,1040,1039,1038,1037,1036,1035,1034,1034,1033,1032,1031,1030,1030,1029,1028,1028,1027,1027,1026,1026,1025,1025,1025,1025,1024,1024,1024,1024,1024,1024,1024,1024,1024,1024,1024,1024,1024,1024,1024,1024,1024,1024,1024,1024,1024,1024,1024,1024,1024,1024,1024,1024,1024,1024,1024,1024,1024,1024,1024,1024,1024,1024,1024,1024,1024,1024,1024,1024,1024,1024,1024,1024,1024,1024,1024,1024,1024,1024,1024,1024,1024,1024,1024,1024,1024,1024,1024,1024,1024,1024,1024,1024,1024,1024,1024,1024,1024,1024,1024,1024,1024,1024,1024,1024,1024,1024,1024,1024,1024,1024,1024,1024,1024,1024,1024,1024,1024,1024,1024,1024,1024,1024,1024,1024,1024,1024,1024,1024,1024,1024,1024,1024,1024,1024,1024,1024,1024,1024,1024,1024,1024,1024,1024,1024,1024,1024,1024,1024,1024,1024,1024,1024,1024,1024,1024,1024,1024,1024,1024,1024,1024,1024,1024,1024,1024,1024,1024,1024,1024,1024,1024,1024,1024,1024,1024,1024,1024,1024,1024,1024,1024,1024,1024,1024,1024,1024,1024,1024,1024,1024,1024,1024,1024,1024,1024,1024,1024,1024,1024,1024,1024,1024,1024,1024,1024,1024,1024,1024,1024,1024,1024,1024,1024,1024,1024,1024,1024,1024,1024,1024,1024,1024,1024,1024,1024,1024,1024,1024,1024,1024,1024,1024,1024,1024,1024,1024,1024,1024,1024,1024,1024,1024,1024,1024,1024,1024,1024,1024,1024,1024

lead:aVF
count:1242
points:1024,1024,1024,1025,1025,1026,1027,1028,1029,1030,1032,1033,1035,1037,1038,1040,1043,1045,1047,1049,1052,1054,1056,1059,1061,1064,1066,1069,1071,1074,1076,1079,1081,1083,1085,1087,1089,1091,1093,1095,1096,1098,1099,1100,1101,1102,1103,1103,1103,1104,1104,1104,1103,1103,1103,1102,1101,1100,1099,1098,1096,1095,1093,1091,1089,1087,1085,1083,1081,1079,1076,1074,1071,1069,1066,1064,1061,1059,1056,1054,1052,1049,1047,1045,1043,1040,1038,1037,1035,1033,1032,1030,1029,1028,1027,1026,1025,1025,1024,1024,1024,1024,1024,1024,1024,1024,1024,1024,1024,1024,1024,1024,1024,1024,1024,1024,1024,1024,1024,1024,1024,1024,1024,1024,1024,1024,1024,1024,1024,1024,1023,1023,1023,1023,1023,1022,1022,1021,1021,1020,1019,1018,1018,1016,1015,1014,1013,1011,1009,1007,1005,1003,1000,994,994,989,984,978,973,968,963,957,952,947,941,962,982,1003,1023,1044,1064,1084,1105,1125,1146,1166,1187,1207,1228,1248,1269,1289,1310,1330,1351,1371,1391,1412,1432,1473,1473,1453,1434,1414,1394,1375,1355,1336,1317,1298,1280,1262,1244,1226,1209,1192,1176,1160,1145,1130,1116,1102,1089,1076,1064,1053,1042,1032,1023,1014,1006,999,993,987,982,978,974,971,969,968,968,979,989,997,1004,1009,1014,1017,1020,1021,1023,1023,1024,1024,1024,1024,1024,1024,1024,1024,1024,1024,1024,1024,1024,1024,1024,1024,1024,1024,1024,1024,1024,1024,1024,1024,1024,1024,1024,1024,1024,1024,1024,1024,1024,1024,1024,1024,1024,1024,1024,1024,1024,1024,1024,1024,1024,1024,1024,1024,1024,1024,1024,1024,1024,1024,1024,1024,1024,1024,1024,1024,1024,1024,1024,1024,1024,1024,1024,1024,1024,1024,1024,1024,1024,1024,1024,1024,1024,1024,1024,1024,1024,1024,1024,1024,1024,1024,1024,1024,1024,1025,1025,1025,1026,1026,1027,1027,1028,1029,1029,1030,1031,1032,1033,1034,1035,1036,1037,1038,1039,1040,1042,1043,1044,1046,1047,1048,1050,1051,1053,1055,1056,1058,1059,1061,1063,1064,1066,1068,1070,1071,1073,1075,1077,1079,1081,1082,1084,1086,1088,1090,1092,1093,1095,1097,1099,1101,1102,1104,1106,1108,1109,1111,1113,1114,1116,1118,1119,1121,1122,1124,1125,1127,1128,1129,1131,1132,1133,1134,1135,1137,1138,1139,1140,1140,1141,1142,1143,1144,1144,1145,1145,1146,1146,1147,1147,1147,1148,1148,1148,1148,1148,1148,1148,1148,1147,1147,1146,1145,1144,1143,1142,1140,1139,1137,1136,1134,1132,1130,1128,1126,1123,1121,1119,1116,1114,1111,1109,1106,1103,1100,1097,1095,1092,1089,1086,1083,1080,1078,1075,1072,1069,1066,1064,1061,1058,1056,1053,1051,1049,1046,1044,1042,1040,1038,1037,1035,1033,1032,1031,1029,1028,1027,1026,1026,1025,1025,1024,1024,1024,1024,1024,1024,1024,1024,1024,1024,1024,1024,1024,1024,1024,1024,1024,1024,1024,1024,1024,1024,1024,1024,1024,1025,1025,1026,1027,1028,1029,1030,1032,1033,1035,1037,1038,1040,1043,1045,1047,1049,1052,1054,1056,1059,1061,1064,1066,1069,1071,1074,1076,1079,1081,1083,1085,1087,1089,1091,1093,1095,1096,1098,1099,1100,1101,1102,1103,1103,1103,1104,1104,1104,1103,1103,1103,1102,1101,1100,1099,1098,1096,1095,1093,1091,1089,1087,1085,1083,1081,1079,1076,1074,1071,1069,1066,1064,1061,1059,1056,1054,1052,1049,1047,1045,1043,1040,1038,1037,1035,1033,1032,1030,1029,1028,1027,1026,1025,1025,1024,1024,1024,1024,1024,1024,1024,1024,1024,1024,1024,1024,1024,1024,1024,1024,1024,1024,1024,1024,1024,1024,1024,1024,1024,1024,1024,1024,1024,1024,1024,1024,1023,1023,1023,1023,1023,1022,1022,1021,1021,1020,1019,1018,1018,1016,1015,1014,1013,1011,1009,1007,1005,1003,1000,994,994,989,984,978,973,968,963,957,952,947,941,962,982,1003,1023,1044,1064,1084,1105,1125,1146,1166,1187,1207,1228,1248,1269,1289,1310,1330,1351,1371,1391,1412,1432,1473,1473,1453,1434,1414,1394,1375,1355,1336,1317,1298,1280,1262,1244,1226,1209,1192,1176,1160,1145,1130,1116,1102,1089,1076,1064,1053,1042,1032,1023,1014,1006,999,993,987,982,978,974,971,969,968,968,979,989,997,1004,1009,1014,1017,1020,1021,1023,1023,1024,1024,1024,1024,1024,1024,1024,1024,1024,1024,1024,1024,1024,1024,1024,1024,1024,1024,1024,1024,1024,1024,1024,1024,1024,1024,1024,1024,1024,1024,1024,1024,1024,1024,1024,1024,1024,1024,1024,1024,1024,1024,1024,1024,1024,1024,1024,1024,1024,1024,1024,1024,1024,1024,1024,1024,1024,1024,1024,1024,1024,1024,1024,1024,1024,1024,1024,1024,1024,1024,1024,1024,1024,1024,1024,1024,1024,1024,1024,1024,1024,1024,1024,1024,1024,1024,1024,1024,1024,1025,1025,1025,1026,1026,1027,1027,1028,1029,1029,1030,1031,1032,1033,1034,1035,1036,1037,1038,1039,1040,1042,1043,1044,1046,1047,1048,1050,1051,1053,1055,1056,1058,1059,1061,1063,1064,1066,1068,1070,1071,1073,1075,1077,1079,1081,1082,1084,1086,1088,1090,1092,1093,1095,1097,1099,1101,1102,1104,1106,1108,1109,1111,1113,1114,1116,1118,1119,1121,1122,1124,1125,1127,1128,1129,1131,1132,1133,1134,1135,1137,1138,1139,1140,1140,1141,1142,1143,1144,1144,1145,1145,1146,1146,1147,1147,1147,1148,1148,1148,1148,1148,1148,1148,1148,1147,1147,1146,1145,1144,1143,1142,1140,1139,1137,1136,1134,1132,1130,1128,1126,1123,1121,1119,1116,1114,1111,1109,1106,1103,1100,1097,1095,1092,1089,1086,1083,1080,1078,1075,1072,1069,1066,1064,1061,1058,1056,1053,1051,1049,1046,1044,1042,1040,1038,1037,1035,1033,1032,1031,1029,1028,1027,1026,1026,1025,1025,1024,1024,1024,1024,1024,1024,1024,1024,1024,1024,1024,1024,1024,1024,1024,1024,1024,1024,1024,1024,1024,1024,1024,1024,1024,1024,1024,1024,1024,1024,1024,1024,1024,1024,1024,1024,1024,1024,1024,1024,1024,1024,1024,1024,1024,1024,1024,1024,1024,1024,1024,1024,1024,1024,1024,1024,1024,1024,1024,1024,1024,1024,1024,1024,1024,1024,1024,1024,1024,1024,1024,1024,1024,1024,1024,1024,1024,1024,1024,1024,1024,1024,1024,1024,1024,1024,1024,1024,1024,1024,1024,1024,1024,1024,1024,1024,1024,1024,1024,1024,1024,1024,1024,1024,1024,1024,1024,1024,1024,1024,1024,1024,1024,1024,1024,1024,1024,1024,1024,1024,1024,1024,1024,1024,1024,1024,1024,1024,1024,1024,1024,1024,1024,1024,1024,1024,1024,1024,1024,1024,1024,1024,1024,1024,1024,1024,1024,1024,1024,1024,1024,1024,1024,1024,1024,1024,1024,1024,1024,1024,1024,1024,1024,1024,1024,1024,1024,1024,1024,1024,1024,1024,1024,1024,1024,1024,1024,1024,1024,1024,1024,1024,1024,1024,1024,1024,1024,1024,1024,1024,1024,1024,1024,1024,1024,1024,1024,1024,1024,1024,1024,1024,1024,1024,1024,1024,1024,1024,1024,1024,1024,1024,1024,1024,1024,1024,1024,1024,1024,1024,1024,1024,1024,1024

lead:V1
count:1242
points:1024,1024,1024,1024,1024,1025,1025,1025,1026,1026,1027,1027,1028,1028,1029,1030,1030,1031,1032,1033,1033,1034,1035,1036,1037,1038,1038,1039,1040,1041,1042,1043,1043,1044,1045,1045,1046,1047,1047,1048,1048,1049,1049,1050,1050,1050,1051,1051,1051,1051,1051,1051,1051,1051,1051,1050,1050,1050,1049,1049,1048,1048,1047,1047,1046,1045,1045,1044,1043,1043,1042,1041,1040,1039,1038,1038,1037,1036,1035,1034,1033,1033,1032,1031,1030,1030,1029,1028,1028,1027,1027,1026,1026,1025,1025,1025,1024,1024,1024,1024,1024,1024,1024,1024,1024,1024,1024,1024,1024,1024,1024,1024,1024,1024,1024,1024,1024,1024,1024,1024,1024,1024,1024,1024,1024,1024,1024,1024,1024,1024,1024,1024,1024,1024,1024,1024,1024,1024,1024,1024,1024,1024,1024,1024,1025,1025,1025,1025,1025,1025,1025,1025,1026,1026,1026,1028,1030,1032,1034,1036,1038,1040,1042,1043,1045,1042,1039,1035,1032,1028,1025,1022,1018,1015,1012,1008,1005,1001,998,995,991,988,984,981,978,974,971,967,964,957,957,944,931,917,904,891,878,865,852,840,827,815,803,791,779,768,757,747,736,726,717,707,699,690,682,674,667,660,654,648,643,638,634,630,626,623,621,619,618,617,617,698,768,827,876,916,948,973,992,1005,1015,1020,1023,1024,1024,1024,1024,1025,1025,1025,1025,1025,1026,1026,1026,1026,1026,1027,1027,1027,1027,1027,1027,1028,1028,1028,1028,1028,1029,1029,1029,1029,1029,1030,1030,1030,1030,1030,1031,1031,1031,1031,1031,1032,1032,1032,1032,1032,1033,1033,1033,1033,1033,1033,1034,1034,1034,1034,1034,1035,1035,1035,1035,1035,1036,1036,1036,1036,1036,1037,1037,1037,1037,1037,1038,1038,1038,1038,1038,1039,1039,1039,1039,1039,1040,1040,1040,1040,1040,1040,1040,1040,1041,1041,1041,1042,1042,1042,1043,1044,1044,1045,1045,1046,1047,1047,1048,1049,1050,1051,1052,1053,1054,1055,1056,1057,1058,1059,1060,1062,1063,1064,1065,1067,1068,1069,1071,1072,1073,1075,1076,1078,1079,1080,1082,1083,1085,1086,1088,1089,1091,1092,1093,1095,1096,1098,1099,1101,1102,1103,1105,1106,1108,1109,1110,1112,1113,1114,1115,1117,1118,1119,1120,1121,1122,1123,1124,1125,1126,1127,1128,1129,1130,1131,1131,1132,1133,1134,1134,1135,1135,1136,1136,1137,1137,1137,1138,1138,1138,1138,1138,1138,1138,1138,1138,1138,1137,1137,1136,1135,1134,1133,1132,1131,1130,1128,1127,1125,1123,1122,1120,1118,1116,1113,1111,1109,1107,1104,1102,1099,1097,1094,1092,1089,1086,1084,1081,1079,1076,1073,1071,1068,1066,1063,1061,1058,1056,1053,1051,1049,1047,1045,1043,1041,1039,1037,1036,1034,1033,1031,1030,1029,1028,1027,1026,1026,1025,1025,1024,1024,1024,1024,1024,1024,1024,1024,1024,1024,1024,1024,1024,1024,1024,1024,1024,1024,1024,1024,1024,1024,1024,1024,1024,1024,1024,1025,1025,1025,1026,1026,1027,1027,1028,1028,1029,1030,1030,1031,1032,1033,1033,1034,1035,1036,1037,1038,1038,1039,1040,1041,1042,1043,1043,1044,1045,1045,1046,1047,1047,1048,1048,1049,1049,1050,1050,1050,1051,1051,1051,1051,1051,1051,1051,1051,1051,1050,1050,1050,1049,1049,1048,1048,1047,1047,1046,1045,1045,1044,1043,1043,1042,1041,1040,1039,1038,1038,1037,1036,1035,1034,1033,1033,1032,1031,1030,1030,1029,1028,1028,1027,1027,1026,1026,1025,1025,1025,1024,1024,1024,1024,1024,1024,1024,1024,1024,1024,1024,1024,1024,1024,1024,1024,1024,1024,1024,1024,1024,1024,1024,1024,1024,1024,1024,1024,1024,1024,1024,1024,1024,1024,1024,1024,1024,1024,1024,1024,1024,1024,1024,1024,1024,1024,1024,1024,1025,1025,1025,1025,1025,1025,1025,1025,1026,1026,1026,1028,1030,1032,1034,1036,1038,1040,1042,1043,1045,1042,1039,1035,1032,1028,1025,1022,1018,1015,1012,1008,1005,1001,998,995,991,988,984,981,978,974,971,967,964,957,957,944,931,917,904,891,878,865,852,840,827,815,803,791,779,768,757,747,736,726,717,707,699,690,682,674,667,660,654,648,643,638,634,630,626,623,621,619,618,617,617,698,768,827,876,916,948,973,992,1005,1015,1020,1023,1024,1024,1024,1024,1025,1025,1025,1025,1025,1026,1026,1026,1026,1026,1027,1027,1027,1027,1027,1027,1028,1028,1028,1028,1028,1029,1029,1029,1029,1029,1030,1030,1030,1030,1030,1031,1031,1031,1031,1031,1032,1032,1032,1032,1032,1033,1033,1033,1033,1033,1033,1034,1034,1034,1034,1034,1035,1035,1035,1035,1035,1036,1036,1036,1036,1036,1037,1037,1037,1037,1037,1038,1038,1038,1038,1038,1039,1039,1039,1039,1039,1040,1040,1040,1040,1040,1040,1040,1040,1041,1041,1041,1042,1042,1042,1043,1044,1044,1045,1045,1046,1047,1047,1048,1049,1050,1051,1052,1053,1054,1055,1056,1057,1058,1059,1060,1062,1063,1064,1065,1067,1068,1069,1071,1072,1073,1075,1076,1078,1079,1080,1082,1083,1085,1086,1088,1089,1091,1092,1093,1095,1096,1098,1099,1101,1102,1103,1105,1106,1108,1109,1110,1112,1113,1114,1115,1117,1118,1119,1120,1121,1122,1123,1124,1125,1126,1127,1128,1129,1130,1131,1131,1132,1133,1134,1134,1135,1135,1136,1136,1137,1137,1137,1138,1138,1138,1138,1138,1138,1138,1138,1138,1138,1137,1137,1136,1135,1134,1133,1132,1131,1130,1128,1127,1125,1123,1122,1120,1118,1116,1113,1111,1109,1107,1104,1102,1099,1097,1094,1092,1089,1086,1084,1081,1079,1076,1073,1071,1068,1066,1063,1061,1058,1056,1053,1051,1049,1047,1045,1043,1041,1039,1037,1036,1034,1033,1031,1030,1029,1028,1027,1026,1026,1025,1025,1024,1024,1024,1024,1024,1024,1024,1024,1024,1024,1024,1024,1024,1024,1024,1024,1024,1024,1024,1024,1024,1024,1024,1024,1024,1024,1024,1024,1024,1024,1024,1024,1024,1024,1024,1024,1024,1024,1024,1024,1024,1024,1024,1024,1024,1024,1024,1024,1024,1024,1024,1024,1024,1024,1024,1024,1024,1024,1024,1024,1024,1024,1024,1024,1024,1024,1024,1024,1024,1024,1024,1024,1024,1024,1024,1024,1024,1024,1024,1024,1024,1024,1024,1024,1024,1024,1024,1024,1024,1024,1024,1024,1024,1024,1024,1024,1024,1024,1024,1024,1024,1024,1024,1024,1024,1024,1024,1024,1024,1024,1024,1024,1024,1024,1024,1024,1024,1024,1024,1024,1024,1024,1024,1024,1024,1024,1024,1024,1024,1024,1024,1024,1024,1024,1024,1024,1024,1024,1024,1024,1024,1024,1024,1024,1024,1024,1024,1024,1024,1024,1024,1024,1024,1024,1024,1024,1024,1024,1024,1024,1024,1024,1024,1024,1024,1024,1024,1024,1024,1024,1024,1024,1024,1024,1024,1024,1024,1024,1024,1024,1024,1024,1024,1024,1024,1024,1024,1024,1024,1024,1024,1024,1024,1024,1024,1024,1024,1024,1024,1024,1024,1024,1024,1024,1024,1024,1024,1024,1024,1024,1024,1024,1024,1024,1024,1024,1024,1024,1024,1024,1024,1024,1024,1024

lead:V2
count:1242
points:1024,1024,1024,1024,1024,1025,1025,1025,1026,1026,1027,1028,1028,1029,1030,1030,1031,1032,1033,1034,1035,1036,1036,1037,1038,1039,1040,1041,1042,1043,1044,1045,1046,1047,1048,1048,1049,1050,1051,1051,1052,1052,1053,1053,1054,1054,1054,1054,1055,1055,1055,1055,1055,1054,1054,1054,1054,1053,1053,1052,1052,1051,1051,1050,1049,1048,1048,1047,1046,1045,1044,1043,1042,1041,1040,1039,1038,1037,1036,1036,1035,1034,1033,1032,1031,1030,1030,1029,1028,1028,1027,1026,1026,1025,1025,1025,1024,1024,1024,1024,1024,1024,1024,1024,1024,1024,1024,1024,1024,1024,1024,1024,1024,1024,1024,1024,1024,1024,1024,1024,1024,1024,1024,1024,1024,1024,1024,1024,1024,1024,1024,1024,1024,1024,1024,1024,1024,1024,1024,1024,1024,1024,1024,1024,1024,1024,1024,1024,1024,1024,1024,1024,1024,1024,1024,1024,1024,1024,1024,1024,1024,1024,1024,1024,1024,1026,1029,1031,1033,1036,1038,1041,1043,1045,1048,1050,1052,1055,1057,1059,1062,1064,1067,1069,1071,1074,1076,1078,1081,1085,1085,1069,1052,1035,1018,1002,985,969,953,937,921,905,890,875,861,847,833,819,806,794,781,770,758,748,737,728,719,710,702,695,688,682,676,672,667,664,661,658,657,655,655,729,792,845,890,926,955,978,995,1007,1015,1020,1023,1024,1024,1024,1025,1025,1025,1026,1026,1026,1026,1027,1027,1027,1028,1028,1028,1029,1029,1029,1030,1030,1030,1031,1031,1031,1031,1032,1032,1032,1033,1033,1033,1034,1034,1034,1035,1035,1035,1036,1036,1036,1036,1037,1037,1037,1038,1038,1038,1039,1039,1039,1040,1040,1040,1041,1041,1041,1041,1042,1042,1042,1043,1043,1043,1044,1044,1044,1045,1045,1045,1046,1046,1046,1046,1047,1047,1047,1048,1048,1048,1049,1049,1050,1050,1050,1050,1050,1050,1050,1050,1050,1050,1051,1051,1051,1051,1051,1052,1052,1052,1053,1053,1054,1054,1054,1055,1055,1056,1056,1057,1057,1058,1058,1059,1060,1060,1061,1062,1062,1063,1064,1064,1065,1066,1066,1067,1068,1068,1069,1070,1071,1071,1072,1073,1074,1074,1075,1076,1077,1077,1078,1079,1080,1080,1081,1082,1083,1083,1084,1085,1086,1086,1087,1088,1088,1089,1090,1090,1091,1091,1092,1092,1093,1094,1094,1095,1095,1096,1096,1096,1097,1097,1098,1098,1098,1099,1099,1099,1099,1100,1100,1100,1100,1100,1101,1101,1101,1101,1101,1101,1101,1101,1100,1100,1100,1099,1099,1098,1098,1097,1096,1095,1094,1093,1092,1091,1090,1088,1087,1086,1084,1083,1081,1080,1078,1076,1075,1073,1071,1069,1068,1066,1064,1062,1061,1059,1057,1055,1054,1052,1050,1049,1047,1045,1044,1042,1041,1039,1038,1037,1035,1034,1033,1032,1031,1030,1029,1028,1027,1027,1026,1025,1025,1025,1024,1024,1024,1024,1024,1024,1024,1024,1024,1024,1024,1024,1024,1024,1024,1024,1024,1024,1024,1024,1024,1024,1024,1024,1024,1024,1024,1024,1025,1025,1025,1026,1026,1027,1028,1028,1029,1030,1030,1031,1032,1033,1034,1035,1036,1036,1037,1038,1039,1040,1041,1042,1043,1044,1045,1046,1047,1048,1048,1049,1050,1051,1051,1052,1052,1053,1053,1054,1054,1054,1054,1055,1055,1055,1055,1055,1054,1054,1054,1054,1053,1053,1052,1052,1051,1051,1050,1049,1048,1048,1047,1046,1045,1044,1043,1042,1041,1040,1039,1038,1037,1036,1036,1035,1034,1033,1032,1031,1030,1030,1029,1028,1028,1027,1026,1026,1025,1025,1025,1024,1024,1024,1024,1024,1024,1024,1024,1024,1024,1024,1024,1024,1024,1024,1024,1024,1024,1024,1024,1024,1024,1024,1024,1024,1024,1024,1024,1024,1024,1024,1024,1024,1024,1024,1024,1024,1024,1024,1024,1024,1024,1024,1024,1024,1024,1024,1024,1024,1024,1024,1024,1024,1024,1024,1024,1024,1024,1024,1024,1024,1024,1024,1024,1024,1024,1024,1024,1024,1026,1029,1031,1033,1036,1038,1041,1043,1045,1048,1050,1052,1055,1057,1059,1062,1064,1067,1069,1071,1074,1076,1078,1081,1085,1085,1069,1052,1035,1018,1002,985,969,953,937,921,905,890,875,861,847,833,819,806,794,781,770,758,748,737,728,719,710,702,695,688,682,676,672,667,664,661,658,657,655,655,729,792,845,890,926,955,978,995,1007,1015,1020,1023,1024,1024,1024,1025,1025,1025,1026,1026,1026,1026,1027,1027,1027,1028,1028,1028,1029,1029,1029,1030,1030,1030,1031,1031,1031,1031,1032,1032,1032,1033,1033,1033,1034,1034,1034,1035,1035,1035,1036,1036,1036,1036,1037,1037,1037,1038,1038,1038,1039,1039,1039,1040,1040,1040,1041,1041,1041,1041,1042,1042,1042,1043,1043,1043,1044,1044,1044,1045,1045,1045,1046,1046,1046,1046,1047,1047,1047,1048,1048,1048,1049,1049,1050,1050,1050,1050,1050,1050,1050,1050,1050,1050,1051,1051,1051,1051,1051,1052,1052,1052,1053,1053,1054,1054,1054,1055,1055,1056,1056,1057,1057,1058,1058,1059,1060,1060,1061,1062,1062,1063,1064,1064,1065,1066,1066,1067,1068,1068,1069,1070,1071,1071,1072,1073,1074,1074,1075,1076,1077,1077,1078,1079,1080,1080,1081,1082,1083,1083,1084,1085,1086,1086,1087,1088,1088,1089,1090,1090,1091,1091,1092,1092,1093,1094,1094,1095,1095,1096,1096,1096,1097,1097,1098,1098,1098,1099,1099,1099,1099,1100,1100,1100,1100,1100,1101,1101,1101,1101,1101,1101,1101,1101,1100,1100,1100,1099,1099,1098,1098,1097,1096,1095,1094,1093,1092,1091,1090,1088,1087,1086,1084,1083,1081,1080,1078,1076,1075,1073,1071,1069,1068,1066,1064,1062,1061,1059,1057,1055,1054,1052,1050,1049,1047,1045,1044,1042,1041,1039,1038,1037,1035,1034,1033,1032,1031,1030,1029,1028,1027,1027,1026,1025,1025,1025,1024,1024,1024,1024,1024,1024,1024,1024,1024,1024,1024,1024,1024,1024,1024,1024,1024,1024,1024,1024,1024,1024,1024,1024,1024,1024,1024,1024,1024,1024,1024,1024,1024,1024,1024,1024,1024,1024,1024,1024,1024,1024,1024,1024,1024,1024,1024,1024,1024,1024,1024,1024,1024,1024,1024,1024,1024,1024,1024,1024,1024,1024,1024,1024,1024,1024,1024,1024,1024,1024,1024,1024,1024,1024,1024,1024,1024,1024,1024,1024,1024,1024,1024,1024,1024,1024,1024,1024,1024,1024,1024,1024,1024,1024,1024,1024,1024,1024,1024,1024,1024,1024,1024,1024,1024,1024,1024,1024,1024,1024,1024,1024,1024,1024,1024,1024,1024,1024,1024,1024,1024,1024,1024,1024,1024,1024,1024,1024,1024,1024,1024,1024,1024,1024,1024,1024,1024,1024,1024,1024,1024,1024,1024,1024,1024,1024,1024,1024,1024,1024,1024,1024,1024,1024,1024,1024,1024,1024,1024,1024,1024,1024,1024,1024,1024,1024,1024,1024,1024,1024,1024,1024,1024,1024,1024,1024,1024,1024,1024,1024,1024,1024,1024,1024,1024,1024,1024,1024,1024,1024,1024,1024,1024,1024,1024,1024,1024,1024,1024,1024,1024,1024,1024,1024,1024,1024,1024,1024,1024,1024,1024,1024,1024,1024,1024,1024,1024,1024,1024,1024,1024,1024,1024,1024,1024

lead:V3
count:1242
points:1024,1024,1024,1025,1025,1025,1026,1027,1028,1029,1030,1031,1032,1033,1035,1036,1038,1039,1041,1042,1044,1046,1048,1049,1051,1053,1055,1057,1059,1060,1062,1064,1065,1067,1069,1070,1072,1073,1074,1076,1077,1078,1079,1079,1080,1081,1081,1082,1082,1082,1082,1082,1082,1082,1081,1081,1080,1079,1079,1078,1077,1076,1074,1073,1072,1070,1069,1067,1065,1064,1062,1060,1059,1057,1055,1053,1051,1049,1048,1046,1044,1042,1041,1039,1038,1036,1035,1033,1032,1031,1030,1029,1028,1027,1026,1025,1025,1025,1024,1024,1024,1024,1024,1024,1024,1024,1024,1024,1024,1024,1024,1024,1024,1024,1024,1024,1024,1024,1024,1024,1024,1024,1024,1024,1024,1024,1024,1024,1024,1024,1024,1024,1024,1024,1024,1024,1024,1024,1024,1024,1024,1024,1024,1024,1023,1023,1023,1023,1023,1023,1023,1023,1022,1022,1022,1020,1018,1016,1014,1012,1010,1008,1006,1005,1003,1016,1029,1042,1055,1069,1082,1095,1108,1122,1135,1148,1161,1175,1188,1201,1214,1227,1241,1254,1267,1280,1294,1307,1320,1346,1346,1317,1288,1258,1229,1200,1172,1143,1115,1087,1060,1033,1006,980,955,930,906,883,860,838,817,796,777,758,741,724,708,693,679,666,655,644,634,626,618,612,607,603,600,598,598,683,755,817,869,911,944,971,990,1005,1014,1020,1023,1024,1024,1024,1025,1025,1026,1026,1026,1027,1027,1027,1028,1028,1029,1029,1029,1030,1030,1031,1031,1031,1032,1032,1032,1033,1033,1034,1034,1034,1035,1035,1036,1036,1036,1037,1037,1037,1038,1038,1039,1039,1039,1040,1040,1040,1041,1041,1042,1042,1042,1043,1043,1044,1044,1044,1045,1045,1045,1046,1046,1047,1047,1047,1048,1048,1049,1049,1049,1050,1050,1050,1051,1051,1052,1052,1052,1053,1053,1054,1054,1054,1055,1055,1055,1056,1056,1056,1056,1056,1057,1057,1058,1059,1059,1060,1061,1062,1063,1064,1065,1066,1068,1069,1070,1072,1074,1075,1077,1079,1080,1082,1084,1086,1088,1090,1092,1094,1097,1099,1101,1103,1106,1108,1110,1113,1115,1118,1120,1123,1125,1128,1131,1133,1136,1138,1141,1144,1146,1149,1151,1154,1157,1159,1162,1164,1167,1169,1172,1174,1177,1179,1181,1184,1186,1188,1191,1193,1195,1197,1199,1201,1203,1205,1207,1209,1210,1212,1214,1215,1217,1218,1219,1221,1222,1223,1224,1225,1226,1227,1228,1229,1229,1230,1230,1231,1231,1231,1232,1232,1232,1232,1231,1231,1230,1229,1228,1226,1225,1223,1221,1219,1216,1214,1211,1208,1205,1201,1198,1194,1190,1187,1183,1178,1174,1170,1165,1161,1156,1152,1147,1142,1137,1133,1128,1123,1118,1114,1109,1104,1099,1095,1090,1086,1082,1077,1073,1069,1065,1062,1058,1054,1051,1048,1045,1042,1040,1037,1035,1033,1031,1029,1028,1027,1026,1025,1024,1024,1024,1024,1024,1024,1024,1024,1024,1024,1024,1024,1024,1024,1024,1024,1024,1024,1024,1024,1024,1024,1024,1024,1024,1025,1025,1025,1026,1027,1028,1029,1030,1031,1032,1033,1035,1036,1038,1039,1041,1042,1044,1046,1048,1049,1051,1053,1055,1057,1059,1060,1062,1064,1065,1067,1069,1070,1072,1073,1074,1076,1077,1078,1079,1079,1080,1081,1081,1082,1082,1082,1082,1082,1082,1082,1081,1081,1080,1079,1079,1078,1077,1076,1074,1073,1072,1070,1069,1067,1065,1064,1062,1060,1059,1057,1055,1053,1051,1049,1048,1046,1044,1042,1041,1039,1038,1036,1035,1033,1032,1031,1030,1029,1028,1027,1026,1025,1025,1025,1024,1024,1024,1024,1024,1024,1024,1024,1024,1024,1024,1024,1024,1024,1024,1024,1024,1024,1024,1024,1024,1024,1024,1024,1024,1024,1024,1024,1024,1024,1024,1024,1024,1024,1024,1024,1024,1024,1024,1024,1024,1024,1024,1024,1024,1024,1023,1023,1023,1023,1023,1023,1023,1023,1022,1022,1022,1020,1018,1016,1014,1012,1010,1008,1006,1005,1003,1016,1029,1042,1055,1069,1082,1095,1108,1122,1135,1148,1161,1175,1188,1201,1214,1227,1241,1254,1267,1280,1294,1307,1320,1346,1346,1317,1288,1258,1229,1200,1172,1143,1115,1087,1060,1033,1006,980,955,930,906,883,860,838,817,796,777,758,741,724,708,693,679,666,655,644,634,626,618,612,607,603,600,598,598,683,755,817,869,911,944,971,990,1005,1014,1020,1023,1024,1024,1024,1025,1025,1026,1026,1026,1027,1027,1027,1028,1028,1029,1029,1029,1030,1030,1031,1031,1031,1032,1032,1032,1033,1033,1034,1034,1034,1035,1035,1036,1036,1036,1037,1037,1037,1038,1038,1039,1039,1039,1040,1040,1040,1041,1041,1042,1042,1042,1043,1043,1044,1044,1044,1045,1045,1045,1046,1046,1047,1047,1047,1048,1048,1049,1049,1049,1050,1050,1050,1051,1051,1052,1052,1052,1053,1053,1054,1054,1054,1055,1055,1055,1056,1056,1056,1056,1056,1057,1057,1058,1059,1059,1060,1061,1062,1063,1064,1065,1066,1068,1069,1070,1072,1074,1075,1077,1079,1080,1082,1084,1086,1088,1090,1092,1094,1097,1099,1101,1103,1106,1108,1110,1113,1115,1118,1120,1123,1125,1128,1131,1133,1136,1138,1141,1144,1146,1149,1151,1154,1157,1159,1162,1164,1167,1169,1172,1174,1177,1179,1181,1184,1186,1188,1191,1193,1195,1197,1199,1201,1203,1205,1207,1209,1210,1212,1214,1215,1217,1218,1219,1221,1222,1223,1224,1225,1226,1227,1228,1229,1229,1230,1230,1231,1231,1231,1232,1232,1232,1232,1231,1231,1230,1229,1228,1226,1225,1223,1221,1219,1216,1214,1211,1208,1205,1201,1198,1194,1190,1187,1183,1178,1174,1170,1165,1161,1156,1152,1147,1142,1137,1133,1128,1123,1118,1114,1109,1104,1099,1095,1090,1086,1082,1077,1073,1069,1065,1062,1058,1054,1051,1048,1045,1042,1040,1037,1035,1033,1031,1029,1028,1027,1026,1025,1024,1024,1024,1024,1024,1024,1024,1024,1024,1024,1024,1024,1024,1024,1024,1024,1024,1024,1024,1024,1024,1024,1024,1024,1024,1024,1024,1024,1024,1024,1024,1024,1024,1024,1024,1024,1024,1024,1024,1024,1024,1024,1024,1024,1024,1024,1024,1024,1024,1024,1024,1024,1024,1024,1024,1024,1024,1024,1024,1024,1024,1024,1024,1024,1024,1024,1024,1024,1024,1024,1024,1024,1024,1024,1024,1024,1024,1024,1024,1024,1024,1024,1024,1024,1024,1024,1024,1024,1024,1024,1024,1024,1024,1024,1024,1024,1024,1024,1024,1024,1024,1024,1024,1024,1024,1024,1024,1024,1024,1024,1024,1024,1024,1024,1024,1024,1024,1024,1024,1024,1024,1024,1024,1024,1024,1024,1024,1024,1024,1024,1024,1024,1024,1024,1024,1024,1024,1024,1024,1024,1024,1024,1024,1024,1024,1024,1024,1024,1024,1024,1024,1024,1024,1024,1024,1024,1024,1024,1024,1024,1024,1024,1024,1024,1024,1024,1024,1024,1024,1024,1024,1024,1024,1024,1024,1024,1024,1024,1024,1024,1024,1024,1024,1024,1024,1024,1024,1024,1024,1024,1024,1024,1024,1024,1024,1024,1024,1024,1024,1024,1024,1024,1024,1024,1024,1024,1024,1024,1024,1024,1024,1024,1024,1024,1024,1024,1024,1024,1024,1024,1024,1024,1024,1024

lead:V4
count:1242
points:1024,1024,1024,1025,1025,1026,1026,1027,1028,1029,1030,1031,1032,1034,1035,1037,1038,1040,1042,1043,1045,1047,1049,1051,1053,1055,1057,1059,1061,1062,1064,1066,1068,1070,1071,1073,1074,1076,1077,1078,1080,1081,1082,1083,1083,1084,1085,1085,1085,1085,1086,1085,1085,1085,1085,1084,1083,1083,1082,1081,1080,1078,1077,1076,1074,1073,1071,1070,1068,1066,1064,1062,1061,1059,1057,1055,1053,1051,1049,1047,1045,1043,1042,1040,1038,1037,1035,1034,1032,1031,1030,1029,1028,1027,1026,1026,1025,1025,1024,1024,1024,1024,1024,1024,1024,1024,1024,1024,1024,1024,1024,1024,1024,1024,1024,1024,1024,1024,1024,1024,1024,1024,1024,1024,1024,1024,1024,1024,1024,1024,1024,1024,1024,1024,1024,1024,1024,1024,1024,1024,1023,1023,1023,1023,1023,1023,1023,1022,1022,1022,1022,1021,1021,1020,1020,1017,1013,1009,1006,1002,999,995,991,988,984,1003,1023,1042,1061,1080,1100,1119,1138,1157,1177,1196,1215,1234,1254,1273,1292,1311,1331,1350,1369,1389,1408,1427,1446,1485,1485,1454,1422,1391,1360,1330,1299,1269,1239,1209,1180,1151,1123,1096,1069,1042,1017,992,968,944,922,900,879,860,841,823,806,790,775,762,749,738,728,719,711,704,698,694,691,689,689,755,813,861,902,935,961,982,998,1009,1016,1021,1023,1024,1024,1024,1025,1025,1026,1026,1026,1027,1027,1028,1028,1028,1029,1029,1030,1030,1030,1031,1031,1032,1032,1032,1033,1033,1034,1034,1034,1035,1035,1036,1036,1036,1037,1037,1038,1038,1038,1039,1039,1039,1040,1040,1041,1041,1041,1042,1042,1043,1043,1043,1044,1044,1045,1045,1045,1046,1046,1047,1047,1047,1048,1048,1049,1049,1049,1050,1050,1051,1051,1051,1052,1052,1053,1053,1053,1054,1054,1055,1055,1055,1056,1057,1057,1057,1057,1057,1057,1058,1058,1058,1059,1060,1060,1061,1062,1063,1064,1065,1066,1068,1069,1070,1072,1073,1075,1076,1078,1080,1082,1083,1085,1087,1089,1091,1094,1096,1098,1100,1102,1105,1107,1109,1112,1114,1117,1119,1122,1124,1127,1130,1132,1135,1137,1140,1143,1145,1148,1150,1153,1156,1158,1161,1163,1166,1169,1171,1174,1176,1178,1181,1183,1186,1188,1190,1192,1195,1197,1199,1201,1203,1205,1207,1209,1211,1212,1214,1216,1217,1219,1220,1221,1223,1224,1225,1226,1227,1228,1229,1230,1231,1231,1232,1232,1233,1233,1233,1234,1234,1234,1234,1233,1233,1232,1231,1230,1228,1227,1225,1223,1221,1218,1215,1213,1210,1206,1203,1200,1196,1192,1188,1184,1180,1176,1171,1167,1162,1158,1153,1148,1143,1139,1134,1129,1124,1119,1114,1110,1105,1100,1096,1091,1087,1082,1078,1074,1070,1066,1062,1058,1055,1051,1048,1045,1042,1040,1037,1035,1033,1031,1029,1028,1027,1026,1025,1024,1024,1024,1024,1024,1024,1024,1024,1024,1024,1024,1024,1024,1024,1024,1024,1024,1024,1024,1024,1024,1024,1024,1024,1024,1025,1025,1026,1026,1027,1028,1029,1030,1031,1032,1034,1035,1037,1038,1040,1042,1043,1045,1047,1049,1051,1053,1055,1057,1059,1061,1062,1064,1066,1068,1070,1071,1073,1074,1076,1077,1078,1080,1081,1082,1083,1083,1084,1085,1085,1085,1085,1086,1085,1085,1085,1085,1084,1083,1083,1082,1081,1080,1078,1077,1076,1074,1073,1071,1070,1068,1066,1064,1062,1061,1059,1057,1055,1053,1051,1049,1047,1045,1043,1042,1040,1038,1037,1035,1034,1032,1031,1030,1029,1028,1027,1026,1026,1025,1025,1024,1024,1024,1024,1024,1024,1024,1024,1024,1024,1024,1024,1024,1024,1024,1024,1024,1024,1024,1024,1024,1024,1024,1024,1024,1024,1024,1024,1024,1024,1024,1024,1024,1024,1024,1024,1024,1024,1024,1024,1024,1024,1023,1023,1023,1023,1023,1023,1023,1022,1022,1022,1022,1021,1021,1020,1020,1017,1013,1009,1006,1002,999,995,991,988,984,1003,1023,1042,1061,1080,1100,1119,1138,1157,1177,1196,1215,1234,1254,1273,1292,1311,1331,1350,1369,1389,1408,1427,1446,1485,1485,1454,1422,1391,1360,1330,1299,1269,1239,1209,1180,1151,1123,1096,1069,1042,1017,992,968,944,922,900,879,860,841,823,806,790,775,762,749,738,728,719,711,704,698,694,691,689,689,755,813,861,902,935,961,982,998,1009,1016,1021,1023,1024,1024,1024,1025,1025,1026,1026,1026,1027,1027,1028,1028,1028,1029,1029,1030,1030,1030,1031,1031,1032,1032,1032,1033,1033,1034,1034,1034,1035,1035,1036,1036,1036,1037,1037,1038,1038,1038,1039,1039,1039,1040,1040,1041,1041,1041,1042,1042,1043,1043,1043,1044,1044,1045,1045,1045,1046,1046,1047,1047,1047,1048,1048,1049,1049,1049,1050,1050,1051,1051,1051,1052,1052,1053,1053,1053,1054,1054,1055,1055,1055,1056,1057,1057,1057,1057,1057,1057,1058,1058,1058,1059,1060,1060,1061,1062,1063,1064,1065,1066,1068,1069,1070,1072,1073,1075,1076,1078,1080,1082,1083,1085,1087,1089,1091,1094,1096,1098,1100,1102,1105,1107,1109,1112,1114,1117,1119,1122,1124,1127,1130,1132,1135,1137,1140,1143,1145,1148,1150,1153,1156,1158,1161,1163,1166,1169,1171,1174,1176,1178,1181,1183,1186,1188,1190,1192,1195,1197,1199,1201,1203,1205,1207,1209,1211,1212,1214,1216,1217,1219,1220,1221,1223,1224,1225,1226,1227,1228,1229,1230,1231,1231,1232,1232,1233,1233,1233,1234,1234,1234,1234,1233,1233,1232,1231,1230,1228,1227,1225,1223,1221,1218,1215,1213,1210,1206,1203,1200,1196,1192,1188,1184,1180,1176,1171,1167,1162,1158,1153,1148,1143,1139,1134,1129,1124,1119,1114,1110,1105,1100,1096,1091,1087,1082,1078,1074,1070,1066,1062,1058,1055,1051,1048,1045,1042,1040,1037,1035,1033,1031,1029,1028,1027,1026,1025,1024,1024,1024,1024,1024,1024,1024,1024,1024,1024,1024,1024,1024,1024,1024,1024,1024,1024,1024,1024,1024,1024,1024,1024,1024,1024,1024,1024,1024,1024,1024,1024,1024,1024,1024,1024,1024,1024,1024,1024,1024,1024,1024,1024,1024,1024,1024,1024,1024,1024,1024,1024,1024,1024,1024,1024,1024,1024,1024,1024,1024,1024,1024,1024,1024,1024,1024,1024,1024,1024,1024,1024,1024,1024,1024,1024,1024,1024,1024,1024,1024,1024,1024,1024,1024,1024,1024,1024,1024,1024,1024,1024,1024,1024,1024,1024,1024,1024,1024,1024,1024,1024,1024,1024,1024,1024,1024,1024,1024,1024,1024,1024,1024,1024,1024,1024,1024,1024,1024,1024,1024,1024,1024,1024,1024,1024,1024,1024,1024,1024,1024,1024,1024,1024,1024,1024,1024,1024,1024,1024,1024,1024,1024,1024,1024,1024,1024,1024,1024,1024,1024,1024,1024,1024,1024,1024,1024,1024,1024,1024,1024,1024,1024,1024,1024,1024,1024,1024,1024,1024,1024,1024,1024,1024,1024,1024,1024,1024,1024,1024,1024,1024,1024,1024,1024,1024,1024,1024,1024,1024,1024,1024,1024,1024,1024,1024,1024,1024,1024,1024,1024,1024,1024,1024,1024,1024,1024,1024,1024,1024,1024,1024,1024,1024,1024,1024,1024,1024,1024,1024,1024,1024,1024,1024

lead:V5
count:1242
points:1024,1024,1024,1024,1025,1025,1026,1027,1027,1028,1029,1030,1032,1033,1034,1035,1037,1038,1040,1042,1043,1045,1047,1048,1050,1052,1053,1055,1057,1059,1060,1062,1064,1065,1067,1068,1069,1071,1072,1073,1074,1075,1076,1077,1077,1078,1079,1079,1079,1079,1079,1079,1079,1079,1079,1078,1077,1077,1076,1075,1074,1073,1072,1071,1069,1068,1067,1065,1064,1062,1060,1059,1057,1055,1053,1052,1050,1048,1047,1045,1043,1042,1040,1038,1037,1035,1034,1033,1032,1030,1029,1028,1027,1027,1026,1025,1025,1024,1024,1024,1024,1024,1024,1024,1024,1024,1024,1024,1024,1024,1024,1024,1024,1024,1024,1024,1024,1024,1024,1024,1024,1024,1024,1024,1024,1024,1024,1024,1024,1024,1024,1024,1024,1024,1024,1024,1024,1024,1023,1023,1023,1023,1023,1023,1023,1022,1022,1022,1022,1021,1021,1021,1020,1019,1019,1015,1010,1005,1000,996,991,986,981,977,972,994,1016,1039,1061,1083,1105,1128,1150,1172,1194,1217,1239,1261,1283,1306,1328,1350,1372,1395,1417,1439,1461,1484,1506,1550,1550,1522,1494,1465,1437,1409,1382,1354,1327,1301,1274,1248,1223,1198,1173,1149,1126,1104,1082,1060,1040,1020,1002,984,966,950,935,921,907,895,884,873,864,856,849,843,838,834,831,829,829,868,901,929,953,972,988,1000,1009,1015,1019,1022,1023,1024,1024,1024,1025,1025,1025,1026,1026,1026,1027,1027,1027,1028,1028,1029,1029,1029,1030,1030,1030,1031,1031,1031,1032,1032,1032,1033,1033,1033,1034,1034,1034,1035,1035,1036,1036,1036,1037,1037,1037,1038,1038,1038,1039,1039,1039,1040,1040,1040,1041,1041,1041,1042,1042,1043,1043,1043,1044,1044,1044,1045,1045,1045,1046,1046,1046,1047,1047,1047,1048,1048,1048,1049,1049,1050,1050,1050,1051,1051,1051,1052,1052,1053,1053,1053,1053,1053,1053,1054,1054,1054,1055,1055,1056,1057,1057,1058,1059,1060,1061,1062,1063,1064,1066,1067,1068,1070,1071,1073,1074,1076,1077,1079,1081,1082,1084,1086,1088,1090,1092,1094,1096,1098,1100,1102,1104,1106,1108,1111,1113,1115,1117,1119,1122,1124,1126,1128,1131,1133,1135,1137,1140,1142,1144,1146,1148,1150,1153,1155,1157,1159,1161,1163,1165,1167,1169,1171,1172,1174,1176,1178,1179,1181,1183,1184,1186,1187,1188,1190,1191,1192,1193,1195,1196,1197,1198,1198,1199,1200,1201,1201,1202,1202,1203,1203,1203,1204,1204,1204,1204,1204,1204,1203,1202,1202,1201,1199,1198,1196,1195,1193,1191,1188,1186,1183,1181,1178,1175,1171,1168,1165,1161,1158,1154,1150,1147,1143,1139,1135,1131,1126,1122,1118,1114,1110,1106,1102,1097,1093,1089,1085,1081,1078,1074,1070,1067,1063,1060,1057,1053,1050,1047,1045,1042,1040,1037,1035,1033,1032,1030,1029,1027,1026,1026,1025,1024,1024,1024,1024,1024,1024,1024,1024,1024,1024,1024,1024,1024,1024,1024,1024,1024,1024,1024,1024,1024,1024,1024,1024,1024,1024,1025,1025,1026,1027,1027,1028,1029,1030,1032,1033,1034,1035,1037,1038,1040,1042,1043,1045,1047,1048,1050,1052,1053,1055,1057,1059,1060,1062,1064,1065,1067,1068,1069,1071,1072,1073,1074,1075,1076,1077,1077,1078,1079,1079,1079,1079,1079,1079,1079,1079,1079,1078,1077,1077,1076,1075,1074,1073,1072,1071,1069,1068,1067,1065,1064,1062,1060,1059,1057,1055,1053,1052,1050,1048,1047,1045,1043,1042,1040,1038,1037,1035,1034,1033,1032,1030,1029,1028,1027,1027,1026,1025,1025,1024,1024,1024,1024,1024,1024,1024,1024,1024,1024,1024,1024,1024,1024,1024,1024,1024,1024,1024,1024,1024,1024,1024,1024,1024,1024,1024,1024,1024,1024,1024,1024,1024,1024,1024,1024,1024,1024,1024,1024,1024,1023,1023,1023,1023,1023,1023,1023,1022,1022,1022,1022,1021,1021,1021,1020,1019,1019,1015,1010,1005,1000,996,991,986,981,977,972,994,1016,1039,1061,1083,1105,1128,1150,1172,1194,1217,1239,1261,1283,1306,1328,1350,1372,1395,1417,1439,1461,1484,1506,1550,1550,1522,1494,1465,1437,1409,1382,1354,1327,1301,1274,1248,1223,1198,1173,1149,1126,1104,1082,1060,1040,1020,1002,984,966,950,935,921,907,895,884,873,864,856,849,843,838,834,831,829,829,868,901,929,953,972,988,1000,1009,1015,1019,1022,1023,1024,1024,1024,1025,1025,1025,1026,1026,1026,1027,1027,1027,1028,1028,1029,1029,1029,1030,1030,1030,1031,1031,1031,1032,1032,1032,1033,1033,1033,1034,1034,1034,1035,1035,1036,1036,1036,1037,1037,1037,1038,1038,1038,1039,1039,1039,1040,1040,1040,1041,1041,1041,1042,1042,1043,1043,1043,1044,1044,1044,1045,1045,1045,1046,1046,1046,1047,1047,1047,1048,1048,1048,1049,1049,1050,1050,1050,1051,1051,1051,1052,1052,1053,1053,1053,1053,1053,1053,1054,1054,1054,1055,1055,1056,1057,1057,1058,1059,1060,1061,1062,1063,1064,1066,1067,1068,1070,1071,1073,1074,1076,1077,1079,1081,1082,1084,1086,1088,1090,1092,1094,1096,1098,1100,1102,1104,1106,1108,1111,1113,1115,1117,1119,1122,1124,1126,1128,1131,1133,1135,1137,1140,1142,1144,1146,1148,1150,1153,1155,1157,1159,1161,1163,1165,1167,1169,1171,1172,1174,1176,1178,1179,1181,1183,1184,1186,1187,1188,1190,1191,1192,1193,1195,1196,1197,1198,1198,1199,1200,1201,1201,1202,1202,1203,1203,1203,1204,1204,1204,1204,1204,1204,1203,1202,1202,1201,1199,1198,1196,1195,1193,1191,1188,1186,1183,1181,1178,1175,1171,1168,1165,1161,1158,1154,1150,1147,1143,1139,1135,1131,1126,1122,1118,1114,1110,1106,1102,1097,1093,1089,1085,1081,1078,1074,1070,1067,1063,1060,1057,1053,1050,1047,1045,1042,1040,1037,1035,1033,1032,1030,1029,1027,1026,1026,1025,1024,1024,1024,1024,1024,1024,1024,1024,1024,1024,1024,1024,1024,1024,1024,1024,1024,1024,1024,1024,1024,1024,1024,1024,1024,1024,1024,1024,1024,1024,1024,1024,1024,1024,1024,1024,1024,1024,1024,1024,1024,1024,1024,1024,1024,1024,1024,1024,1024,1024,1024,1024,1024,1024,1024,1024,1024,1024,1024,1024,1024,1024,1024,1024,1024,1024,1024,1024,1024,1024,1024,1024,1024,1024,1024,1024,1024,1024,1024,1024,1024,1024,1024,1024,1024,1024,1024,1024,1024,1024,1024,1024,1024,1024,1024,1024,1024,1024,1024,1024,1024,1024,1024,1024,1024,1024,1024,1024,1024,1024,1024,1024,1024,1024,1024,1024,1024,1024,1024,1024,1024,1024,1024,1024,1024,1024,1024,1024,1024,1024,1024,1024,1024,1024,1024,1024,1024,1024,1024,1024,1024,1024,1024,1024,1024,1024,1024,1024,1024,1024,1024,1024,1024,1024,1024,1024,1024,1024,1024,1024,1024,1024,1024,1024,1024,1024,1024,1024,1024,1024,1024,1024,1024,1024,1024,1024,1024,1024,1024,1024,1024,1024,1024,1024,1024,1024,1024,1024,1024,1024,1024,1024,1024,1024,1024,1024,1024,1024,1024,1024,1024,1024,1024,1024,1024,1024,1024,1024,1024,1024,1024,1024,1024,1024,1024,1024,1024,1024,1024,1024,1024,1024,1024,1024

lead:V6
count:1242
points:1024,1024,1024,1024,1024,1025,1025,1025,1026,1026,1027,1028,1028,1029,1030,1030,1031,1032,1033,1034,1035,1036,1036,1037,1038,1039,1040,1041,1042,1043,1044,1045,1046,1047,1048,1048,1049,1050,1051,1051,1052,1052,1053,1053,1054,1054,1054,1054,1055,1055,1055,1055,1055,1054,1054,1054,1054,1053,1053,1052,1052,1051,1051,1050,1049,1048,1048,1047,1046,1045,1044,1043,1042,1041,1040,1039,1038,1037,1036,1036,1035,1034,1033,1032,1031,1030,1030,1029,1028,1028,1027,1026,1026,1025,1025,1025,1024,1024,1024,1024,1024,1024,1024,1024,1024,1024,1024,1024,1024,1024,1024,1024,1024,1024,1024,1024,1024,1024,1024,1024,1024,1024,1024,1024,1024,1024,1024,1024,1024,1024,1024,1024,1024,1024,1024,1024,1024,1024,1023,1023,1023,1023,1023,1023,1022,1022,1022,1022,1021,1021,1021,1020,1020,1019,1019,1014,1009,1004,998,993,988,983,978,973,968,986,1004,1021,1039,1057,1075,1093,1111,1129,1147,1165,1183,1201,1219,1236,1254,1272,1290,1308,1326,1344,1362,1380,1398,1434,1434,1417,1399,1382,1366,1349,1332,1315,1299,1283,1267,1251,1236,1221,1206,1192,1178,1164,1151,1138,1126,1114,1103,1092,1082,1072,1063,1054,1046,1038,1032,1025,1020,1015,1010,1007,1004,1001,1000,998,998,1004,1008,1012,1015,1017,1019,1021,1022,1023,1023,1024,1024,1024,1024,1024,1024,1025,1025,1025,1025,1026,1026,1026,1026,1027,1027,1027,1027,1028,1028,1028,1028,1029,1029,1029,1029,1030,1030,1030,1030,1031,1031,1031,1031,1032,1032,1032,1032,1033,1033,1033,1033,1034,1034,1034,1034,1035,1035,1035,1035,1036,1036,1036,1036,1037,1037,1037,1037,1038,1038,1038,1038,1039,1039,1039,1039,1040,1040,1040,1040,1041,1041,1041,1041,1042,1042,1042,1042,1043,1043,1043,1043,1044,1044,1044,1044,1045,1045,1045,1045,1045,1045,1045,1046,1046,1046,1047,1047,1048,1048,1049,1050,1050,1051,1052,1052,1053,1054,1055,1056,1057,1057,1058,1059,1060,1062,1063,1064,1065,1066,1067,1068,1070,1071,1072,1073,1075,1076,1077,1078,1080,1081,1082,1084,1085,1086,1088,1089,1091,1092,1093,1095,1096,1097,1099,1100,1101,1103,1104,1105,1107,1108,1109,1110,1112,1113,1114,1115,1116,1117,1119,1120,1121,1122,1123,1124,1125,1125,1126,1127,1128,1129,1130,1130,1131,1132,1132,1133,1133,1134,1134,1135,1135,1135,1136,1136,1136,1136,1136,1137,1137,1137,1137,1136,1136,1136,1135,1134,1134,1133,1132,1131,1130,1128,1127,1125,1124,1122,1120,1118,1116,1114,1112,1110,1108,1105,1103,1101,1098,1096,1093,1091,1088,1086,1083,1080,1078,1075,1073,1070,1067,1065,1062,1060,1058,1055,1053,1051,1048,1046,1044,1042,1040,1039,1037,1035,1034,1032,1031,1030,1029,1028,1027,1026,1025,1025,1025,1024,1024,1024,1024,1024,1024,1024,1024,1024,1024,1024,1024,1024,1024,1024,1024,1024,1024,1024,1024,1024,1024,1024,1024,1024,1024,1024,1025,1025,1025,1026,1026,1027,1028,1028,1029,1030,1030,1031,1032,1033,1034,1035,1036,1036,1037,1038,1039,1040,1041,1042,1043,1044,1045,1046,1047,1048,1048,1049,1050,1051,1051,1052,1052,1053,1053,1054,1054,1054,1054,1055,1055,1055,1055,1055,1054,1054,1054,1054,1053,1053,1052,1052,1051,1051,1050,1049,1048,1048,1047,1046,1045,1044,1043,1042,1041,1040,1039,1038,1037,1036,1036,1035,1034,1033,1032,1031,1030,1030,1029,1028,1028,1027,1026,1026,1025,1025,1025,1024,1024,1024,1024,1024,1024,1024,1024,1024,1024,1024,1024,1024,1024,1024,1024,1024,1024,1024,1024,1024,1024,1024,1024,1024,1024,1024,1024,1024,1024,1024,1024,1024,1024,1024,1024,1024,1024,1024,1024,1024,1024,1023,1023,1023,1023,1023,1023,1022,1022,1022,1022,1021,1021,1021,1020,1020,1019,1019,1014,1009,1004,998,993,988,983,978,973,968,986,1004,1021,1039,1057,1075,1093,1111,1129,1147,1165,1183,1201,1219,1236,1254,1272,1290,1308,1326,1344,1362,1380,1398,1434,1434,1417,1399,1382,1366,1349,1332,1315,1299,1283,1267,1251,1236,1221,1206,1192,1178,1164,1151,1138,1126,1114,1103,1092,1082,1072,1063,1054,1046,1038,1032,1025,1020,1015,1010,1007,1004,1001,1000,998,998,1004,1008,1012,1015,1017,1019,1021,1022,1023,1023,1024,1024,1024,1024,1024,1024,1025,1025,1025,1025,1026,1026,1026,1026,1027,1027,1027,1027,1028,1028,1028,1028,1029,1029,1029,1029,1030,1030,1030,1030,1031,1031,1031,1031,1032,1032,1032,1032,1033,1033,1033,1033,1034,1034,1034,1034,1035,1035,1035,1035,1036,1036,1036,1036,1037,1037,1037,1037,1038,1038,1038,1038,1039,1039,1039,1039,1040,1040,1040,1040,1041,1041,1041,1041,1042,1042,1042,1042,1043,1043,1043,1043,1044,1044,1044,1044,1045,1045,1045,1045,1045,1045,1045,1046,1046,1046,1047,1047,1048,1048,1049,1050,1050,1051,1052,1052,1053,1054,1055,1056,1057,1057,1058,1059,1060,1062,1063,1064,1065,1066,1067,1068,1070,1071,1072,1073,1075,1076,1077,1078,1080,1081,1082,1084,1085,1086,1088,1089,1091,1092,1093,1095,1096,1097,1099,1100,1101,1103,1104,1105,1107,1108,1109,1110,1112,1113,1114,1115,1116,1117,1119,1120,1121,1122,1123,1124,1125,1125,1126,1127,1128,1129,1130,1130,1131,1132,1132,1133,1133,1134,1134,1135,1135,1135,1136,1136,1136,1136,1136,1137,1137,1137,1137,1136,1136,1136,1135,1134,1134,1133,1132,1131,1130,1128,1127,1125,1124,1122,1120,1118,1116,1114,1112,1110,1108,1105,1103,1101,1098,1096,1093,1091,1088,1086,1083,1080,1078,1075,1073,1070,1067,1065,1062,1060,1058,1055,1053,1051,1048,1046,1044,1042,1040,1039,1037,1035,1034,1032,1031,1030,1029,1028,1027,1026,1025,1025,1025,1024,1024,1024,1024,1024,1024,1024,1024,1024,1024,1024,1024,1024,1024,1024,1024,1024,1024,1024,1024,1024,1024,1024,1024,1024,1024,1024,1024,1024,1024,1024,1024,1024,1024,1024,1024,1024,1024,1024,1024,1024,1024,1024,1024,1024,1024,1024,1024,1024,1024,1024,1024,1024,1024,1024,1024,1024,1024,1024,1024,1024,1024,1024,1024,1024,1024,1024,1024,1024,1024,1024,1024,1024,1024,1024,1024,1024,1024,1024,1024,1024,1024,1024,1024,1024,1024,1024,1024,1024,1024,1024,1024,1024,1024,1024,1024,1024,1024,1024,1024,1024,1024,1024,1024,1024,1024,1024,1024,1024,1024,1024,1024,1024,1024,1024,1024,1024,1024,1024,1024,1024,1024,1024,1024,1024,1024,1024,1024,1024,1024,1024,1024,1024,1024,1024,1024,1024,1024,1024,1024,1024,1024,1024,1024,1024,1024,1024,1024,1024,1024,1024,1024,1024,1024,1024,1024,1024,1024,1024,1024,1024,1024,1024,1024,1024,1024,1024,1024,1024,1024,1024,1024,1024,1024,1024,1024,1024,1024,1024,1024,1024,1024,1024,1024,1024,1024,1024,1024,1024,1024,1024,1024,1024,1024,1024,1024,1024,1024,1024,1024,1024,1024,1024,1024,1024,1024,1024,1024,1024,1024,1024,1024,1024,1024,1024,1024,1024,1024,1024,1024,1024,1024,1024,1024

