pathology:sin
group:sinus
title:Sinus Rhythm aVF ES2
name:Синусовый ритм
leads:12

lead:I
count:340
points:1024,1024,1024,1024,1024,1024,1024,1024,1024,1024,1024,1024,1025,1026,1028,1030,1032,1035,1038,1042,1046,1050,1055,1060,1065,1070,1076,1082,1088,1094,1100,1106,1112,1118,1124,1130,1136,1141,1147,1152,1157,1162,1166,1170,1174,1177,1180,1182,1184,1186,1187,1188,1188,1187,1186,1184,1182,1178,1174,1169,1164,1158,1151,1145,1137,1130,1122,1114,1106,1098,1090,1082,1075,1067,1060,1054,1048,1043,1038,1034,1030,1028,1026,1024,1024,1024,1024,1023,1022,1021,1020,1018,1017,1015,1013,1010,1008,1006,1003,1001,998,996,993,991,989,986,984,982,980,979,977,976,975,974,973,973,973,973,973,973,973,974,974,975,976,976,977,978,979,980,981,982,983,984,986,987,988,990,991,992,994,995,997,998,1000,1001,1003,1004,1006,1007,1009,1010,1011,1012,1014,1015,1016,1017,1018,1019,1020,1021,1021,1022,1022,1023,1023,1024,1024,1024,1024,1024,1024,1024,1024,1024,1024,1024,1024,1024,1024,1024,1025,1026,1028,1030,1032,1035,1038,1042,1046,1050,1055,1060,1065,1070,1076,1082,1088,1094,1100,1106,1112,1118,1124,1130,1136,1141,1147,1152,1157,1162,1166,1170,1174,1177,1180,1182,1184,1186,1187,1188,1188,1187,1186,1184,1182,1178,1174,1169,1164,1158,1151,1145,1137,1130,1122,1114,1106,1098,1090,1082,1075,1067,1060,1054,1048,1043,1038,1034,1030,1028,1026,1024,1024,1024,1024,1023,1022,1021,1020,1018,1017,1015,1013,1010,1008,1006,1003,1001,998,996,993,991,989,986,984,982,980,979,977,976,975,974,973,973,973,973,973,973,973,974,974,975,976,976,977,978,979,980,981,982,983,984,986,987,988,990,991,992,994,995,997,998,1000,1001,1003,1004,1006,1007,1009,1010,1011,1012,1014,1015,1016,1017,1018,1019,1020,1021,1021,1022,1022,1023,1023,1024,1024,1024

lead:II
count:860
points:1024,1024,1024,1025,1026,1027,1028,1029,1030,1032,1034,1036,1038,1040,1043,1045,1048,1051,1053,1056,1059,1062,1066,1069,1072,1075,1078,1082,1085,1088,1091,1094,1097,1100,1103,1105,1108,1110,1113,1115,1117,1118,1120,1122,1123,1124,1125,1125,1126,1126,1126,1126,1126,1125,1125,1124,1123,1122,1120,1118,1117,1115,1113,1110,1108,1105,1103,1100,1097,1094,1091,1088,1085,1082,1078,1075,1072,1069,1066,1062,1059,1056,1053,1051,1048,1045,1043,1040,1038,1036,1034,1032,1030,1029,1028,1027,1026,1025,1024,1024,1024,1024,1024,1024,1024,1024,1024,1024,1024,1024,1024,1024,1024,1024,1024,1024,1024,1024,1024,1024,1024,1024,1024,1024,1024,1024,1024,1024,1024,1024,1023,1023,1023,1023,1022,1022,1021,1021,1020,1019,1018,1017,1016,1015,1013,1012,1010,1008,1006,1004,1001,998,995,988,988,983,977,971,966,960,954,949,943,937,932,958,984,1010,1036,1062,1088,1114,1140,1166,1192,1218,1244,1270,1296,1322,1348,1374,1400,1426,1452,1478,1504,1530,1556,1608,1608,1580,1553,1526,1499,1472,1445,1419,1393,1367,1341,1316,1292,1267,1244,1221,1198,1177,1155,1135,1115,1096,1078,1061,1044,1029,1014,1000,987,975,964,954,945,938,931,925,920,916,914,911,911,934,953,969,983,994,1003,1010,1015,1019,1021,1023,1024,1024,1024,1024,1024,1024,1024,1024,1024,1024,1024,1024,1024,1024,1024,1024,1024,1024,1024,1024,1024,1024,1024,1024,1024,1024,1024,1024,1024,1024,1024,1024,1024,1024,1024,1024,1024,1024,1024,1024,1024,1024,1024,1024,1024,1024,1024,1024,1024,1024,1024,1024,1024,1024,1024,1024,1024,1024,1024,1024,1024,1024,1024,1024,1024,1024,1024,1024,1024,1024,1024,1024,1024,1024,1024,1024,1024,1024,1024,1024,1024,1024,1024,1024,1024,1024,1024,1024,1025,1025,1025,1026,1026,1027,1028,1028,1029,1030,1031,1032,1033,1034,1036,1037,1038,1040,1041,1043,1044,1046,1048,1050,1051,1053,1055,1057,1059,1061,1063,1066,1068,1070,1072,1074,1077,1079,1081,1084,1086,1089,1091,1094,1096,1098,1101,1103,1106,1108,1111,1113,1116,1118,1121,1123,1126,1128,1131,1133,1136,1138,1140,1143,1145,1147,1149,1151,1154,1156,1158,1160,1162,1164,1166,1167,1169,1171,1172,1174,1176,1177,1179,1180,1181,1182,1184,1185,1186,1187,1188,1189,1189,1190,1191,1191,1192,1192,1192,1193,1193,1193,1193,1193,1193,1192,1192,1191,1190,1189,1187,1186,1184,1182,1180,1178,1176,1173,1171,1168,1165,1162,1159,1156,1153,1150,1146,1143,1139,1135,1132,1128,1124,1120,1116,1112,1108,1105,1101,1097,1093,1089,1085,1082,1078,1074,1071,1067,1064,1061,1058,1055,1052,1049,1046,1043,1041,1039,1037,1035,1033,1031,1030,1028,1027,1026,1025,1025,1024,1024,1024,1024,1024,1024,1024,1024,1024,1024,1024,1024,1024,1024,1024,1024,1024,1024,1024,1024,1024,1024,1024,1024,1024,1024,1024,1024,1024,1024,1024,1024,1024,1025,1028,1033,1040,1049,1060,1072,1087,1103,1120,1139,1160,1182,1204,1228,1253,1279,1305,1331,1358,1385,1412,1439,1465,1491,1517,1542,1565,1588,1610,1630,1650,1667,1683,1698,1710,1721,1730,1737,1742,1745,1746,1744,1738,1729,1716,1700,1680,1658,1632,1604,1573,1540,1506,1470,1433,1395,1357,1319,1281,1244,1208,1173,1141,1110,1082,1056,1033,1014,997,984,975,970,968,967,966,963,960,955,950,944,937,929,921,912,903,893,883,873,863,852,842,832,823,813,804,796,789,782,775,770,766,762,760,758,758,758,759,760,761,763,766,769,772,776,780,784,789,794,800,805,811,818,824,831,838,845,853,860,868,875,883,891,899,906,914,922,929,936,944,951,957,964,970,976,982,988,993,998,1002,1006,1010,1013,1016,1018,1020,1022,1023,1024,1024,1024,1024,1024,1024,1024,1024,1024,1024,1024,1024,1025,1028,1033,1040,1049,1060,1072,1087,1103,1120,1139,1160,1182,1204,1228,1253,1279,1305,1331,1358,1385,1412,1439,1465,1491,1517,1542,1565,1588,1610,1630,1650,1667,1683,1698,1710,1721,1730,1737,1742,1745,1746,1744,1738,1729,1716,1700,1680,1658,1632,1604,1573,1540,1506,1470,1433,1395,1357,1319,1281,1244,1208,1173,1141,1110,1082,1056,1033,1014,997,984,975,970,968,967,966,963,960,955,950,944,937,929,921,912,903,893,883,873,863,852,842,832,823,813,804,796,789,782,775,770,766,762,760,758,758,758,759,760,761,763,766,769,772,776,780,784,789,794,800,805,811,818,824,831,838,845,853,860,868,875,883,891,899,906,914,922,929,936,944,951,957,964,970,976,982,988,993,998,1002,1006,1010,1013,1016,1018,1020,1022,1023,1024

lead:III
count:860
points:1024,1024,1024,1024,1025,1025,1025,1026,1026,1027,1027,1028,1029,1030,1030,1031,1032,1033,1034,1035,1036,1037,1039,1040,1041,1042,1043,1044,1045,1046,1047,1049,1050,1051,1052,1052,1053,1054,1055,1056,1056,1057,1058,1058,1059,1059,1059,1060,1060,1060,1060,1060,1060,1060,1059,1059,1059,1058,1058,1057,1056,1056,1055,1054,1053,1052,1052,1051,1050,1049,1047,1046,1045,1044,1043,1042,1041,1040,1039,1037,1036,1035,1034,1033,1032,1031,1030,1030,1029,1028,1027,1027,1026,1026,1025,1025,1025,1024,1024,1024,1024,1024,1024,1024,1024,1024,1024,1024,1024,1024,1024,1024,1024,1024,1024,1024,1024,1024,1024,1024,1024,1024,1024,1024,1024,1024,1024,1024,1024,1024,1024,1024,1024,1023,1023,1023,1023,1023,1022,1022,1022,1021,1021,1020,1019,1019,1018,1017,1016,1015,1014,1013,1012,1009,1009,1005,1001,998,994,991,987,984,980,976,973,982,992,1002,1011,1021,1031,1040,1050,1060,1069,1079,1089,1098,1108,1118,1127,1137,1146,1156,1166,1175,1185,1195,1204,1224,1224,1216,1209,1202,1195,1188,1181,1174,1167,1160,1153,1147,1140,1134,1127,1121,1115,1110,1104,1099,1093,1088,1084,1079,1075,1070,1067,1063,1059,1056,1053,1051,1048,1046,1044,1043,1042,1041,1040,1039,1039,1036,1034,1031,1030,1028,1027,1026,1025,1025,1024,1024,1024,1024,1024,1024,1024,1024,1024,1024,1024,1024,1024,1024,1024,1024,1024,1024,1024,1024,1024,1024,1024,1024,1024,1024,1024,1024,1024,1024,1024,1024,1024,1024,1024,1024,1024,1024,1024,1024,1024,1024,1024,1024,1024,1024,1024,1024,1024,1024,1024,1024,1024,1024,1024,1024,1024,1024,1024,1024,1024,1024,1024,1024,1024,1024,1024,1024,1024,1024,1024,1024,1024,1024,1024,1024,1024,1024,1024,1024,1024,1024,1024,1024,1024,1024,1024,1024,1024,1024,1024,1024,1024,1024,1025,1025,1025,1025,1025,1026,1026,1026,1027,1027,1027,1028,1028,1028,1029,1029,1030,1030,1031,1031,1031,1032,1033,1033,1034,1034,1035,1035,1036,1037,1037,1038,1038,1039,1040,1040,1041,1042,1042,1043,1044,1044,1045,1046,1046,1047,1048,1048,1049,1050,1050,1051,1052,1052,1053,1054,1054,1055,1056,1056,1057,1058,1058,1059,1059,1060,1060,1061,1062,1062,1063,1063,1064,1064,1064,1065,1065,1066,1066,1067,1067,1067,1068,1068,1068,1068,1069,1069,1069,1069,1069,1070,1070,1070,1070,1070,1070,1070,1070,1070,1070,1070,1070,1069,1069,1069,1069,1068,1068,1067,1067,1066,1065,1065,1064,1063,1063,1062,1061,1060,1059,1058,1057,1056,1055,1054,1053,1052,1051,1050,1049,1048,1047,1046,1045,1044,1043,1042,1041,1040,1039,1038,1037,1036,1035,1034,1033,1032,1032,1031,1030,1029,1029,1028,1027,1027,1026,1026,1026,1025,1025,1025,1024,1024,1024,1024,1024,1024,1024,1024,1024,1024,1024,1024,1024,1024,1024,1024,1024,1024,1024,1024,1024,1024,1024,1024,1024,1024,1024,1024,1024,1024,1024,1024,1024,1024,1024,1025,1027,1031,1036,1043,1052,1061,1072,1085,1098,1113,1129,1146,1164,1182,1201,1221,1241,1261,1282,1303,1324,1345,1365,1385,1405,1424,1443,1460,1477,1493,1508,1521,1534,1545,1554,1563,1570,1575,1579,1581,1582,1581,1576,1569,1559,1546,1530,1512,1492,1470,1446,1420,1392,1364,1335,1305,1275,1245,1215,1186,1157,1130,1104,1080,1058,1037,1019,1004,991,981,974,969,968,967,966,964,962,958,954,950,944,939,932,926,919,911,904,896,888,881,873,865,858,851,844,838,832,827,822,818,815,812,810,809,809,809,810,811,812,813,815,818,820,823,827,830,834,838,843,847,852,857,863,868,874,880,886,892,898,904,910,916,923,929,935,941,947,953,959,965,970,976,981,986,990,995,999,1003,1006,1010,1013,1015,1018,1019,1021,1022,1023,1024,1024,1024,1024,1024,1024,1024,1024,1024,1024,1024,1024,1025,1027,1031,1036,1043,1052,1061,1072,1085,1098,1113,1129,1146,1164,1182,1201,1221,1241,1261,1282,1303,1324,1345,1365,1385,1405,1424,1443,1460,1477,1493,1508,1521,1534,1545,1554,1563,1570,1575,1579,1581,1582,1581,1576,1569,1559,1546,1530,1512,1492,1470,1446,1420,1392,1364,1335,1305,1275,1245,1215,1186,1157,1130,1104,1080,1058,1037,1019,1004,991,981,974,969,968,967,966,964,962,958,954,950,944,939,932,926,919,911,904,896,888,881,873,865,858,851,844,838,832,827,822,818,815,812,810,809,809,809,810,811,812,813,815,818,820,823,827,830,834,838,843,847,852,857,863,868,874,880,886,892,898,904,910,916,923,929,935,941,947,953,959,965,970,976,981,986,990,995,999,1003,1006,1010,1013,1015,1018,1019,1021,1022,1023,1024

lead:aVR
count:860
points:1024,1024,1024,1023,1022,1022,1021,1019,1018,1016,1015,1013,1011,1009,1006,1004,1001,999,996,993,990,987,984,981,978,975,972,969,966,963,960,957,954,952,949,947,944,942,940,938,936,934,932,931,930,929,928,927,927,927,926,927,927,927,928,929,930,931,932,934,936,938,940,942,944,947,949,952,954,957,960,963,966,969,972,975,978,981,984,987,990,993,996,999,1001,1004,1006,1009,1011,1013,1015,1016,1018,1019,1021,1022,1022,1023,1024,1024,1024,1024,1024,1024,1024,1024,1024,1024,1024,1024,1024,1024,1024,1024,1024,1024,1024,1024,1024,1024,1024,1024,1024,1024,1024,1024,1024,1024,1024,1024,1025,1025,1025,1025,1026,1026,1026,1027,1028,1028,1029,1030,1031,1032,1034,1035,1037,1038,1040,1042,1045,1047,1050,1057,1057,1061,1065,1070,1074,1079,1083,1088,1092,1096,1101,1077,1052,1028,1004,980,956,931,907,883,859,834,810,786,762,738,713,689,665,641,617,592,568,544,520,471,471,498,525,553,579,606,633,659,685,711,736,761,785,809,833,856,878,899,920,941,960,979,997,1014,1031,1046,1061,1075,1088,1099,1110,1120,1129,1137,1144,1150,1154,1158,1161,1163,1163,1135,1111,1091,1075,1061,1050,1041,1035,1030,1027,1025,1024,1024,1024,1024,1024,1024,1024,1024,1024,1024,1024,1024,1024,1024,1024,1024,1024,1024,1024,1024,1024,1024,1024,1024,1024,1024,1024,1024,1024,1024,1024,1024,1024,1024,1024,1024,1024,1024,1024,1024,1024,1024,1024,1024,1024,1024,1024,1024,1024,1024,1024,1024,1024,1024,1024,1024,1024,1024,1024,1024,1024,1024,1024,1024,1024,1024,1024,1024,1024,1024,1024,1024,1024,1024,1024,1024,1024,1024,1024,1024,1024,1024,1024,1024,1024,1024,1024,1024,1023,1023,1023,1022,1022,1021,1020,1020,1019,1018,1017,1016,1015,1014,1012,1011,1010,1008,1007,1005,1004,1002,1000,998,997,995,993,991,989,987,985,983,980,978,976,974,971,969,967,964,962,960,957,955,952,950,947,945,942,940,937,935,932,930,927,925,922,920,918,915,913,910,908,906,904,901,899,897,895,893,891,889,887,885,883,881,879,878,876,874,873,871,870,869,867,866,865,864,863,862,861,860,859,858,858,857,857,856,856,856,856,856,856,856,856,856,857,858,859,860,861,863,864,866,868,870,873,875,877,880,883,886,889,892,895,899,902,906,909,913,917,920,924,928,932,936,940,944,948,951,955,959,963,967,970,974,977,981,984,987,991,994,997,999,1002,1005,1007,1009,1011,1013,1015,1017,1018,1020,1021,1022,1023,1023,1024,1024,1024,1024,1024,1024,1024,1024,1024,1024,1024,1024,1024,1024,1024,1024,1024,1024,1024,1024,1024,1024,1024,1024,1024,1024,1024,1024,1024,1024,1024,1024,1024,1023,1022,1018,1014,1009,1002,994,985,976,965,953,940,927,913,898,883,867,851,835,819,802,785,769,753,737,721,706,691,677,664,651,639,628,619,610,602,595,590,586,583,581,580,581,585,590,598,608,620,633,649,666,685,704,725,747,769,792,815,838,861,883,905,926,946,964,981,997,1011,1022,1032,1040,1046,1049,1050,1051,1052,1053,1055,1058,1062,1065,1070,1075,1080,1086,1092,1098,1104,1111,1117,1124,1130,1137,1143,1149,1155,1160,1165,1169,1173,1176,1179,1181,1183,1184,1184,1184,1184,1183,1182,1181,1179,1178,1176,1174,1171,1168,1166,1162,1159,1156,1152,1148,1144,1140,1136,1132,1127,1123,1118,1113,1109,1104,1099,1095,1090,1086,1081,1077,1072,1068,1064,1060,1056,1053,1049,1046,1043,1040,1037,1035,1033,1031,1029,1027,1026,1025,1025,1024,1024,1024,1024,1024,1024,1024,1024,1024,1024,1024,1024,1023,1022,1018,1014,1009,1002,994,985,976,965,953,940,927,913,898,883,867,851,835,819,802,785,769,753,737,721,706,691,677,664,651,639,628,619,610,602,595,590,586,583,581,580,581,585,590,598,608,620,633,649,666,685,704,725,747,769,792,815,838,861,883,905,926,946,964,981,997,1011,1022,1032,1040,1046,1049,1050,1051,1052,1053,1055,1058,1062,1065,1070,1075,1080,1086,1092,1098,1104,1111,1117,1124,1130,1137,1143,1149,1155,1160,1165,1169,1173,1176,1179,1181,1183,1184,1184,1184,1184,1183,1182,1181,1179,1178,1176,1174,1171,1168,1166,1162,1159,1156,1152,1148,1144,1140,1136,1132,1127,1123,1118,1113,1109,1104,1099,1095,1090,1086,1081,1077,1072,1068,1064,1060,1056,1053,1049,1046,1043,1040,1037,1035,1033,1031,1029,1027,1026,1025,1025,1024

lead:aVL
count:860
points:1024,1024,1024,1024,1024,1024,1025,1025,1025,1025,1026,1026,1026,1027,1027,1028,1028,1029,1029,1030,1030,1031,1031,1032,1032,1033,1033,1034,1035,1035,1036,1036,1037,1037,1038,1038,1039,1039,1039,1040,1040,1040,1041,1041,1041,1041,1041,1042,1042,1042,1042,1042,1042,1042,1041,1041,1041,1041,1041,1040,1040,1040,1039,1039,1039,1038,1038,1037,1037,1036,1036,1035,1035,1034,1033,1033,1032,1032,1031,1031,1030,1030,1029,1029,1028,1028,1027,1027,1026,1026,1026,1025,1025,1025,1025,1024,1024,1024,1024,1024,1024,1024,1024,1024,1024,1024,1024,1024,1024,1024,1024,1024,1024,1024,1024,1024,1024,1024,1024,1024,1024,1024,1024,1024,1024,1024,1024,1024,1024,1024,1024,1024,1024,1024,1024,1024,1024,1024,1024,1024,1024,1023,1023,1023,1023,1023,1023,1023,1023,1022,1022,1022,1022,1021,1021,1022,1023,1024,1025,1025,1026,1027,1028,1029,1030,1034,1037,1041,1045,1049,1052,1056,1060,1064,1067,1071,1075,1079,1082,1086,1090,1094,1097,1101,1105,1109,1112,1116,1120,1127,1127,1120,1113,1106,1098,1091,1084,1077,1070,1063,1056,1049,1043,1036,1030,1024,1018,1012,1007,1001,996,991,986,981,977,973,969,965,962,958,955,953,950,948,946,945,944,943,942,941,941,958,972,984,994,1002,1009,1014,1017,1020,1022,1023,1024,1024,1024,1024,1024,1024,1024,1024,1024,1024,1024,1024,1024,1024,1024,1024,1024,1024,1024,1024,1024,1024,1024,1024,1024,1024,1024,1024,1024,1024,1024,1024,1024,1024,1024,1024,1024,1024,1024,1024,1024,1024,1024,1024,1024,1024,1024,1024,1024,1024,1024,1024,1024,1024,1024,1024,1024,1024,1024,1024,1024,1024,1024,1024,1024,1024,1024,1024,1024,1024,1024,1024,1024,1024,1024,1024,1024,1024,1024,1024,1024,1024,1024,1024,1024,1024,1024,1024,1024,1024,1024,1024,1025,1025,1025,1025,1025,1026,1026,1026,1026,1027,1027,1027,1028,1028,1029,1029,1029,1030,1030,1031,1031,1032,1032,1033,1033,1034,1034,1035,1035,1036,1037,1037,1038,1038,1039,1040,1040,1041,1042,1042,1043,1044,1044,1045,1046,1046,1047,1047,1048,1049,1049,1050,1051,1051,1052,1053,1053,1054,1055,1055,1056,1056,1057,1057,1058,1059,1059,1060,1060,1061,1061,1062,1062,1063,1063,1063,1064,1064,1065,1065,1065,1066,1066,1066,1066,1067,1067,1067,1067,1068,1068,1068,1068,1068,1068,1068,1068,1068,1068,1068,1068,1068,1068,1068,1067,1067,1067,1066,1066,1066,1065,1064,1064,1063,1063,1062,1061,1060,1060,1059,1058,1057,1056,1055,1054,1053,1052,1051,1050,1049,1048,1047,1046,1045,1044,1043,1042,1041,1040,1039,1038,1037,1036,1035,1034,1034,1033,1032,1031,1030,1030,1029,1028,1028,1027,1027,1026,1026,1025,1025,1025,1025,1024,1024,1024,1024,1024,1024,1024,1024,1024,1024,1024,1024,1024,1024,1024,1024,1024,1024,1024,1024,1024,1024,1024,1024,1024,1024,1024,1024,1024,1024,1024,1024,1024,1024,1024,1024,1023,1022,1020,1017,1014,1011,1007,1002,997,992,987,981,974,968,961,954,947,939,932,925,917,910,903,895,888,882,875,869,863,857,852,847,843,839,835,832,830,828,826,826,825,826,828,830,834,839,845,851,859,867,876,886,896,906,917,928,940,951,962,973,983,993,1003,1012,1020,1028,1034,1040,1045,1049,1052,1053,1054,1054,1054,1055,1056,1057,1058,1060,1062,1064,1066,1069,1071,1074,1076,1079,1082,1085,1087,1090,1093,1095,1098,1100,1102,1104,1105,1107,1108,1109,1110,1110,1110,1110,1110,1110,1109,1108,1108,1107,1106,1104,1103,1102,1100,1098,1097,1095,1093,1091,1089,1086,1084,1082,1079,1077,1075,1072,1070,1067,1065,1062,1060,1057,1055,1052,1050,1048,1046,1043,1041,1039,1038,1036,1034,1033,1031,1030,1029,1028,1027,1026,1025,1025,1024,1024,1024,1024,1024,1024,1024,1024,1024,1024,1024,1024,1024,1024,1023,1022,1020,1017,1014,1011,1007,1002,997,992,987,981,974,968,961,954,947,939,932,925,917,910,903,895,888,882,875,869,863,857,852,847,843,839,835,832,830,828,826,826,825,826,828,830,834,839,845,851,859,867,876,886,896,906,917,928,940,951,962,973,983,993,1003,1012,1020,1028,1034,1040,1045,1049,1052,1053,1054,1054,1054,1055,1056,1057,1058,1060,1062,1064,1066,1069,1071,1074,1076,1079,1082,1085,1087,1090,1093,1095,1098,1100,1102,1104,1105,1107,1108,1109,1110,1110,1110,1110,1110,1110,1109,1108,1108,1107,1106,1104,1103,1102,1100,1098,1097,1095,1093,1091,1089,1086,1084,1082,1079,1077,1075,1072,1070,1067,1065,1062,1060,1057,1055,1052,1050,1048,1046,1043,1041,1039,1038,1036,1034,1033,1031,1030,1029,1028,1027,1026,1025,1025,1024,1024

lead:aVF
count:860
points:1024,1024,1024,1025,1025,1026,1027,1028,1029,1030,1032,1033,1035,1037,1038,1040,1043,1045,1047,1049,1052,1054,1056,1059,1061,1064,1066,1069,1071,1074,1076,1079,1081,1083,1085,1087,1089,1091,1093,1095,1096,1098,1099,1100,1101,1102,1103,1103,1103,1104,1104,1104,1103,1103,1103,1102,1101,1100,1099,1098,1096,1095,1093,1091,1089,1087,1085,1083,1081,1079,1076,1074,1071,1069,1066,1064,1061,1059,1056,1054,1052,1049,1047,1045,1043,1040,1038,1037,1035,1033,1032,1030,1029,1028,1027,1026,1025,1025,1024,1024,1024,1024,1024,1024,1024,1024,1024,1024,1024,1024,1024,1024,1024,1024,1024,1024,1024,1024,1024,1024,1024,1024,1024,1024,1024,1024,1024,1024,1024,1024,1023,1023,1023,1023,1023,1022,1022,1021,1021,1020,1019,1018,1018,1016,1015,1014,1013,1011,1009,1007,1005,1003,1000,994,994,989,984,978,973,968,963,957,952,947,941,962,982,1003,1023,1044,1064,1084,1105,1125,1146,1166,1187,1207,1228,1248,1269,1289,1310,1330,1351,1371,1391,1412,1432,1473,1473,1453,1434,1414,1394,1375,1355,1336,1317,1298,1280,1262,1244,1226,1209,1192,1176,1160,1145,1130,1116,1102,1089,1076,1064,1053,1042,1032,1023,1014,1006,999,993,987,982,978,974,971,969,968,968,979,989,997,1004,1009,1014,1017,1020,1021,1023,1023,1024,1024,1024,1024,1024,1024,1024,1024,1024,1024,1024,1024,1024,1024,1024,1024,1024,1024,1024,1024,1024,1024,1024,1024,1024,1024,1024,1024,1024,1024,1024,1024,1024,1024,1024,1024,1024,1024,1024,1024,1024,1024,1024,1024,1024,1024,1024,1024,1024,1024,1024,1024,1024,1024,1024,1024,1024,1024,1024,1024,1024,1024,1024,1024,1024,1024,1024,1024,1024,1024,1024,1024,1024,1024,1024,1024,1024,1024,1024,1024,1024,1024,1024,1024,1024,1024,1024,1024,1024,1025,1025,1025,1026,1026,1027,1027,1028,1029,1029,1030,1031,1032,1033,1034,1035,1036,1037,1038,1039,1040,1042,1043,1044,1046,1047,1048,1050,1051,1053,1055,1056,1058,1059,1061,1063,1064,1066,1068,1070,1071,1073,1075,1077,1079,1081,1082,1084,1086,1088,1090,1092,1093,1095,1097,1099,1101,1102,1104,1106,1108,1109,1111,1113,1114,1116,1118,1119,1121,1122,1124,1125,1127,1128,1129,1131,1132,1133,1134,1135,1137,1138,1139,1140,1140,1141,1142,1143,1144,1144,1145,1145,1146,1146,1147,1147,1147,1148,1148,1148,1148,1148,1148,1148,1148,1147,1147,1146,1145,1144,1143,1142,1140,1139,1137,1136,1134,1132,1130,1128,1126,1123,1121,1119,1116,1114,1111,1109,1106,1103,1100,1097,1095,1092,1089,1086,1083,1080,1078,1075,1072,1069,1066,1064,1061,1058,1056,1053,1051,1049,1046,1044,1042,1040,1038,1037,1035,1033,1032,1031,1029,1028,1027,1026,1026,1025,1025,1024,1024,1024,1024,1024,1024,1024,1024,1024,1024,1024,1024,1024,1024,1024,1024,1024,1024,1024,1024,1024,1024,1024,1024,1024,1024,1024,1024,1024,1024,1024,1024,1024,1025,1028,1032,1038,1046,1056,1067,1080,1094,1110,1127,1145,1164,1185,1206,1228,1251,1274,1297,1321,1345,1369,1393,1417,1440,1463,1485,1506,1526,1546,1564,1581,1597,1611,1624,1635,1644,1652,1659,1663,1666,1667,1665,1660,1651,1640,1625,1607,1587,1564,1538,1510,1481,1449,1417,1383,1349,1315,1280,1246,1213,1180,1149,1119,1092,1066,1043,1022,1004,990,978,970,965,963,962,961,959,956,952,948,942,937,930,923,915,907,899,890,882,873,864,855,847,838,830,823,816,809,803,798,793,789,786,784,783,783,783,783,784,786,788,790,792,795,799,802,806,811,816,820,826,831,837,843,849,855,862,869,875,882,889,896,903,910,917,924,931,938,945,951,957,964,970,975,981,986,991,996,1000,1004,1008,1011,1014,1017,1019,1021,1022,1023,1024,1024,1024,1024,1024,1024,1024,1024,1024,1024,1024,1024,1025,1028,1032,1038,1046,1056,1067,1080,1094,1110,1127,1145,1164,1185,1206,1228,1251,1274,1297,1321,1345,1369,1393,1417,1440,1463,1485,1506,1526,1546,1564,1581,1597,1611,1624,1635,1644,1652,1659,1663,1666,1667,1665,1660,1651,1640,1625,1607,1587,1564,1538,1510,1481,1449,1417,1383,1349,1315,1280,1246,1213,1180,1149,1119,1092,1066,1043,1022,1004,990,978,970,965,963,962,961,959,956,952,948,942,937,930,923,915,907,899,890,882,873,864,855,847,838,830,823,816,809,803,798,793,789,786,784,783,783,783,783,784,786,788,790,792,795,799,802,806,811,816,820,826,831,837,843,849,855,862,869,875,882,889,896,903,910,917,924,931,938,945,951,957,964,970,975,981,986,991,996,1000,1004,1008,1011,1014,1017,1019,1021,1022,1023,1024

lead:V1
count:860
points:1024,1024,1024,1024,1024,1025,1025,1025,1026,1026,1027,1027,1028,1028,1029,1030,1030,1031,1032,1033,1033,1034,1035,1036,1037,1038,1038,1039,1040,1041,1042,1043,1043,1044,1045,1045,1046,1047,1047,1048,1048,1049,1049,1050,1050,1050,1051,1051,1051,1051,1051,1051,1051,1051,1051,1050,1050,1050,1049,1049,1048,1048,1047,1047,1046,1045,1045,1044,1043,1043,1042,1041,1040,1039,1038,1038,1037,1036,1035,1034,1033,1033,1032,1031,1030,1030,1029,1028,1028,1027,1027,1026,1026,1025,1025,1025,1024,1024,1024,1024,1024,1024,1024,1024,1024,1024,1024,1024,1024,1024,1024,1024,1024,1024,1024,1024,1024,1024,1024,1024,1024,1024,1024,1024,1024,1024,1024,1024,1024,1024,1024,1024,1024,1024,1024,1024,1024,1024,1024,1024,1024,1024,1024,1024,1025,1025,1025,1025,1025,1025,1025,1025,1026,1026,1026,1030,1035,1039,1043,1048,1052,1056,1060,1065,1069,1065,1062,1058,1054,1050,1046,1043,1039,1035,1031,1028,1024,1020,1016,1012,1009,1005,1001,997,994,990,986,982,978,971,971,957,943,929,916,902,888,875,862,848,835,823,810,798,786,774,763,752,741,731,721,711,702,693,685,677,669,662,656,649,644,639,634,630,627,624,621,619,618,617,617,698,768,827,876,916,948,973,992,1005,1015,1020,1023,1024,1024,1024,1024,1025,1025,1025,1025,1025,1026,1026,1026,1026,1026,1027,1027,1027,1027,1027,1027,1028,1028,1028,1028,1028,1029,1029,1029,1029,1029,1030,1030,1030,1030,1030,1031,1031,1031,1031,1031,1032,1032,1032,1032,1032,1033,1033,1033,1033,1033,1033,1034,1034,1034,1034,1034,1035,1035,1035,1035,1035,1036,1036,1036,1036,1036,1037,1037,1037,1037,1037,1038,1038,1038,1038,1038,1039,1039,1039,1039,1039,1040,1040,1040,1040,1040,1040,1040,1040,1041,1041,1041,1042,1042,1042,1043,1044,1044,1045,1045,1046,1047,1047,1048,1049,1050,1051,1052,1053,1054,1055,1056,1057,1058,1059,1060,1062,1063,1064,1065,1067,1068,1069,1071,1072,1073,1075,1076,1078,1079,1080,1082,1083,1085,1086,1088,1089,1091,1092,1093,1095,1096,1098,1099,1101,1102,1103,1105,1106,1108,1109,1110,1112,1113,1114,1115,1117,1118,1119,1120,1121,1122,1123,1124,1125,1126,1127,1128,1129,1130,1131,1131,1132,1133,1134,1134,1135,1135,1136,1136,1137,1137,1137,1138,1138,1138,1138,1138,1138,1138,1138,1138,1138,1137,1137,1136,1135,1134,1133,1132,1131,1130,1128,1127,1125,1123,1122,1120,1118,1116,1113,1111,1109,1107,1104,1102,1099,1097,1094,1092,1089,1086,1084,1081,1079,1076,1073,1071,1068,1066,1063,1061,1058,1056,1053,1051,1049,1047,1045,1043,1041,1039,1037,1036,1034,1033,1031,1030,1029,1028,1027,1026,1026,1025,1025,1024,1024,1024,1024,1024,1024,1024,1024,1024,1024,1024,1024,1024,1024,1024,1024,1024,1024,1024,1024,1024,1024,1024,1024,1024,1024,1024,1024,1024,1024,1024,1024,1024,1008,993,977,961,946,930,915,900,885,870,855,841,827,813,800,787,774,761,749,737,726,715,705,694,685,676,667,659,651,644,638,632,626,621,617,613,610,607,605,604,603,602,603,604,607,610,614,619,625,631,639,647,656,666,677,688,700,713,726,740,755,770,786,802,819,835,853,870,888,906,924,943,961,980,988,997,1005,1013,1021,1029,1037,1045,1053,1060,1068,1075,1082,1088,1095,1101,1106,1112,1117,1122,1126,1131,1134,1138,1141,1143,1146,1147,1149,1150,1150,1151,1151,1150,1150,1149,1148,1147,1146,1144,1142,1140,1138,1136,1133,1131,1128,1125,1122,1119,1116,1112,1109,1106,1102,1098,1095,1091,1087,1084,1080,1076,1073,1069,1066,1062,1059,1056,1053,1050,1047,1044,1041,1039,1037,1034,1032,1031,1029,1028,1027,1026,1025,1024,1024,1024,1024,1024,1024,1024,1024,1024,1024,1024,1024,1024,1008,993,977,961,946,930,915,900,885,870,855,841,827,813,800,787,774,761,749,737,726,715,705,694,685,676,667,659,651,644,638,632,626,621,617,613,610,607,605,604,603,602,603,604,606,610,613,618,624,630,638,646,655,664,675,686,698,710,723,737,751,766,781,797,813,829,846,863,880,898,916,934,952,970,978,987,996,1005,1014,1022,1031,1039,1047,1055,1063,1070,1077,1084,1091,1098,1104,1110,1115,1120,1125,1129,1133,1137,1140,1143,1145,1147,1149,1150,1150,1151,1151,1150,1150,1149,1148,1147,1146,1144,1142,1140,1138,1136,1133,1131,1128,1125,1122,1119,1116,1112,1109,1106,1102,1098,1095,1091,1087,1084,1080,1076,1073,1069,1066,1062,1059,1056,1053,1050,1047,1044,1041,1039,1037,1034,1032,1031,1029,1028,1027,1026,1025,1024,1024

lead:V2
count:860
points:1024,1024,1024,1024,1024,1025,1025,1025,1026,1026,1027,1028,1028,1029,1030,1030,1031,1032,1033,1034,1035,1036,1036,1037,1038,1039,1040,1041,1042,1043,1044,1045,1046,1047,1048,1048,1049,1050,1051,1051,1052,1052,1053,1053,1054,1054,1054,1054,1055,1055,1055,1055,1055,1054,1054,1054,1054,1053,1053,1052,1052,1051,1051,1050,1049,1048,1048,1047,1046,1045,1044,1043,1042,1041,1040,1039,1038,1037,1036,1036,1035,1034,1033,1032,1031,1030,1030,1029,1028,1028,1027,1026,1026,1025,1025,1025,1024,1024,1024,1024,1024,1024,1024,1024,1024,1024,1024,1024,1024,1024,1024,1024,1024,1024,1024,1024,1024,1024,1024,1024,1024,1024,1024,1024,1024,1024,1024,1024,1024,1024,1024,1024,1024,1024,1024,1024,1024,1024,1024,1024,1024,1024,1024,1024,1024,1024,1024,1024,1024,1024,1024,1024,1024,1024,1024,1024,1024,1024,1024,1024,1024,1024,1024,1024,1024,1026,1029,1031,1033,1036,1038,1041,1043,1045,1048,1050,1052,1055,1057,1059,1062,1064,1067,1069,1071,1074,1076,1078,1081,1085,1085,1069,1052,1035,1018,1002,985,969,953,937,921,905,890,875,861,847,833,819,806,794,781,770,758,748,737,728,719,710,702,695,688,682,676,672,667,664,661,658,657,655,655,729,792,845,890,926,955,978,995,1007,1015,1020,1023,1024,1024,1024,1025,1025,1025,1026,1026,1026,1026,1027,1027,1027,1028,1028,1028,1029,1029,1029,1030,1030,1030,1031,1031,1031,1031,1032,1032,1032,1033,1033,1033,1034,1034,1034,1035,1035,1035,1036,1036,1036,1036,1037,1037,1037,1038,1038,1038,1039,1039,1039,1040,1040,1040,1041,1041,1041,1041,1042,1042,1042,1043,1043,1043,1044,1044,1044,1045,1045,1045,1046,1046,1046,1046,1047,1047,1047,1048,1048,1048,1049,1049,1050,1050,1050,1050,1050,1050,1050,1050,1050,1050,1051,1051,1051,1051,1051,1052,1052,1052,1053,1053,1054,1054,1054,1055,1055,1056,1056,1057,1057,1058,1058,1059,1060,1060,1061,1062,1062,1063,1064,1064,1065,1066,1066,1067,1068,1068,1069,1070,1071,1071,1072,1073,1074,1074,1075,1076,1077,1077,1078,1079,1080,1080,1081,1082,1083,1083,1084,1085,1086,1086,1087,1088,1088,1089,1090,1090,1091,1091,1092,1092,1093,1094,1094,1095,1095,1096,1096,1096,1097,1097,1098,1098,1098,1099,1099,1099,1099,1100,1100,1100,1100,1100,1101,1101,1101,1101,1101,1101,1101,1101,1100,1100,1100,1099,1099,1098,1098,1097,1096,1095,1094,1093,1092,1091,1090,1088,1087,1086,1084,1083,1081,1080,1078,1076,1075,1073,1071,1069,1068,1066,1064,1062,1061,1059,1057,1055,1054,1052,1050,1049,1047,1045,1044,1042,1041,1039,1038,1037,1035,1034,1033,1032,1031,1030,1029,1028,1027,1027,1026,1025,1025,1025,1024,1024,1024,1024,1024,1024,1024,1024,1024,1024,1024,1024,1024,1024,1024,1024,1024,1024,1024,1024,1024,1024,1024,1024,1024,1024,1024,1024,1024,1024,1024,1024,1024,1024,1007,990,973,956,939,923,906,890,873,858,842,826,811,796,782,767,753,740,727,714,702,690,679,668,657,647,638,629,621,613,606,600,594,589,584,580,576,573,571,570,569,568,569,570,573,576,581,586,593,600,608,617,627,638,650,662,676,690,705,720,736,753,770,788,806,824,843,863,882,902,922,942,963,983,990,998,1005,1012,1019,1026,1033,1040,1047,1053,1059,1066,1071,1077,1083,1088,1093,1098,1102,1106,1110,1114,1117,1120,1123,1125,1127,1129,1130,1131,1131,1132,1131,1131,1131,1130,1129,1128,1127,1126,1124,1123,1121,1119,1117,1115,1112,1110,1107,1105,1102,1099,1096,1093,1090,1087,1084,1081,1078,1075,1072,1068,1065,1062,1059,1056,1054,1051,1048,1046,1043,1041,1039,1037,1035,1033,1031,1030,1028,1027,1026,1025,1025,1024,1024,1024,1024,1024,1024,1024,1024,1024,1024,1024,1024,1024,1007,990,973,956,939,923,906,890,873,858,842,826,811,796,782,767,753,740,727,714,702,690,679,668,657,647,638,629,621,613,606,600,594,589,584,580,576,573,571,570,569,568,569,570,573,576,581,586,593,600,608,617,627,638,650,662,676,690,705,720,736,753,770,788,806,824,843,863,882,902,922,942,963,983,990,998,1005,1012,1019,1026,1033,1040,1047,1053,1059,1066,1071,1077,1083,1088,1093,1098,1102,1106,1110,1114,1117,1120,1123,1125,1127,1129,1130,1131,1131,1132,1131,1131,1131,1130,1129,1128,1127,1126,1124,1123,1121,1119,1117,1115,1112,1110,1107,1105,1102,1099,1096,1093,1090,1087,1084,1081,1078,1075,1072,1068,1065,1062,1059,1056,1054,1051,1048,1046,1043,1041,1039,1037,1035,1033,1031,1030,1028,1027,1026,1025,1025,1024,1024

lead:V3
count:860
points:1024,1024,1024,1025,1025,1025,1026,1027,1028,1029,1030,1031,1032,1033,1035,1036,1038,1039,1041,1042,1044,1046,1048,1049,1051,1053,1055,1057,1059,1060,1062,1064,1065,1067,1069,1070,1072,1073,1074,1076,1077,1078,1079,1079,1080,1081,1081,1082,1082,1082,1082,1082,1082,1082,1081,1081,1080,1079,1079,1078,1077,1076,1074,1073,1072,1070,1069,1067,1065,1064,1062,1060,1059,1057,1055,1053,1051,1049,1048,1046,1044,1042,1041,1039,1038,1036,1035,1033,1032,1031,1030,1029,1028,1027,1026,1025,1025,1025,1024,1024,1024,1024,1024,1024,1024,1024,1024,1024,1024,1024,1024,1024,1024,1024,1024,1024,1024,1024,1024,1024,1024,1024,1024,1024,1024,1024,1024,1024,1024,1024,1024,1024,1024,1024,1024,1024,1024,1024,1024,1024,1024,1024,1024,1024,1023,1023,1023,1023,1023,1023,1023,1023,1022,1022,1022,1022,1023,1023,1024,1024,1025,1025,1025,1026,1026,1038,1050,1062,1073,1085,1097,1109,1121,1132,1144,1156,1168,1180,1191,1203,1215,1227,1238,1250,1262,1274,1286,1297,1309,1333,1333,1304,1275,1246,1218,1189,1161,1133,1106,1078,1051,1025,999,974,949,924,901,878,855,834,813,793,774,755,738,721,706,691,678,665,653,643,633,625,618,612,607,603,600,598,598,683,755,817,869,911,944,971,990,1005,1014,1020,1023,1024,1024,1024,1025,1025,1026,1026,1026,1027,1027,1027,1028,1028,1029,1029,1029,1030,1030,1031,1031,1031,1032,1032,1032,1033,1033,1034,1034,1034,1035,1035,1036,1036,1036,1037,1037,1037,1038,1038,1039,1039,1039,1040,1040,1040,1041,1041,1042,1042,1042,1043,1043,1044,1044,1044,1045,1045,1045,1046,1046,1047,1047,1047,1048,1048,1049,1049,1049,1050,1050,1050,1051,1051,1052,1052,1052,1053,1053,1054,1054,1054,1055,1055,1055,1056,1056,1056,1056,1056,1057,1057,1058,1059,1059,1060,1061,1062,1063,1064,1065,1066,1068,1069,1070,1072,1074,1075,1077,1079,1080,1082,1084,1086,1088,1090,1092,1094,1097,1099,1101,1103,1106,1108,1110,1113,1115,1118,1120,1123,1125,1128,1131,1133,1136,1138,1141,1144,1146,1149,1151,1154,1157,1159,1162,1164,1167,1169,1172,1174,1177,1179,1181,1184,1186,1188,1191,1193,1195,1197,1199,1201,1203,1205,1207,1209,1210,1212,1214,1215,1217,1218,1219,1221,1222,1223,1224,1225,1226,1227,1228,1229,1229,1230,1230,1231,1231,1231,1232,1232,1232,1232,1231,1231,1230,1229,1228,1226,1225,1223,1221,1219,1216,1214,1211,1208,1205,1201,1198,1194,1190,1187,1183,1178,1174,1170,1165,1161,1156,1152,1147,1142,1137,1133,1128,1123,1118,1114,1109,1104,1099,1095,1090,1086,1082,1077,1073,1069,1065,1062,1058,1054,1051,1048,1045,1042,1040,1037,1035,1033,1031,1029,1028,1027,1026,1025,1024,1024,1024,1024,1024,1024,1024,1024,1024,1024,1024,1024,1024,1024,1024,1024,1024,1024,1024,1024,1024,1024,1024,1028,1041,1061,1087,1114,1142,1168,1188,1201,1205,1182,1160,1137,1115,1093,1071,1049,1027,1006,985,964,944,923,904,884,866,847,829,812,795,779,763,748,734,720,707,695,683,672,662,653,644,636,629,623,618,613,609,606,604,603,602,623,643,663,682,702,721,740,759,777,795,813,830,846,862,877,892,906,919,931,943,953,963,972,981,988,994,999,1004,1007,1010,1011,1012,1012,1013,1014,1015,1017,1019,1022,1024,1028,1031,1035,1038,1042,1047,1051,1055,1059,1064,1068,1072,1075,1079,1083,1086,1089,1091,1093,1095,1097,1098,1098,1098,1098,1098,1098,1097,1097,1096,1095,1094,1093,1092,1091,1090,1088,1087,1085,1083,1082,1080,1078,1076,1074,1072,1070,1068,1066,1063,1061,1059,1057,1055,1053,1051,1048,1046,1045,1043,1041,1039,1037,1036,1034,1033,1031,1030,1029,1028,1027,1026,1026,1025,1025,1024,1024,1024,1028,1041,1061,1087,1114,1142,1168,1188,1201,1205,1182,1160,1137,1115,1093,1071,1049,1027,1006,985,964,944,923,904,884,866,847,829,812,795,779,763,748,734,720,707,695,683,672,662,653,644,636,629,623,618,613,609,606,604,603,602,623,643,663,682,702,721,740,759,777,795,813,830,846,862,877,892,906,919,931,943,953,963,972,981,988,994,999,1004,1007,1010,1011,1012,1012,1013,1014,1015,1017,1019,1022,1024,1028,1031,1035,1038,1042,1047,1051,1055,1059,1064,1068,1072,1075,1079,1083,1086,1089,1091,1093,1095,1097,1098,1098,1098,1098,1098,1098,1097,1097,1096,1095,1094,1093,1092,1091,1090,1088,1087,1085,1083,1082,1080,1078,1076,1074,1072,1070,1068,1066,1063,1061,1059,1057,1055,1053,1051,1048,1046,1045,1043,1041,1039,1037,1036,1034,1033,1031,1030,1029,1028,1027,1026,1026,1025,1025,1024,1024

lead:V4
count:860
points:1024,1024,1024,1025,1025,1026,1026,1027,1028,1029,1030,1031,1032,1034,1035,1037,1038,1040,1042,1043,1045,1047,1049,1051,1053,1055,1057,1059,1061,1062,1064,1066,1068,1070,1071,1073,1074,1076,1077,1078,1080,1081,1082,1083,1083,1084,1085,1085,1085,1085,1086,1085,1085,1085,1085,1084,1083,1083,1082,1081,1080,1078,1077,1076,1074,1073,1071,1070,1068,1066,1064,1062,1061,1059,1057,1055,1053,1051,1049,1047,1045,1043,1042,1040,1038,1037,1035,1034,1032,1031,1030,1029,1028,1027,1026,1026,1025,1025,1024,1024,1024,1024,1024,1024,1024,1024,1024,1024,1024,1024,1024,1024,1024,1024,1024,1024,1024,1024,1024,1024,1024,1024,1024,1024,1024,1024,1024,1024,1024,1024,1024,1024,1024,1024,1024,1024,1024,1024,1024,1024,1023,1023,1023,1023,1023,1023,1023,1022,1022,1022,1022,1021,1021,1020,1020,1019,1017,1015,1013,1011,1009,1008,1006,1004,1002,1020,1037,1055,1072,1090,1108,1125,1143,1160,1178,1196,1213,1231,1248,1266,1283,1301,1319,1336,1354,1371,1389,1407,1424,1459,1459,1429,1399,1369,1339,1309,1279,1250,1221,1193,1164,1137,1109,1083,1057,1031,1006,982,959,936,914,893,873,854,836,819,802,787,773,759,747,736,726,718,710,703,698,694,691,689,689,755,813,861,902,935,961,982,998,1009,1016,1021,1023,1024,1024,1024,1025,1025,1026,1026,1026,1027,1027,1028,1028,1028,1029,1029,1030,1030,1030,1031,1031,1032,1032,1032,1033,1033,1034,1034,1034,1035,1035,1036,1036,1036,1037,1037,1038,1038,1038,1039,1039,1039,1040,1040,1041,1041,1041,1042,1042,1043,1043,1043,1044,1044,1045,1045,1045,1046,1046,1047,1047,1047,1048,1048,1049,1049,1049,1050,1050,1051,1051,1051,1052,1052,1053,1053,1053,1054,1054,1055,1055,1055,1056,1057,1057,1057,1057,1057,1057,1058,1058,1058,1059,1060,1060,1061,1062,1063,1064,1065,1066,1068,1069,1070,1072,1073,1075,1076,1078,1080,1082,1083,1085,1087,1089,1091,1094,1096,1098,1100,1102,1105,1107,1109,1112,1114,1117,1119,1122,1124,1127,1130,1132,1135,1137,1140,1143,1145,1148,1150,1153,1156,1158,1161,1163,1166,1169,1171,1174,1176,1178,1181,1183,1186,1188,1190,1192,1195,1197,1199,1201,1203,1205,1207,1209,1211,1212,1214,1216,1217,1219,1220,1221,1223,1224,1225,1226,1227,1228,1229,1230,1231,1231,1232,1232,1233,1233,1233,1234,1234,1234,1234,1233,1233,1232,1231,1230,1228,1227,1225,1223,1221,1218,1215,1213,1210,1206,1203,1200,1196,1192,1188,1184,1180,1176,1171,1167,1162,1158,1153,1148,1143,1139,1134,1129,1124,1119,1114,1110,1105,1100,1096,1091,1087,1082,1078,1074,1070,1066,1062,1058,1055,1051,1048,1045,1042,1040,1037,1035,1033,1031,1029,1028,1027,1026,1025,1024,1024,1024,1024,1024,1024,1024,1024,1024,1024,1024,1024,1024,1024,1024,1024,1024,1024,1024,1024,1024,1024,1024,1032,1056,1094,1141,1193,1245,1292,1330,1354,1362,1361,1358,1354,1347,1339,1329,1318,1305,1290,1274,1257,1238,1218,1197,1176,1153,1130,1106,1082,1057,1033,1008,984,959,936,912,890,868,847,827,809,791,775,760,747,736,726,718,711,707,704,703,718,734,749,764,779,793,808,822,836,850,863,876,888,900,912,923,933,943,953,962,970,977,984,990,996,1001,1005,1008,1011,1013,1014,1014,1014,1015,1016,1017,1019,1021,1023,1025,1028,1031,1035,1038,1042,1045,1049,1053,1057,1061,1064,1068,1071,1075,1078,1081,1083,1086,1088,1089,1090,1091,1092,1092,1092,1092,1092,1091,1091,1090,1089,1089,1088,1087,1085,1084,1083,1081,1080,1078,1077,1075,1073,1072,1070,1068,1066,1064,1062,1060,1058,1056,1054,1052,1050,1048,1046,1045,1043,1041,1039,1038,1036,1035,1033,1032,1031,1030,1029,1028,1027,1026,1025,1025,1025,1024,1024,1024,1032,1056,1094,1141,1193,1245,1292,1330,1354,1362,1361,1358,1354,1347,1339,1329,1318,1305,1290,1274,1257,1238,1218,1197,1176,1153,1130,1106,1082,1057,1033,1008,984,959,936,912,890,868,847,827,809,791,775,760,747,736,726,718,711,707,704,703,718,734,749,764,779,793,808,822,836,850,863,876,888,900,912,923,933,943,953,962,970,977,984,990,996,1001,1005,1008,1011,1013,1014,1014,1014,1015,1016,1017,1019,1021,1023,1025,1028,1031,1035,1038,1042,1045,1049,1053,1057,1061,1064,1068,1071,1075,1078,1081,1083,1086,1088,1089,1090,1091,1092,1092,1092,1092,1092,1091,1091,1090,1089,1089,1088,1087,1085,1084,1083,1081,1080,1078,1077,1075,1073,1072,1070,1068,1066,1064,1062,1060,1058,1056,1054,1052,1050,1048,1046,1045,1043,1041,1039,1038,1036,1035,1033,1032,1031,1030,1029,1028,1027,1026,1025,1025,1025,1024,1024

lead:V5
count:860
points:1024,1024,1024,1024,1025,1025,1026,1027,1027,1028,1029,1030,1032,1033,1034,1035,1037,1038,1040,1042,1043,1045,1047,1048,1050,1052,1053,1055,1057,1059,1060,1062,1064,1065,1067,1068,1069,1071,1072,1073,1074,1075,1076,1077,1077,1078,1079,1079,1079,1079,1079,1079,1079,1079,1079,1078,1077,1077,1076,1075,1074,1073,1072,1071,1069,1068,1067,1065,1064,1062,1060,1059,1057,1055,1053,1052,1050,1048,1047,1045,1043,1042,1040,1038,1037,1035,1034,1033,1032,1030,1029,1028,1027,1027,1026,1025,1025,1024,1024,1024,1024,1024,1024,1024,1024,1024,1024,1024,1024,1024,1024,1024,1024,1024,1024,1024,1024,1024,1024,1024,1024,1024,1024,1024,1024,1024,1024,1024,1024,1024,1024,1024,1024,1024,1024,1024,1024,1024,1023,1023,1023,1023,1023,1023,1023,1022,1022,1022,1022,1021,1021,1021,1020,1019,1019,1016,1012,1008,1004,1000,997,993,989,985,982,1002,1023,1043,1064,1085,1105,1126,1146,1167,1188,1208,1229,1249,1270,1291,1311,1332,1352,1373,1394,1414,1435,1455,1476,1517,1517,1490,1463,1436,1409,1383,1356,1330,1304,1279,1254,1229,1205,1181,1157,1135,1112,1091,1070,1050,1030,1012,994,976,960,945,930,916,904,892,881,871,862,855,848,842,837,833,831,829,829,868,901,929,953,972,988,1000,1009,1015,1019,1022,1023,1024,1024,1024,1025,1025,1025,1026,1026,1026,1027,1027,1027,1028,1028,1029,1029,1029,1030,1030,1030,1031,1031,1031,1032,1032,1032,1033,1033,1033,1034,1034,1034,1035,1035,1036,1036,1036,1037,1037,1037,1038,1038,1038,1039,1039,1039,1040,1040,1040,1041,1041,1041,1042,1042,1043,1043,1043,1044,1044,1044,1045,1045,1045,1046,1046,1046,1047,1047,1047,1048,1048,1048,1049,1049,1050,1050,1050,1051,1051,1051,1052,1052,1053,1053,1053,1053,1053,1053,1054,1054,1054,1055,1055,1056,1057,1057,1058,1059,1060,1061,1062,1063,1064,1066,1067,1068,1070,1071,1073,1074,1076,1077,1079,1081,1082,1084,1086,1088,1090,1092,1094,1096,1098,1100,1102,1104,1106,1108,1111,1113,1115,1117,1119,1122,1124,1126,1128,1131,1133,1135,1137,1140,1142,1144,1146,1148,1150,1153,1155,1157,1159,1161,1163,1165,1167,1169,1171,1172,1174,1176,1178,1179,1181,1183,1184,1186,1187,1188,1190,1191,1192,1193,1195,1196,1197,1198,1198,1199,1200,1201,1201,1202,1202,1203,1203,1203,1204,1204,1204,1204,1204,1204,1203,1202,1202,1201,1199,1198,1196,1195,1193,1191,1188,1186,1183,1181,1178,1175,1171,1168,1165,1161,1158,1154,1150,1147,1143,1139,1135,1131,1126,1122,1118,1114,1110,1106,1102,1097,1093,1089,1085,1081,1078,1074,1070,1067,1063,1060,1057,1053,1050,1047,1045,1042,1040,1037,1035,1033,1032,1030,1029,1027,1026,1026,1025,1024,1024,1024,1024,1024,1024,1024,1024,1024,1024,1024,1024,1024,1024,1024,1024,1024,1024,1024,1024,1024,1024,1024,1035,1066,1115,1176,1244,1312,1374,1422,1454,1464,1464,1461,1457,1451,1443,1434,1423,1411,1397,1382,1366,1349,1330,1311,1291,1270,1248,1226,1203,1180,1157,1134,1112,1089,1067,1045,1024,1004,984,966,949,932,917,904,892,881,872,864,858,854,851,850,859,868,876,885,893,902,910,918,926,934,941,949,956,963,969,975,981,987,992,997,1002,1006,1010,1014,1017,1020,1022,1024,1025,1026,1027,1027,1027,1028,1029,1030,1031,1033,1035,1037,1040,1042,1045,1048,1051,1055,1058,1061,1065,1068,1071,1075,1078,1080,1083,1086,1088,1090,1092,1093,1094,1095,1096,1096,1096,1095,1095,1095,1094,1094,1093,1092,1091,1090,1089,1087,1086,1084,1083,1081,1080,1078,1076,1074,1072,1070,1068,1066,1064,1062,1060,1058,1056,1054,1052,1050,1048,1046,1044,1042,1040,1038,1037,1035,1034,1032,1031,1030,1029,1028,1027,1026,1026,1025,1025,1024,1024,1024,1035,1066,1115,1176,1244,1312,1374,1422,1454,1464,1464,1461,1457,1451,1443,1434,1423,1411,1397,1382,1366,1349,1330,1311,1291,1270,1248,1226,1203,1180,1157,1134,1112,1089,1067,1045,1024,1004,984,966,949,932,917,904,892,881,872,864,858,854,851,850,859,867,876,884,892,900,908,916,924,931,939,946,953,959,966,972,978,983,988,993,998,1002,1006,1009,1012,1015,1017,1019,1020,1021,1022,1022,1022,1023,1024,1025,1026,1028,1030,1033,1035,1038,1041,1045,1048,1052,1055,1059,1062,1066,1070,1073,1076,1079,1082,1085,1087,1089,1091,1093,1094,1095,1096,1096,1096,1095,1095,1095,1094,1094,1093,1092,1091,1090,1089,1087,1086,1084,1083,1081,1080,1078,1076,1074,1072,1070,1068,1066,1064,1062,1060,1058,1056,1054,1052,1050,1048,1046,1044,1042,1040,1038,1037,1035,1034,1032,1031,1030,1029,1028,1027,1026,1026,1025,1025,1024,1024

lead:V6
count:860
points:1024,1024,1024,1024,1024,1025,1025,1025,1026,1026,1027,1028,1028,1029,1030,1030,1031,1032,1033,1034,1035,1036,1036,1037,1038,1039,1040,1041,1042,1043,1044,1045,1046,1047,1048,1048,1049,1050,1051,1051,1052,1052,1053,1053,1054,1054,1054,1054,1055,1055,1055,1055,1055,1054,1054,1054,1054,1053,1053,1052,1052,1051,1051,1050,1049,1048,1048,1047,1046,1045,1044,1043,1042,1041,1040,1039,1038,1037,1036,1036,1035,1034,1033,1032,1031,1030,1030,1029,1028,1028,1027,1026,1026,1025,1025,1025,1024,1024,1024,1024,1024,1024,1024,1024,1024,1024,1024,1024,1024,1024,1024,1024,1024,1024,1024,1024,1024,1024,1024,1024,1024,1024,1024,1024,1024,1024,1024,1024,1024,1024,1024,1024,1024,1024,1024,1024,1024,1024,1023,1023,1023,1023,1023,1023,1022,1022,1022,1022,1021,1021,1021,1020,1020,1019,1019,1014,1009,1004,998,993,988,983,978,973,968,986,1004,1021,1039,1057,1075,1093,1111,1129,1147,1165,1183,1201,1219,1236,1254,1272,1290,1308,1326,1344,1362,1380,1398,1434,1434,1417,1399,1382,1366,1349,1332,1315,1299,1283,1267,1251,1236,1221,1206,1192,1178,1164,1151,1138,1126,1114,1103,1092,1082,1072,1063,1054,1046,1038,1032,1025,1020,1015,1010,1007,1004,1001,1000,998,998,1004,1008,1012,1015,1017,1019,1021,1022,1023,1023,1024,1024,1024,1024,1024,1024,1025,1025,1025,1025,1026,1026,1026,1026,1027,1027,1027,1027,1028,1028,1028,1028,1029,1029,1029,1029,1030,1030,1030,1030,1031,1031,1031,1031,1032,1032,1032,1032,1033,1033,1033,1033,1034,1034,1034,1034,1035,1035,1035,1035,1036,1036,1036,1036,1037,1037,1037,1037,1038,1038,1038,1038,1039,1039,1039,1039,1040,1040,1040,1040,1041,1041,1041,1041,1042,1042,1042,1042,1043,1043,1043,1043,1044,1044,1044,1044,1045,1045,1045,1045,1045,1045,1045,1046,1046,1046,1047,1047,1048,1048,1049,1050,1050,1051,1052,1052,1053,1054,1055,1056,1057,1057,1058,1059,1060,1062,1063,1064,1065,1066,1067,1068,1070,1071,1072,1073,1075,1076,1077,1078,1080,1081,1082,1084,1085,1086,1088,1089,1091,1092,1093,1095,1096,1097,1099,1100,1101,1103,1104,1105,1107,1108,1109,1110,1112,1113,1114,1115,1116,1117,1119,1120,1121,1122,1123,1124,1125,1125,1126,1127,1128,1129,1130,1130,1131,1132,1132,1133,1133,1134,1134,1135,1135,1135,1136,1136,1136,1136,1136,1137,1137,1137,1137,1136,1136,1136,1135,1134,1134,1133,1132,1131,1130,1128,1127,1125,1124,1122,1120,1118,1116,1114,1112,1110,1108,1105,1103,1101,1098,1096,1093,1091,1088,1086,1083,1080,1078,1075,1073,1070,1067,1065,1062,1060,1058,1055,1053,1051,1048,1046,1044,1042,1040,1039,1037,1035,1034,1032,1031,1030,1029,1028,1027,1026,1025,1025,1025,1024,1024,1024,1024,1024,1024,1024,1024,1024,1024,1024,1024,1024,1024,1024,1024,1024,1024,1024,1024,1024,1024,1024,1025,1029,1036,1045,1058,1075,1097,1126,1168,1280,1280,1281,1283,1285,1288,1291,1295,1299,1304,1309,1315,1321,1328,1335,1342,1350,1358,1366,1374,1382,1390,1398,1406,1415,1423,1430,1438,1445,1452,1459,1465,1471,1476,1481,1485,1489,1493,1495,1497,1499,1500,1500,1456,1414,1374,1338,1304,1272,1243,1216,1191,1168,1148,1129,1112,1096,1082,1070,1059,1050,1042,1035,1029,1024,1020,1016,1014,1012,1011,1010,1009,1009,1009,1009,1009,1009,1008,1008,1008,1007,1006,1005,1004,1002,999,997,994,990,985,980,976,971,967,964,961,959,957,956,955,954,953,953,953,952,952,952,952,953,953,953,954,954,955,956,957,958,959,961,962,964,965,967,968,970,972,974,976,978,980,982,984,986,988,990,992,994,996,998,1000,1002,1004,1006,1008,1010,1011,1013,1014,1016,1017,1018,1019,1020,1021,1022,1022,1023,1023,1024,1024,1024,1025,1029,1036,1045,1058,1075,1097,1126,1168,1280,1280,1281,1283,1285,1288,1291,1295,1299,1304,1309,1315,1321,1328,1335,1342,1350,1358,1366,1374,1382,1390,1398,1406,1415,1423,1430,1438,1445,1452,1459,1465,1471,1476,1481,1485,1489,1493,1495,1497,1499,1500,1500,1456,1414,1374,1338,1304,1272,1243,1216,1191,1168,1148,1129,1112,1096,1082,1070,1059,1050,1042,1035,1029,1024,1020,1016,1014,1012,1011,1010,1009,1009,1009,1009,1009,1009,1008,1008,1008,1007,1006,1005,1004,1002,999,997,994,990,985,980,976,971,967,964,961,959,957,956,955,954,953,953,953,952,952,952,952,953,953,953,954,954,955,956,957,958,959,961,962,964,965,967,968,970,972,974,976,978,980,982,984,986,988,990,992,994,996,998,1000,1002,1004,1006,1008,1010,1011,1013,1014,1016,1017,1018,1019,1020,1021,1022,1022,1023,1023,1024,1024

