pathology:sinaisch
group:ischemia
title:Sinus rhythm after ischemia aVF ES2
name:Синусовый ритм после ишемии
leads:12

lead:I
count:850
points:1024,1024,1024,1024,1024,1024,1024,1024,1024,1024,1024,1024,1024,1024,1024,1024,1024,1024,1024,1024,1024,1024,1024,1024,1024,1024,1024,1024,1024,1024,1024,1024,1024,1024,1024,1024,1024,1024,1024,1024,1024,1024,1024,1024,1024,1024,1024,1024,1024,1024,1024,1024,1024,1024,1024,1024,1024,1024,1024,1024,1024,1024,1024,1025,1025,1026,1027,1027,1028,1030,1031,1032,1033,1035,1037,1038,1040,1042,1043,1045,1047,1049,1051,1052,1054,1056,1058,1059,1061,1062,1063,1065,1066,1067,1068,1068,1069,1069,1070,1070,1070,1070,1070,1069,1069,1068,1068,1067,1066,1065,1063,1062,1061,1059,1058,1056,1054,1052,1051,1049,1047,1045,1043,1042,1040,1038,1037,1035,1033,1032,1031,1030,1028,1027,1027,1026,1025,1025,1024,1024,1024,1024,1024,1024,1024,1024,1024,1024,1024,1024,1024,1024,1024,1024,1024,1022,1020,1018,1016,1014,1012,1010,1008,1004,1004,1004,1005,1007,1009,1012,1015,1020,1025,1030,1036,1043,1050,1058,1066,1074,1083,1092,1102,1112,1122,1133,1144,1155,1166,1188,1188,1179,1170,1161,1153,1144,1135,1127,1118,1110,1102,1094,1086,1078,1070,1063,1055,1048,1042,1035,1029,1022,1017,1011,1006,1001,996,991,987,983,980,976,974,971,969,967,965,964,963,963,963,973,983,991,998,1004,1009,1013,1016,1019,1021,1022,1023,1024,1024,1024,1024,1024,1024,1024,1024,1024,1024,1024,1024,1024,1024,1024,1024,1024,1024,1024,1024,1024,1024,1024,1024,1024,1024,1024,1024,1024,1024,1024,1024,1024,1024,1024,1024,1024,1024,1024,1024,1024,1024,1024,1024,1024,1024,1024,1024,1024,1024,1024,1024,1024,1024,1024,1024,1024,1024,1024,1024,1024,1024,1024,1024,1024,1024,1024,1024,1024,1024,1024,1024,1024,1024,1024,1024,1024,1024,1024,1024,1025,1025,1025,1025,1025,1026,1026,1026,1027,1027,1027,1028,1028,1029,1029,1030,1030,1031,1031,1032,1033,1033,1034,1034,1035,1036,1036,1037,1038,1039,1039,1040,1041,1042,1042,1043,1044,1045,1046,1046,1047,1048,1049,1050,1050,1051,1052,1053,1054,1055,1055,1056,1057,1058,1059,1060,1060,1061,1062,1063,1064,1064,1065,1066,1066,1067,1068,1069,1069,1070,1071,1071,1072,1072,1073,1073,1074,1075,1075,1076,1076,1076,1077,1077,1078,1078,1078,1079,1079,1079,1079,1080,1080,1080,1080,1080,1080,1080,1080,1080,1080,1080,1080,1080,1080,1079,1079,1078,1078,1077,1077,1076,1075,1075,1074,1073,1072,1071,1070,1069,1068,1067,1066,1065,1064,1062,1061,1060,1059,1057,1056,1055,1053,1052,1051,1050,1048,1047,1046,1044,1043,1042,1041,1040,1038,1037,1036,1035,1034,1033,1032,1031,1030,1030,1029,1028,1028,1027,1026,1026,1025,1025,1025,1024,1024,1024,1024,1024,1024,1024,1024,1024,1024,1024,1024,1024,1024,1024,1024,1024,1024,1024,1024,1024,1024,1024,1024,1024,1024,1024,1024,1024,1024,1024,1024,1024,1024,1024,1024,1025,1026,1028,1030,1032,1035,1038,1042,1046,1050,1055,1060,1065,1070,1076,1082,1088,1094,1100,1106,1112,1118,1124,1130,1136,1141,1147,1152,1157,1162,1166,1170,1174,1177,1180,1182,1184,1186,1187,1188,1188,1187,1186,1184,1182,1178,1174,1169,1164,1158,1151,1145,1137,1130,1122,1114,1106,1098,1090,1082,1075,1067,1060,1054,1048,1043,1038,1034,1030,1028,1026,1024,1024,1024,1024,1023,1022,1021,1020,1018,1017,1015,1013,1010,1008,1006,1003,1001,998,996,993,991,989,986,984,982,980,979,977,976,975,974,973,973,973,973,973,973,973,974,974,975,976,976,977,978,979,980,981,982,983,984,986,987,988,990,991,992,994,995,997,998,1000,1001,1003,1004,1006,1007,1009,1010,1011,1012,1014,1015,1016,1017,1018,1019,1020,1021,1021,1022,1022,1023,1023,1024,1024,1024,1024,1024,1024,1024,1024,1024,1024,1024,1024,1024,1024,1024,1025,1026,1028,1030,1032,1035,1038,1042,1046,1050,1055,1060,1065,1070,1076,1082,1088,1094,1100,1106,1112,1118,1124,1130,1136,1141,1147,1152,1157,1162,1166,1170,1174,1177,1180,1182,1184,1186,1187,1188,1188,1187,1186,1184,1182,1178,1174,1169,1164,1158,1151,1145,1137,1130,1122,1114,1106,1098,1090,1082,1075,1067,1060,1054,1048,1043,1038,1034,1030,1028,1026,1024,1024,1024,1024,1023,1022,1021,1020,1018,1017,1015,1013,1010,1008,1006,1003,1001,998,996,993,991,989,986,984,982,980,979,977,976,975,974,973,973,973,973,973,973,973,974,974,975,976,976,977,978,979,980,981,982,983,984,986,987,988,990,991,992,994,995,997,998,1000,1001,1003,1004,1006,1007,1009,1010,1011,1012,1014,1015,1016,1017,1018,1019,1020,1021,1021,1022,1022,1023,1023,1024,1024,1024

lead:II
count:850
points:1024,1024,1024,1024,1024,1024,1024,1024,1024,1024,1024,1024,1024,1024,1024,1024,1024,1024,1024,1024,1024,1024,1024,1024,1024,1024,1024,1024,1024,1024,1024,1024,1024,1024,1024,1024,1024,1024,1024,1024,1024,1024,1024,1024,1024,1024,1024,1024,1024,1024,1024,1024,1024,1024,1024,1024,1024,1024,1024,1024,1024,1024,1024,1025,1026,1027,1028,1029,1031,1033,1034,1037,1039,1041,1044,1046,1049,1051,1054,1057,1060,1063,1065,1068,1071,1074,1076,1079,1081,1083,1085,1087,1089,1090,1092,1093,1094,1095,1095,1096,1096,1096,1095,1095,1094,1093,1092,1090,1089,1087,1085,1083,1081,1079,1076,1074,1071,1068,1065,1063,1060,1057,1054,1051,1049,1046,1044,1041,1039,1037,1034,1033,1031,1029,1028,1027,1026,1025,1024,1024,1024,1024,1024,1024,1024,1023,1023,1022,1020,1018,1015,1010,1005,988,988,985,982,979,976,973,970,967,964,957,957,980,1002,1024,1046,1069,1091,1113,1135,1158,1180,1202,1224,1247,1269,1291,1313,1336,1358,1380,1402,1425,1447,1469,1491,1536,1536,1507,1479,1451,1422,1394,1366,1339,1311,1284,1258,1232,1206,1181,1156,1132,1109,1086,1064,1042,1022,1002,983,965,948,931,916,902,888,876,864,854,845,836,829,823,818,814,811,809,809,843,873,899,921,940,956,969,979,987,993,998,1000,1002,1003,1004,1004,1004,1004,1004,1004,1004,1004,1005,1005,1005,1005,1005,1005,1005,1006,1006,1006,1006,1006,1006,1006,1007,1007,1007,1007,1007,1007,1007,1008,1008,1008,1008,1008,1008,1008,1009,1009,1009,1009,1009,1009,1010,1010,1010,1010,1010,1010,1010,1011,1011,1011,1011,1011,1011,1011,1012,1012,1012,1012,1012,1012,1012,1013,1013,1013,1013,1013,1013,1013,1014,1014,1014,1014,1014,1014,1014,1015,1015,1015,1016,1016,1016,1017,1018,1018,1019,1019,1020,1021,1022,1022,1023,1024,1025,1026,1027,1028,1029,1030,1032,1033,1034,1035,1036,1038,1039,1040,1042,1043,1044,1046,1047,1049,1050,1051,1053,1054,1056,1057,1059,1060,1062,1063,1065,1066,1068,1070,1071,1073,1074,1076,1077,1078,1080,1081,1083,1084,1086,1087,1088,1090,1091,1092,1094,1095,1096,1097,1098,1100,1101,1102,1103,1104,1105,1106,1107,1107,1108,1109,1110,1111,1111,1112,1112,1113,1113,1114,1114,1115,1115,1115,1116,1116,1116,1116,1116,1116,1116,1116,1116,1115,1115,1114,1114,1113,1112,1111,1110,1109,1108,1107,1106,1104,1103,1101,1100,1098,1096,1094,1093,1091,1089,1087,1085,1083,1081,1079,1076,1074,1072,1070,1068,1066,1064,1062,1060,1057,1055,1053,1051,1050,1048,1046,1044,1042,1041,1039,1037,1036,1035,1033,1032,1031,1030,1029,1028,1027,1026,1026,1025,1025,1024,1024,1024,1024,1024,1024,1024,1024,1024,1024,1024,1024,1024,1024,1024,1024,1024,1024,1024,1024,1024,1024,1024,1024,1024,1024,1024,1024,1024,1024,1024,1024,1024,1024,1025,1028,1033,1040,1049,1060,1072,1087,1103,1120,1139,1160,1182,1204,1228,1253,1279,1305,1331,1358,1385,1412,1439,1465,1491,1517,1542,1565,1588,1610,1630,1650,1667,1683,1698,1710,1721,1730,1737,1742,1745,1746,1744,1738,1729,1716,1700,1680,1658,1632,1604,1573,1540,1506,1470,1433,1395,1357,1319,1281,1244,1208,1173,1141,1110,1082,1056,1033,1014,997,984,975,970,968,967,966,963,960,955,950,944,937,929,921,912,903,893,883,873,863,852,842,832,823,813,804,796,789,782,775,770,766,762,760,758,758,758,759,760,761,763,766,769,772,776,780,784,789,794,800,805,811,818,824,831,838,845,853,860,868,875,883,891,899,906,914,922,929,936,944,951,957,964,970,976,982,988,993,998,1002,1006,1010,1013,1016,1018,1020,1022,1023,1024,1024,1024,1024,1024,1024,1024,1024,1024,1024,1024,1024,1025,1028,1033,1040,1049,1060,1072,1087,1103,1120,1139,1160,1182,1204,1228,1253,1279,1305,1331,1358,1385,1412,1439,1465,1491,1517,1542,1565,1588,1610,1630,1650,1667,1683,1698,1710,1721,1730,1737,1742,1745,1746,1744,1738,1729,1716,1700,1680,1658,1632,1604,1573,1540,1506,1470,1433,1395,1357,1319,1281,1244,1208,1173,1141,1110,1082,1056,1033,1014,997,984,975,970,968,967,966,963,960,955,950,944,937,929,921,912,903,893,883,873,863,852,842,832,823,813,804,796,789,782,775,770,766,762,760,758,758,758,759,760,761,763,766,769,772,776,780,784,789,794,800,805,811,818,824,831,838,845,853,860,868,875,883,891,899,906,914,922,929,936,944,951,957,964,970,976,982,988,993,998,1002,1006,1010,1013,1016,1018,1020,1022,1023,1024

lead:III
count:850
points:1024,1024,1024,1024,1024,1024,1024,1024,1024,1024,1024,1024,1024,1024,1024,1024,1024,1024,1024,1024,1024,1024,1024,1024,1024,1024,1024,1024,1024,1024,1024,1024,1024,1024,1024,1024,1024,1024,1024,1024,1024,1024,1024,1024,1024,1024,1024,1024,1024,1024,1024,1024,1024,1024,1024,1024,1024,1024,1024,1024,1024,1024,1024,1024,1025,1025,1025,1026,1026,1027,1028,1028,1029,1030,1031,1032,1033,1034,1035,1036,1037,1038,1039,1040,1041,1042,1043,1043,1044,1045,1046,1047,1047,1048,1048,1049,1049,1049,1049,1050,1050,1050,1049,1049,1049,1049,1048,1048,1047,1047,1046,1045,1044,1043,1043,1042,1041,1040,1039,1038,1037,1036,1035,1034,1033,1032,1031,1030,1029,1028,1028,1027,1026,1026,1025,1025,1025,1024,1024,1024,1024,1024,1024,1024,1024,1023,1023,1022,1020,1018,1015,1010,1005,988,988,987,986,985,984,983,982,981,980,978,978,979,981,984,989,996,1004,1013,1023,1035,1048,1062,1077,1093,1111,1129,1148,1168,1189,1210,1232,1255,1278,1301,1325,1372,1372,1352,1333,1313,1294,1274,1255,1236,1217,1198,1180,1162,1144,1127,1110,1093,1077,1062,1046,1032,1017,1004,991,978,966,955,944,934,925,916,909,901,895,889,884,880,877,874,872,870,870,894,914,932,947,960,971,980,987,992,997,999,1001,1003,1003,1004,1004,1004,1004,1004,1004,1004,1004,1005,1005,1005,1005,1005,1005,1005,1006,1006,1006,1006,1006,1006,1006,1007,1007,1007,1007,1007,1007,1007,1008,1008,1008,1008,1008,1008,1008,1009,1009,1009,1009,1009,1009,1010,1010,1010,1010,1010,1010,1010,1011,1011,1011,1011,1011,1011,1011,1012,1012,1012,1012,1012,1012,1012,1013,1013,1013,1013,1013,1013,1013,1014,1014,1014,1014,1014,1014,1014,1014,1014,1014,1015,1015,1015,1015,1015,1016,1016,1016,1017,1017,1017,1018,1018,1018,1019,1019,1020,1020,1021,1021,1022,1022,1023,1023,1024,1025,1025,1026,1026,1027,1028,1028,1029,1029,1030,1031,1031,1032,1033,1033,1034,1035,1035,1036,1037,1037,1038,1039,1040,1040,1041,1042,1042,1043,1044,1044,1045,1045,1046,1047,1047,1048,1049,1049,1050,1050,1051,1051,1052,1052,1053,1053,1054,1054,1055,1055,1056,1056,1056,1057,1057,1057,1058,1058,1058,1058,1059,1059,1059,1059,1059,1059,1060,1060,1060,1060,1060,1060,1060,1060,1060,1060,1059,1059,1059,1059,1058,1058,1058,1057,1057,1056,1056,1055,1055,1054,1053,1053,1052,1051,1051,1050,1049,1048,1048,1047,1046,1045,1044,1044,1043,1042,1041,1040,1039,1039,1038,1037,1036,1035,1035,1034,1033,1032,1032,1031,1030,1030,1029,1029,1028,1028,1027,1027,1026,1026,1026,1025,1025,1025,1024,1024,1024,1024,1024,1024,1024,1024,1024,1024,1024,1024,1024,1024,1024,1024,1024,1024,1024,1024,1024,1024,1024,1024,1024,1024,1024,1024,1024,1024,1024,1024,1024,1024,1024,1024,1025,1027,1031,1036,1043,1052,1061,1072,1085,1098,1113,1129,1146,1164,1182,1201,1221,1241,1261,1282,1303,1324,1345,1365,1385,1405,1424,1443,1460,1477,1493,1508,1521,1534,1545,1554,1563,1570,1575,1579,1581,1582,1581,1576,1569,1559,1546,1530,1512,1492,1470,1446,1420,1392,1364,1335,1305,1275,1245,1215,1186,1157,1130,1104,1080,1058,1037,1019,1004,991,981,974,969,968,967,966,964,962,958,954,950,944,939,932,926,919,911,904,896,888,881,873,865,858,851,844,838,832,827,822,818,815,812,810,809,809,809,810,811,812,813,815,818,820,823,827,830,834,838,843,847,852,857,863,868,874,880,886,892,898,904,910,916,923,929,935,941,947,953,959,965,970,976,981,986,990,995,999,1003,1006,1010,1013,1015,1018,1019,1021,1022,1023,1024,1024,1024,1024,1024,1024,1024,1024,1024,1024,1024,1024,1025,1027,1031,1036,1043,1052,1061,1072,1085,1098,1113,1129,1146,1164,1182,1201,1221,1241,1261,1282,1303,1324,1345,1365,1385,1405,1424,1443,1460,1477,1493,1508,1521,1534,1545,1554,1563,1570,1575,1579,1581,1582,1581,1576,1569,1559,1546,1530,1512,1492,1470,1446,1420,1392,1364,1335,1305,1275,1245,1215,1186,1157,1130,1104,1080,1058,1037,1019,1004,991,981,974,969,968,967,966,964,962,958,954,950,944,939,932,926,919,911,904,896,888,881,873,865,858,851,844,838,832,827,822,818,815,812,810,809,809,809,810,811,812,813,815,818,820,823,827,830,834,838,843,847,852,857,863,868,874,880,886,892,898,904,910,916,923,929,935,941,947,953,959,965,970,976,981,986,990,995,999,1003,1006,1010,1013,1015,1018,1019,1021,1022,1023,1024

lead:aVR
count:850
points:1024,1024,1024,1024,1024,1024,1024,1024,1024,1024,1024,1024,1024,1024,1024,1024,1024,1024,1024,1024,1024,1024,1024,1024,1024,1024,1024,1024,1024,1024,1024,1024,1024,1024,1024,1024,1024,1024,1024,1024,1024,1024,1024,1024,1024,1024,1024,1024,1024,1024,1024,1024,1024,1024,1024,1024,1024,1024,1024,1024,1024,1024,1024,1023,1022,1021,1020,1019,1018,1016,1014,1012,1010,1008,1005,1003,1001,998,995,993,990,987,985,982,980,977,975,972,970,968,966,964,963,961,960,959,958,957,956,956,956,956,956,957,958,959,960,961,963,964,966,968,970,972,975,977,980,982,985,987,990,993,995,998,1001,1003,1005,1008,1010,1012,1014,1016,1018,1019,1020,1021,1022,1023,1024,1024,1024,1024,1024,1024,1024,1024,1025,1025,1026,1028,1029,1032,1035,1045,1045,1048,1051,1054,1057,1059,1062,1065,1068,1074,1074,1073,1071,1067,1061,1054,1046,1035,1024,1011,996,981,963,945,926,905,884,862,838,815,790,765,739,713,687,634,634,655,677,698,720,741,762,783,804,824,844,864,883,902,921,939,957,974,991,1007,1023,1038,1052,1066,1079,1091,1103,1114,1124,1133,1142,1150,1157,1163,1168,1173,1177,1180,1182,1184,1184,1158,1135,1115,1098,1084,1072,1062,1054,1048,1044,1040,1038,1037,1036,1036,1036,1036,1036,1036,1035,1035,1035,1035,1035,1035,1035,1035,1035,1035,1035,1035,1034,1034,1034,1034,1034,1034,1034,1034,1034,1034,1034,1034,1033,1033,1033,1033,1033,1033,1033,1033,1033,1033,1033,1033,1032,1032,1032,1032,1032,1032,1032,1032,1032,1032,1032,1032,1031,1031,1031,1031,1031,1031,1031,1031,1031,1031,1031,1031,1030,1030,1030,1030,1030,1030,1030,1030,1030,1030,1030,1029,1029,1029,1029,1028,1028,1027,1027,1027,1026,1025,1025,1024,1024,1023,1022,1021,1021,1020,1019,1018,1017,1016,1015,1014,1013,1012,1011,1010,1009,1007,1006,1005,1004,1003,1001,1000,999,997,996,995,994,992,991,990,988,987,985,984,983,981,980,979,977,976,975,973,972,971,969,968,967,966,964,963,962,961,960,958,957,956,955,954,953,952,951,950,949,949,948,947,946,945,945,944,943,943,942,942,941,941,940,940,940,939,939,939,939,938,938,938,938,938,938,939,939,939,940,940,941,942,943,944,945,946,947,948,949,951,952,954,955,957,959,960,962,964,966,968,969,971,973,975,977,979,981,983,985,987,989,991,993,995,997,998,1000,1002,1004,1005,1007,1009,1010,1011,1013,1014,1015,1016,1018,1019,1020,1020,1021,1022,1022,1023,1023,1024,1024,1024,1024,1024,1024,1024,1024,1024,1024,1024,1024,1024,1024,1024,1024,1024,1024,1024,1024,1024,1024,1024,1024,1024,1024,1024,1024,1024,1024,1024,1024,1024,1024,1023,1022,1018,1014,1009,1002,994,985,976,965,953,940,927,913,898,883,867,851,835,819,802,785,769,753,737,721,706,691,677,664,651,639,628,619,610,602,595,590,586,583,581,580,581,585,590,598,608,620,633,649,666,685,704,725,747,769,792,815,838,861,883,905,926,946,964,981,997,1011,1022,1032,1040,1046,1049,1050,1051,1052,1054,1056,1059,1063,1067,1072,1078,1084,1090,1097,1103,1110,1117,1124,1131,1138,1145,1151,1157,1162,1167,1172,1175,1179,1181,1183,1184,1184,1184,1184,1183,1182,1181,1180,1178,1176,1174,1172,1170,1167,1164,1161,1158,1154,1151,1147,1143,1139,1135,1131,1126,1122,1118,1113,1109,1104,1100,1095,1091,1086,1082,1078,1073,1069,1065,1062,1058,1054,1051,1047,1044,1041,1039,1036,1034,1032,1030,1028,1027,1026,1025,1025,1024,1024,1024,1024,1024,1024,1024,1024,1024,1024,1024,1024,1023,1022,1018,1014,1009,1002,994,985,976,965,953,940,927,913,898,883,867,851,835,819,802,785,769,753,737,721,706,691,677,664,651,639,628,619,610,602,595,590,586,583,581,580,581,585,590,598,608,620,633,649,666,685,704,725,747,769,792,815,838,861,883,905,926,946,964,981,997,1011,1022,1032,1040,1046,1049,1050,1051,1052,1053,1055,1058,1062,1065,1070,1075,1080,1086,1092,1098,1104,1111,1117,1124,1130,1137,1143,1149,1155,1160,1165,1169,1173,1176,1179,1181,1183,1184,1184,1184,1184,1183,1182,1181,1179,1178,1176,1174,1171,1168,1166,1162,1159,1156,1152,1148,1144,1140,1136,1132,1127,1123,1118,1113,1109,1104,1099,1095,1090,1086,1081,1077,1072,1068,1064,1060,1056,1053,1049,1046,1043,1040,1037,1035,1033,1031,1029,1027,1026,1025,1025,1024

lead:aVL
count:850
points:1024,1024,1024,1024,1024,1024,1024,1024,1024,1024,1024,1024,1024,1024,1024,1024,1024,1024,1024,1024,1024,1024,1024,1024,1024,1024,1024,1024,1024,1024,1024,1024,1024,1024,1024,1024,1024,1024,1024,1024,1024,1024,1024,1024,1024,1024,1024,1024,1024,1024,1024,1024,1024,1024,1024,1024,1024,1024,1024,1024,1024,1024,1024,1024,1024,1024,1025,1025,1025,1025,1026,1026,1026,1027,1027,1028,1028,1029,1029,1029,1030,1030,1031,1031,1032,1032,1033,1033,1033,1034,1034,1034,1035,1035,1035,1035,1036,1036,1036,1036,1036,1036,1036,1036,1036,1035,1035,1035,1035,1034,1034,1034,1033,1033,1033,1032,1032,1031,1031,1030,1030,1029,1029,1029,1028,1028,1027,1027,1026,1026,1026,1025,1025,1025,1025,1024,1024,1024,1024,1024,1024,1024,1024,1024,1024,1024,1025,1025,1026,1028,1029,1032,1035,1045,1045,1044,1044,1043,1042,1042,1041,1041,1040,1039,1039,1039,1038,1037,1035,1033,1031,1028,1025,1021,1017,1013,1008,1003,998,992,986,980,974,967,961,954,947,939,932,918,918,924,930,936,943,949,955,961,967,973,979,984,990,996,1001,1006,1011,1016,1021,1026,1030,1035,1039,1043,1047,1050,1054,1057,1060,1063,1065,1067,1069,1071,1073,1074,1075,1076,1077,1077,1077,1070,1064,1058,1053,1049,1046,1043,1041,1039,1038,1037,1036,1036,1036,1036,1036,1036,1036,1036,1035,1035,1035,1035,1035,1035,1035,1035,1035,1035,1035,1035,1034,1034,1034,1034,1034,1034,1034,1034,1034,1034,1034,1034,1033,1033,1033,1033,1033,1033,1033,1033,1033,1033,1033,1033,1032,1032,1032,1032,1032,1032,1032,1032,1032,1032,1032,1032,1031,1031,1031,1031,1031,1031,1031,1031,1031,1031,1031,1031,1030,1030,1030,1030,1030,1030,1030,1030,1030,1030,1030,1030,1030,1030,1030,1030,1030,1030,1030,1030,1030,1030,1030,1030,1030,1030,1030,1030,1031,1031,1031,1031,1031,1031,1031,1031,1031,1031,1031,1031,1031,1031,1031,1032,1032,1032,1032,1032,1032,1032,1032,1032,1032,1032,1032,1033,1033,1033,1033,1033,1033,1033,1033,1033,1033,1033,1033,1034,1034,1034,1034,1034,1034,1034,1034,1034,1034,1034,1034,1035,1035,1035,1035,1035,1035,1035,1035,1035,1035,1035,1035,1035,1035,1035,1035,1035,1035,1036,1036,1036,1036,1036,1036,1036,1036,1036,1036,1036,1036,1036,1036,1036,1036,1036,1036,1036,1036,1036,1036,1036,1035,1035,1035,1035,1035,1035,1035,1034,1034,1034,1034,1034,1033,1033,1033,1033,1033,1032,1032,1032,1032,1031,1031,1031,1030,1030,1030,1030,1029,1029,1029,1029,1028,1028,1028,1028,1027,1027,1027,1027,1026,1026,1026,1026,1026,1025,1025,1025,1025,1025,1025,1025,1024,1024,1024,1024,1024,1024,1024,1024,1024,1024,1024,1024,1024,1024,1024,1024,1024,1024,1024,1024,1024,1024,1024,1024,1024,1024,1024,1024,1024,1024,1024,1024,1024,1024,1024,1024,1024,1024,1024,1024,1023,1022,1020,1017,1014,1011,1007,1002,997,992,987,981,974,968,961,954,947,939,932,925,917,910,903,895,888,882,875,869,863,857,852,847,843,839,835,832,830,828,826,826,825,826,828,830,834,839,845,851,859,867,876,886,896,906,917,928,940,951,962,973,983,993,1003,1012,1020,1028,1034,1040,1045,1049,1052,1053,1054,1054,1054,1055,1056,1057,1058,1060,1062,1064,1066,1069,1071,1074,1076,1079,1082,1085,1087,1090,1093,1095,1098,1100,1102,1104,1105,1107,1108,1109,1110,1110,1110,1110,1110,1110,1109,1108,1108,1107,1106,1104,1103,1102,1100,1098,1097,1095,1093,1091,1089,1086,1084,1082,1079,1077,1075,1072,1070,1067,1065,1062,1060,1057,1055,1052,1050,1048,1046,1043,1041,1039,1038,1036,1034,1033,1031,1030,1029,1028,1027,1026,1025,1025,1024,1024,1024,1024,1024,1024,1024,1024,1024,1024,1024,1024,1024,1024,1023,1022,1020,1017,1014,1011,1007,1002,997,992,987,981,974,968,961,954,947,939,932,925,917,910,903,895,888,882,875,869,863,857,852,847,843,839,835,832,830,828,826,826,825,826,828,830,834,839,845,851,859,867,876,886,896,906,917,928,940,951,962,973,983,993,1003,1012,1020,1028,1034,1040,1045,1049,1052,1053,1054,1054,1054,1055,1056,1057,1058,1060,1062,1064,1066,1069,1071,1074,1076,1079,1082,1085,1087,1090,1093,1095,1098,1100,1102,1104,1105,1107,1108,1109,1110,1110,1110,1110,1110,1110,1109,1108,1108,1107,1106,1104,1103,1102,1100,1098,1097,1095,1093,1091,1089,1086,1084,1082,1079,1077,1075,1072,1070,1067,1065,1062,1060,1057,1055,1052,1050,1048,1046,1043,1041,1039,1038,1036,1034,1033,1031,1030,1029,1028,1027,1026,1025,1025,1024,1024

lead:aVF
count:850
points:1024,1024,1024,1024,1024,1024,1024,1024,1024,1024,1024,1024,1024,1024,1024,1024,1024,1024,1024,1024,1024,1024,1024,1024,1024,1024,1024,1024,1024,1024,1024,1024,1024,1024,1024,1024,1024,1024,1024,1024,1024,1024,1024,1024,1024,1024,1024,1024,1024,1024,1024,1024,1024,1024,1024,1024,1024,1024,1024,1024,1024,1024,1024,1025,1025,1026,1027,1028,1029,1031,1032,1034,1036,1037,1039,1041,1043,1046,1048,1050,1052,1054,1056,1059,1061,1063,1065,1067,1069,1070,1072,1073,1075,1076,1077,1078,1079,1079,1080,1080,1080,1080,1080,1079,1079,1078,1077,1076,1075,1073,1072,1070,1069,1067,1065,1063,1061,1059,1056,1054,1052,1050,1048,1046,1043,1041,1039,1037,1036,1034,1032,1031,1029,1028,1027,1026,1025,1025,1024,1024,1024,1024,1024,1024,1024,1023,1023,1021,1020,1017,1013,1008,1002,983,983,980,978,976,973,971,968,966,964,959,959,960,963,968,975,984,995,1008,1023,1040,1058,1078,1100,1123,1148,1174,1202,1230,1260,1290,1321,1354,1386,1419,1453,1521,1521,1493,1465,1437,1410,1382,1355,1328,1301,1275,1249,1224,1199,1174,1150,1126,1104,1081,1060,1039,1019,1000,981,963,947,931,916,902,888,876,865,855,846,838,831,825,820,816,813,811,811,844,874,899,921,939,954,967,977,985,990,995,997,999,1000,1000,1000,1001,1001,1001,1001,1001,1001,1002,1002,1002,1002,1002,1002,1003,1003,1003,1003,1003,1003,1004,1004,1004,1004,1004,1004,1005,1005,1005,1005,1005,1005,1006,1006,1006,1006,1006,1006,1007,1007,1007,1007,1007,1007,1008,1008,1008,1008,1008,1008,1009,1009,1009,1009,1009,1009,1010,1010,1010,1010,1010,1010,1011,1011,1011,1011,1011,1012,1012,1012,1012,1012,1012,1012,1012,1012,1013,1013,1013,1013,1014,1014,1014,1015,1015,1016,1016,1017,1018,1018,1019,1019,1020,1021,1022,1023,1023,1024,1025,1026,1027,1028,1029,1030,1031,1032,1033,1034,1035,1037,1038,1039,1040,1041,1043,1044,1045,1046,1047,1049,1050,1051,1052,1054,1055,1056,1058,1059,1060,1061,1063,1064,1065,1066,1068,1069,1070,1071,1072,1073,1075,1076,1077,1078,1079,1080,1081,1082,1083,1084,1085,1086,1087,1088,1088,1089,1090,1091,1091,1092,1093,1093,1094,1094,1095,1095,1096,1096,1096,1097,1097,1097,1097,1098,1098,1098,1098,1098,1098,1098,1098,1097,1097,1096,1096,1095,1095,1094,1093,1092,1091,1090,1089,1088,1087,1086,1085,1083,1082,1080,1079,1077,1076,1074,1073,1071,1069,1068,1066,1064,1063,1061,1059,1058,1056,1054,1052,1051,1049,1048,1046,1044,1043,1041,1040,1039,1037,1036,1035,1034,1033,1031,1030,1030,1029,1028,1027,1026,1026,1025,1025,1025,1024,1024,1024,1024,1024,1024,1024,1024,1024,1024,1024,1024,1024,1024,1024,1024,1024,1024,1024,1024,1024,1024,1024,1024,1024,1024,1024,1024,1024,1024,1024,1024,1024,1024,1025,1028,1032,1038,1046,1056,1067,1080,1094,1110,1127,1145,1164,1185,1206,1228,1251,1274,1297,1321,1345,1369,1393,1417,1440,1463,1485,1506,1526,1546,1564,1581,1597,1611,1624,1635,1644,1652,1659,1663,1666,1667,1665,1660,1651,1640,1625,1607,1587,1564,1538,1510,1481,1449,1417,1383,1349,1315,1280,1246,1213,1180,1149,1119,1092,1066,1043,1022,1004,990,978,970,965,963,962,961,959,956,952,948,942,937,930,923,915,907,899,890,882,873,864,855,847,838,830,823,816,809,803,798,793,789,786,784,783,783,783,783,784,786,788,790,792,795,799,802,806,811,816,820,826,831,837,843,849,855,862,869,875,882,889,896,903,910,917,924,931,938,945,951,957,964,970,975,981,986,991,996,1000,1004,1008,1011,1014,1017,1019,1021,1022,1023,1024,1024,1024,1024,1024,1024,1024,1024,1024,1024,1024,1024,1025,1028,1032,1038,1046,1056,1067,1080,1094,1110,1127,1145,1164,1185,1206,1228,1251,1274,1297,1321,1345,1369,1393,1417,1440,1463,1485,1506,1526,1546,1564,1581,1597,1611,1624,1635,1644,1652,1659,1663,1666,1667,1665,1660,1651,1640,1625,1607,1587,1564,1538,1510,1481,1449,1417,1383,1349,1315,1280,1246,1213,1180,1149,1119,1092,1066,1043,1022,1004,990,978,970,965,963,962,961,959,956,952,948,942,937,930,923,915,907,899,890,882,873,864,855,847,838,830,823,816,809,803,798,793,789,786,784,783,783,783,783,784,786,788,790,792,795,799,802,806,811,816,820,826,831,837,843,849,855,862,869,875,882,889,896,903,910,917,924,931,938,945,951,957,964,970,975,981,986,991,996,1000,1004,1008,1011,1014,1017,1019,1021,1022,1023,1024

lead:V1
count:850
points:1024,1024,1024,1024,1024,1024,1024,1024,1024,1024,1024,1024,1024,1024,1024,1024,1024,1024,1024,1024,1024,1024,1024,1024,1024,1024,1024,1024,1024,1024,1024,1024,1024,1024,1024,1024,1024,1024,1024,1024,1024,1024,1024,1024,1024,1024,1024,1024,1024,1024,1024,1024,1024,1024,1024,1024,1024,1024,1024,1024,1024,1024,1024,1023,1023,1022,1021,1020,1019,1018,1016,1015,1013,1011,1009,1008,1006,1004,1001,999,997,995,993,991,989,987,985,983,982,980,978,977,976,974,973,973,972,971,971,971,971,971,971,971,972,973,973,974,976,977,978,980,982,983,985,987,989,991,993,995,997,999,1001,1004,1006,1008,1009,1011,1013,1015,1016,1018,1019,1020,1021,1022,1023,1023,1024,1024,1024,1024,1024,1024,1024,1024,1024,1024,1024,1024,1024,1024,1024,1024,1024,1024,1024,1024,1024,1025,1027,1029,1032,1043,1043,1043,1043,1043,1043,1042,1042,1041,1041,1040,1039,1038,1037,1036,1035,1034,1032,1031,1030,1028,1027,1026,1024,1023,1021,1018,1018,1004,990,977,963,950,936,923,910,897,884,871,859,847,835,823,812,801,790,780,770,760,751,743,734,726,719,712,706,700,694,689,684,680,677,674,672,670,668,667,667,730,785,833,874,908,937,961,979,994,1005,1013,1018,1022,1023,1024,1024,1024,1024,1025,1025,1025,1025,1026,1026,1026,1026,1026,1027,1027,1027,1027,1028,1028,1028,1028,1029,1029,1029,1029,1029,1030,1030,1030,1030,1031,1031,1031,1031,1031,1032,1032,1032,1032,1033,1033,1033,1033,1034,1034,1034,1034,1034,1035,1035,1035,1035,1036,1036,1036,1036,1036,1037,1037,1037,1037,1038,1038,1038,1038,1039,1039,1039,1039,1039,1040,1040,1040,1040,1040,1040,1040,1041,1041,1041,1042,1042,1042,1043,1043,1044,1045,1045,1046,1047,1047,1048,1049,1050,1051,1052,1053,1054,1055,1056,1057,1058,1059,1060,1062,1063,1064,1065,1067,1068,1069,1071,1072,1073,1075,1076,1077,1079,1080,1082,1083,1085,1086,1087,1089,1090,1092,1093,1095,1096,1098,1099,1100,1102,1103,1105,1106,1107,1109,1110,1111,1113,1114,1115,1116,1118,1119,1120,1121,1122,1123,1124,1125,1126,1127,1128,1129,1130,1130,1131,1132,1133,1133,1134,1134,1135,1135,1136,1136,1137,1137,1137,1137,1138,1138,1138,1138,1138,1138,1138,1137,1137,1136,1136,1135,1134,1133,1132,1131,1129,1128,1126,1125,1123,1121,1119,1117,1115,1113,1111,1109,1106,1104,1102,1099,1097,1094,1091,1089,1086,1084,1081,1078,1076,1073,1071,1068,1065,1063,1060,1058,1056,1053,1051,1049,1047,1045,1043,1041,1039,1037,1036,1034,1033,1031,1030,1029,1028,1027,1026,1026,1025,1025,1024,1024,1024,1024,1024,1024,1024,1024,1024,1024,1024,1024,1024,1024,1024,1024,1024,1024,1024,1024,1024,1024,1024,1024,1024,1023,1023,1023,1023,1023,1023,1022,1022,1007,991,975,960,944,929,914,899,884,869,854,840,826,812,799,786,773,761,748,737,725,715,704,694,685,675,667,659,651,644,638,632,626,621,617,613,610,607,605,604,603,602,603,604,607,610,614,619,624,631,638,647,656,666,676,688,700,712,726,740,754,769,785,801,817,834,851,869,886,904,922,941,959,977,978,979,981,984,988,992,997,1003,1009,1016,1023,1031,1039,1047,1056,1064,1073,1081,1089,1097,1105,1112,1119,1125,1131,1136,1140,1144,1147,1149,1150,1151,1151,1150,1150,1149,1148,1147,1146,1144,1142,1140,1138,1136,1133,1131,1128,1125,1122,1119,1116,1112,1109,1106,1102,1098,1095,1091,1087,1084,1080,1076,1073,1069,1066,1062,1059,1056,1053,1050,1047,1044,1041,1039,1037,1034,1032,1031,1029,1028,1027,1026,1025,1024,1024,1024,1024,1024,1023,1023,1023,1023,1023,1023,1022,1022,1007,991,975,960,944,929,914,899,884,869,854,840,826,812,799,786,773,761,748,737,725,715,704,694,685,675,667,659,651,644,638,632,626,621,617,613,610,607,605,604,603,602,603,604,607,610,614,619,624,631,638,647,656,666,676,688,700,712,726,740,754,769,785,801,817,834,851,869,886,904,922,941,959,977,978,979,981,984,988,992,997,1003,1009,1016,1023,1031,1039,1047,1056,1064,1073,1081,1089,1097,1105,1112,1119,1125,1131,1136,1140,1144,1147,1149,1150,1151,1151,1150,1150,1149,1148,1147,1146,1144,1142,1140,1138,1136,1133,1131,1128,1125,1122,1119,1116,1112,1109,1106,1102,1098,1095,1091,1087,1084,1080,1076,1073,1069,1066,1062,1059,1056,1053,1050,1047,1044,1041,1039,1037,1034,1032,1031,1029,1028,1027,1026,1025,1024,1024

lead:V2
count:850
points:1024,1024,1024,1024,1024,1024,1024,1024,1024,1024,1024,1024,1024,1024,1024,1024,1024,1024,1024,1024,1024,1024,1024,1024,1024,1024,1024,1024,1024,1024,1024,1024,1024,1024,1024,1024,1024,1024,1024,1024,1024,1024,1024,1024,1024,1024,1024,1024,1024,1024,1024,1024,1024,1024,1024,1024,1024,1024,1024,1024,1024,1024,1024,1023,1023,1022,1022,1021,1020,1019,1018,1017,1016,1014,1013,1011,1010,1008,1007,1005,1004,1002,1000,999,997,996,994,993,991,990,989,988,987,986,985,985,984,984,983,983,983,983,983,984,984,985,985,986,987,988,989,990,991,993,994,996,997,999,1000,1002,1004,1005,1007,1008,1010,1011,1013,1014,1016,1017,1018,1019,1020,1021,1022,1022,1023,1023,1024,1024,1024,1024,1024,1024,1024,1024,1024,1024,1024,1024,1024,1024,1024,1024,1024,1024,1024,1024,1024,1024,1024,1024,1024,1024,1024,1024,1025,1027,1029,1031,1035,1038,1043,1048,1053,1059,1065,1072,1079,1087,1095,1103,1112,1121,1130,1139,1149,1158,1168,1188,1188,1164,1140,1117,1093,1070,1047,1024,1001,979,957,935,914,893,872,852,833,814,795,778,761,744,728,713,699,685,673,661,650,639,630,621,613,606,600,595,591,588,586,584,584,661,729,788,838,881,917,946,969,987,1001,1011,1017,1021,1023,1024,1024,1024,1025,1025,1025,1026,1026,1027,1027,1027,1028,1028,1028,1029,1029,1029,1030,1030,1031,1031,1031,1032,1032,1032,1033,1033,1034,1034,1034,1035,1035,1035,1036,1036,1036,1037,1037,1038,1038,1038,1039,1039,1039,1040,1040,1040,1041,1041,1042,1042,1042,1043,1043,1043,1044,1044,1044,1045,1045,1046,1046,1046,1047,1047,1047,1048,1048,1049,1049,1049,1050,1050,1050,1050,1050,1050,1051,1051,1051,1052,1052,1053,1053,1054,1055,1056,1056,1057,1058,1059,1060,1061,1062,1063,1064,1066,1067,1068,1070,1071,1072,1074,1075,1077,1078,1080,1081,1083,1085,1086,1088,1090,1091,1093,1095,1097,1098,1100,1102,1104,1106,1107,1109,1111,1113,1115,1116,1118,1120,1122,1124,1125,1127,1129,1131,1132,1134,1136,1137,1139,1141,1142,1144,1145,1147,1148,1150,1151,1153,1154,1155,1156,1158,1159,1160,1161,1162,1163,1164,1165,1166,1167,1167,1168,1169,1169,1170,1170,1171,1171,1172,1172,1172,1172,1172,1172,1172,1172,1172,1172,1171,1171,1170,1169,1167,1166,1165,1163,1161,1159,1157,1155,1153,1151,1148,1146,1143,1140,1137,1134,1131,1128,1125,1122,1119,1115,1112,1108,1105,1102,1098,1095,1091,1088,1085,1081,1078,1075,1071,1068,1065,1062,1059,1056,1054,1051,1048,1046,1043,1041,1039,1037,1035,1033,1032,1030,1029,1028,1027,1026,1025,1025,1024,1024,1024,1024,1024,1024,1024,1024,1024,1024,1024,1024,1024,1024,1024,1024,1024,1024,1024,1024,1024,1024,1024,1024,1024,1024,1024,1024,1024,1024,1024,1024,1024,1024,1025,1026,1028,1030,1032,1035,1038,1042,1046,1050,1055,1060,1065,1070,1076,1082,1088,1094,1100,1106,1112,1118,1124,1130,1136,1141,1147,1152,1157,1162,1166,1170,1174,1177,1180,1182,1184,1186,1187,1188,1188,1187,1186,1184,1182,1178,1174,1169,1164,1158,1151,1145,1137,1130,1122,1114,1106,1098,1090,1082,1075,1067,1060,1054,1048,1043,1038,1034,1030,1028,1026,1024,1024,1024,1024,1023,1022,1021,1020,1018,1017,1015,1013,1010,1008,1006,1003,1001,998,996,993,991,989,986,984,982,980,979,977,976,975,974,973,973,973,973,973,973,973,974,974,975,976,976,977,978,979,980,981,982,983,984,986,987,988,990,991,992,994,995,997,998,1000,1001,1003,1004,1006,1007,1009,1010,1011,1012,1014,1015,1016,1017,1018,1019,1020,1021,1021,1022,1022,1023,1023,1024,1024,1024,1024,1024,1024,1024,1024,1024,1024,1024,1024,1024,1024,1024,1025,1026,1028,1030,1032,1035,1038,1042,1046,1050,1055,1060,1065,1070,1076,1082,1088,1094,1100,1106,1112,1118,1124,1130,1136,1141,1147,1152,1157,1162,1166,1170,1174,1177,1180,1182,1184,1186,1187,1188,1188,1187,1186,1184,1182,1178,1174,1169,1164,1158,1151,1145,1137,1130,1122,1114,1106,1098,1090,1082,1075,1067,1060,1054,1048,1043,1038,1034,1030,1028,1026,1024,1024,1024,1024,1023,1022,1021,1020,1018,1017,1015,1013,1010,1008,1006,1003,1001,998,996,993,991,989,986,984,982,980,979,977,976,975,974,973,973,973,973,973,973,973,974,974,975,976,976,977,978,979,980,981,982,983,984,986,987,988,990,991,992,994,995,997,998,1000,1001,1003,1004,1006,1007,1009,1010,1011,1012,1014,1015,1016,1017,1018,1019,1020,1021,1021,1022,1022,1023,1023,1024,1024,1024

lead:V3
count:850
points:1024,1024,1024,1024,1024,1024,1024,1024,1024,1024,1024,1024,1024,1024,1024,1024,1024,1024,1024,1024,1024,1024,1024,1024,1024,1024,1024,1024,1024,1024,1024,1024,1024,1024,1024,1024,1024,1024,1024,1024,1024,1024,1024,1024,1024,1024,1024,1024,1024,1024,1024,1024,1024,1024,1024,1024,1024,1024,1024,1024,1024,1024,1024,1024,1023,1023,1023,1022,1022,1021,1021,1020,1019,1019,1018,1017,1016,1015,1015,1014,1013,1012,1011,1010,1009,1009,1008,1007,1006,1006,1005,1004,1004,1003,1003,1003,1002,1002,1002,1002,1002,1002,1002,1002,1002,1003,1003,1003,1004,1004,1005,1006,1006,1007,1008,1009,1009,1010,1011,1012,1013,1014,1015,1015,1016,1017,1018,1019,1019,1020,1021,1021,1022,1022,1023,1023,1023,1024,1024,1024,1024,1024,1024,1024,1024,1024,1024,1024,1024,1024,1024,1024,1024,1024,1024,1024,1024,1024,1024,1023,1021,1019,1016,1005,1005,1005,1007,1010,1014,1019,1026,1033,1042,1052,1063,1074,1087,1101,1115,1130,1146,1163,1180,1198,1217,1235,1255,1274,1294,1333,1333,1303,1273,1243,1213,1184,1154,1125,1096,1068,1040,1012,985,958,932,907,882,858,835,812,791,770,750,731,713,695,679,664,650,637,625,614,604,595,587,581,576,571,568,566,566,647,717,778,831,875,912,943,967,986,1000,1010,1017,1021,1023,1024,1024,1024,1025,1025,1026,1026,1027,1027,1028,1028,1028,1029,1029,1030,1030,1031,1031,1032,1032,1033,1033,1033,1034,1034,1035,1035,1036,1036,1037,1037,1037,1038,1038,1039,1039,1040,1040,1041,1041,1042,1042,1042,1043,1043,1044,1044,1045,1045,1046,1046,1046,1047,1047,1048,1048,1049,1049,1050,1050,1051,1051,1051,1052,1052,1053,1053,1054,1054,1055,1055,1055,1055,1056,1056,1056,1056,1056,1057,1057,1058,1058,1059,1060,1060,1061,1062,1063,1063,1064,1065,1066,1068,1069,1070,1071,1072,1074,1075,1076,1078,1079,1081,1082,1084,1086,1087,1089,1091,1092,1094,1096,1098,1099,1101,1103,1105,1107,1109,1111,1112,1114,1116,1118,1120,1122,1124,1126,1128,1130,1132,1133,1135,1137,1139,1141,1143,1144,1146,1148,1150,1151,1153,1155,1156,1158,1159,1161,1162,1164,1165,1166,1168,1169,1170,1171,1173,1174,1175,1176,1177,1178,1178,1179,1180,1181,1181,1182,1182,1183,1183,1184,1184,1184,1184,1185,1185,1185,1185,1184,1184,1183,1183,1182,1181,1179,1178,1176,1175,1173,1171,1168,1166,1164,1161,1158,1156,1153,1150,1147,1143,1140,1137,1133,1130,1126,1123,1119,1115,1112,1108,1104,1101,1097,1093,1090,1086,1082,1079,1075,1072,1069,1065,1062,1059,1056,1053,1050,1048,1045,1043,1040,1038,1036,1034,1032,1031,1029,1028,1027,1026,1025,1025,1024,1024,1024,1024,1024,1024,1024,1024,1024,1024,1024,1024,1024,1024,1024,1024,1024,1024,1024,1024,1024,1024,1024,1028,1041,1061,1087,1114,1142,1168,1188,1201,1205,1182,1160,1137,1115,1093,1071,1049,1027,1006,985,964,944,923,904,884,866,847,829,812,795,779,763,748,734,720,707,695,683,672,662,653,644,636,629,623,618,613,609,606,604,603,602,623,643,663,683,702,722,741,760,778,796,814,831,847,863,878,893,907,920,932,944,955,965,974,982,989,995,1001,1005,1009,1011,1013,1013,1013,1014,1015,1016,1018,1020,1022,1025,1028,1032,1035,1039,1043,1047,1051,1055,1059,1063,1067,1071,1074,1078,1081,1084,1087,1089,1091,1093,1094,1095,1096,1096,1096,1096,1096,1095,1095,1094,1093,1092,1091,1090,1089,1088,1086,1085,1083,1082,1080,1078,1076,1074,1072,1070,1068,1066,1064,1062,1060,1058,1056,1054,1052,1050,1048,1046,1044,1042,1040,1039,1037,1035,1034,1032,1031,1030,1029,1028,1027,1026,1026,1025,1025,1024,1024,1024,1028,1041,1061,1087,1114,1142,1168,1188,1201,1205,1182,1160,1137,1115,1093,1071,1049,1027,1006,985,964,944,923,904,884,866,847,829,812,795,779,763,748,734,720,707,695,683,672,662,653,644,636,629,623,618,613,609,606,604,603,602,623,643,663,683,702,722,741,760,778,796,814,831,847,863,878,893,907,920,932,944,955,965,974,982,989,995,1001,1005,1009,1011,1013,1013,1013,1014,1015,1016,1018,1020,1022,1025,1028,1032,1035,1039,1043,1047,1051,1055,1059,1063,1067,1071,1074,1078,1081,1084,1087,1089,1091,1093,1094,1095,1096,1096,1096,1096,1096,1095,1095,1094,1093,1092,1091,1090,1089,1088,1086,1085,1083,1082,1080,1078,1076,1074,1072,1070,1068,1066,1064,1062,1060,1058,1056,1054,1052,1050,1048,1046,1044,1042,1040,1039,1037,1035,1034,1032,1031,1030,1029,1028,1027,1026,1026,1025,1025,1024,1024

lead:V4
count:850
points:1024,1024,1024,1024,1024,1024,1024,1024,1024,1024,1024,1024,1024,1024,1024,1024,1024,1024,1024,1024,1024,1024,1024,1024,1024,1024,1024,1024,1024,1024,1024,1024,1024,1024,1024,1024,1024,1024,1024,1024,1024,1024,1024,1024,1024,1024,1024,1024,1024,1024,1024,1024,1024,1024,1024,1024,1024,1024,1024,1024,1024,1024,1024,1024,1024,1024,1024,1024,1024,1024,1024,1024,1024,1024,1024,1024,1024,1024,1024,1024,1024,1024,1024,1024,1024,1024,1024,1024,1024,1024,1024,1024,1024,1024,1024,1024,1024,1024,1024,1024,1024,1024,1024,1024,1024,1024,1024,1024,1024,1024,1024,1024,1024,1024,1024,1024,1024,1024,1024,1024,1024,1024,1024,1024,1024,1024,1024,1024,1024,1024,1024,1024,1024,1024,1024,1024,1024,1024,1024,1024,1024,1024,1024,1024,1024,1024,1024,1024,1024,1024,1024,1024,1024,1024,1024,1024,1024,1024,1023,1022,1019,1015,1009,988,988,988,991,995,1001,1008,1017,1027,1039,1052,1067,1083,1100,1118,1138,1159,1180,1203,1226,1251,1276,1301,1327,1353,1380,1434,1434,1402,1370,1338,1306,1275,1244,1213,1182,1152,1122,1093,1064,1036,1008,981,955,930,905,881,858,836,815,794,775,757,739,723,708,694,681,670,659,650,642,635,630,625,622,619,619,691,753,807,853,893,925,952,973,990,1003,1012,1018,1021,1023,1024,1024,1024,1025,1025,1026,1026,1027,1027,1028,1028,1029,1029,1030,1030,1031,1031,1031,1032,1032,1033,1033,1034,1034,1035,1035,1036,1036,1037,1037,1037,1038,1038,1039,1039,1040,1040,1041,1041,1042,1042,1043,1043,1044,1044,1044,1045,1045,1046,1046,1047,1047,1048,1048,1049,1049,1050,1050,1051,1051,1051,1052,1052,1053,1053,1054,1054,1055,1055,1056,1056,1057,1057,1057,1057,1057,1057,1057,1058,1058,1059,1059,1060,1060,1061,1061,1062,1063,1064,1065,1065,1066,1067,1068,1069,1071,1072,1073,1074,1075,1077,1078,1079,1081,1082,1084,1085,1086,1088,1090,1091,1093,1094,1096,1097,1099,1101,1102,1104,1106,1108,1109,1111,1113,1114,1116,1118,1119,1121,1123,1125,1126,1128,1130,1131,1133,1134,1136,1138,1139,1141,1142,1144,1145,1147,1148,1149,1151,1152,1153,1155,1156,1157,1158,1159,1160,1161,1162,1163,1164,1165,1166,1167,1167,1168,1169,1169,1170,1170,1171,1171,1171,1172,1172,1172,1172,1172,1172,1172,1172,1171,1171,1170,1169,1168,1167,1166,1164,1163,1161,1159,1157,1155,1153,1150,1148,1145,1143,1140,1137,1134,1131,1128,1125,1122,1118,1115,1112,1108,1105,1101,1098,1095,1091,1088,1084,1081,1078,1075,1071,1068,1065,1062,1059,1056,1053,1051,1048,1046,1043,1041,1039,1037,1035,1033,1032,1030,1029,1028,1027,1026,1025,1025,1024,1024,1024,1024,1024,1024,1024,1024,1024,1024,1024,1024,1024,1024,1024,1024,1024,1024,1024,1024,1024,1024,1024,1032,1056,1094,1141,1193,1245,1292,1330,1354,1362,1361,1358,1354,1347,1339,1329,1318,1305,1290,1274,1257,1238,1218,1197,1176,1153,1130,1106,1082,1057,1033,1008,984,959,936,912,890,868,847,827,809,791,775,760,747,736,726,718,711,707,704,703,718,733,748,763,778,792,807,821,834,848,861,874,886,898,909,920,931,941,950,959,967,974,981,987,992,997,1001,1004,1007,1009,1010,1010,1010,1011,1012,1013,1015,1017,1020,1023,1026,1029,1033,1036,1040,1044,1048,1053,1057,1061,1065,1069,1073,1076,1079,1082,1085,1088,1090,1092,1093,1094,1095,1095,1095,1095,1094,1094,1093,1093,1092,1091,1090,1089,1088,1087,1085,1084,1082,1081,1079,1077,1075,1073,1072,1070,1068,1066,1064,1062,1059,1057,1055,1053,1051,1049,1047,1045,1044,1042,1040,1038,1037,1035,1034,1032,1031,1030,1029,1028,1027,1026,1025,1025,1025,1024,1024,1024,1032,1056,1094,1141,1193,1245,1292,1330,1354,1362,1361,1358,1354,1347,1339,1329,1318,1305,1290,1274,1257,1238,1218,1197,1176,1153,1130,1106,1082,1057,1033,1008,984,959,936,912,890,868,847,827,809,791,775,760,747,736,726,718,711,707,704,703,718,733,748,763,778,792,807,821,834,848,861,874,886,898,909,920,931,941,950,959,967,974,981,987,992,997,1001,1004,1007,1009,1010,1010,1010,1011,1012,1013,1015,1017,1020,1023,1026,1029,1033,1036,1040,1044,1048,1053,1057,1061,1065,1069,1073,1076,1079,1082,1085,1088,1090,1092,1093,1094,1095,1095,1095,1095,1094,1094,1093,1093,1092,1091,1090,1089,1088,1087,1085,1084,1082,1081,1079,1077,1075,1073,1072,1070,1068,1066,1064,1062,1059,1057,1055,1053,1051,1049,1047,1045,1044,1042,1040,1038,1037,1035,1034,1032,1031,1030,1029,1028,1027,1026,1025,1025,1025,1024,1024

lead:V5
count:850
points:1024,1024,1024,1024,1024,1024,1024,1024,1024,1024,1024,1024,1024,1024,1024,1024,1024,1024,1024,1024,1024,1024,1024,1024,1024,1024,1024,1024,1024,1024,1024,1024,1024,1024,1024,1024,1024,1024,1024,1024,1024,1024,1024,1024,1024,1024,1024,1024,1024,1024,1024,1024,1024,1024,1024,1024,1024,1024,1024,1024,1024,1024,1024,1024,1025,1025,1025,1026,1026,1027,1027,1028,1029,1029,1030,1031,1032,1033,1033,1034,1035,1036,1037,1038,1039,1039,1040,1041,1042,1042,1043,1044,1044,1045,1045,1045,1046,1046,1046,1046,1046,1046,1046,1046,1046,1045,1045,1045,1044,1044,1043,1042,1042,1041,1040,1039,1039,1038,1037,1036,1035,1034,1033,1033,1032,1031,1030,1029,1029,1028,1027,1027,1026,1026,1025,1025,1025,1024,1024,1024,1024,1024,1024,1024,1024,1024,1024,1024,1024,1024,1024,1024,1024,1024,1024,1024,1024,1024,1023,1021,1018,1013,1005,977,977,978,980,985,991,999,1009,1020,1033,1048,1064,1082,1101,1121,1143,1166,1190,1215,1241,1268,1295,1323,1352,1381,1411,1470,1470,1441,1412,1383,1355,1326,1298,1270,1242,1215,1188,1162,1135,1110,1085,1061,1037,1014,991,970,949,929,910,891,874,857,842,827,813,801,789,779,769,761,753,747,742,738,735,733,733,784,829,868,901,929,953,972,988,1000,1009,1015,1019,1022,1023,1024,1024,1024,1025,1025,1026,1026,1026,1027,1027,1028,1028,1029,1029,1029,1030,1030,1031,1031,1031,1032,1032,1033,1033,1033,1034,1034,1035,1035,1035,1036,1036,1037,1037,1038,1038,1038,1039,1039,1040,1040,1040,1041,1041,1042,1042,1042,1043,1043,1044,1044,1044,1045,1045,1046,1046,1047,1047,1047,1048,1048,1049,1049,1049,1050,1050,1051,1051,1051,1052,1052,1053,1053,1053,1053,1053,1053,1053,1054,1054,1054,1055,1055,1055,1056,1056,1057,1057,1058,1059,1059,1060,1061,1061,1062,1063,1064,1065,1066,1066,1067,1068,1069,1070,1071,1072,1074,1075,1076,1077,1078,1079,1080,1081,1083,1084,1085,1086,1088,1089,1090,1091,1093,1094,1095,1096,1098,1099,1100,1101,1103,1104,1105,1106,1107,1109,1110,1111,1112,1113,1114,1115,1117,1118,1119,1120,1121,1122,1123,1124,1125,1125,1126,1127,1128,1129,1129,1130,1131,1132,1132,1133,1133,1134,1134,1135,1135,1136,1136,1136,1136,1137,1137,1137,1137,1137,1137,1137,1137,1137,1137,1136,1136,1135,1134,1134,1133,1131,1130,1129,1127,1126,1124,1123,1121,1119,1117,1115,1113,1111,1108,1106,1104,1101,1099,1096,1094,1091,1089,1086,1083,1081,1078,1075,1073,1070,1068,1065,1063,1060,1058,1055,1053,1051,1049,1047,1044,1043,1041,1039,1037,1035,1034,1032,1031,1030,1029,1028,1027,1026,1026,1025,1025,1024,1024,1024,1024,1024,1024,1024,1024,1024,1024,1024,1024,1024,1024,1024,1024,1024,1024,1024,1024,1024,1024,1024,1035,1066,1115,1176,1244,1312,1374,1422,1454,1464,1464,1461,1457,1451,1443,1434,1423,1411,1397,1382,1366,1349,1330,1311,1291,1270,1248,1226,1203,1180,1157,1134,1112,1089,1067,1045,1024,1004,984,966,949,932,917,904,892,881,872,864,858,854,851,850,859,867,876,884,892,901,909,917,924,932,939,947,954,960,967,973,979,984,989,994,999,1003,1007,1010,1013,1016,1018,1020,1022,1023,1023,1024,1024,1024,1025,1026,1028,1030,1032,1034,1037,1040,1043,1046,1049,1053,1056,1060,1063,1067,1070,1074,1077,1080,1083,1085,1088,1090,1092,1093,1094,1095,1096,1096,1096,1096,1095,1095,1094,1094,1093,1092,1091,1090,1089,1088,1086,1085,1083,1081,1080,1078,1076,1074,1072,1070,1068,1066,1064,1062,1060,1058,1056,1054,1052,1050,1048,1046,1044,1042,1040,1038,1037,1035,1034,1032,1031,1030,1029,1028,1027,1026,1026,1025,1025,1024,1024,1024,1035,1066,1115,1176,1244,1312,1374,1422,1454,1464,1464,1461,1457,1451,1443,1434,1423,1411,1397,1382,1366,1349,1330,1311,1291,1270,1248,1226,1203,1180,1157,1134,1112,1089,1067,1045,1024,1004,984,966,949,932,917,904,892,881,872,864,858,854,851,850,859,867,876,884,892,901,909,917,924,932,939,947,954,960,967,973,979,984,989,994,999,1003,1007,1010,1013,1016,1018,1020,1022,1023,1023,1024,1024,1024,1025,1026,1028,1030,1032,1034,1037,1040,1043,1046,1049,1053,1056,1060,1063,1067,1070,1074,1077,1080,1083,1085,1088,1090,1092,1093,1094,1095,1096,1096,1096,1096,1095,1095,1094,1094,1093,1092,1091,1090,1089,1088,1086,1085,1083,1081,1080,1078,1076,1074,1072,1070,1068,1066,1064,1062,1060,1058,1056,1054,1052,1050,1048,1046,1044,1042,1040,1038,1037,1035,1034,1032,1031,1030,1029,1028,1027,1026,1026,1025,1025,1024,1024

lead:V6
count:850
points:1024,1024,1024,1024,1024,1024,1024,1024,1024,1024,1024,1024,1024,1024,1024,1024,1024,1024,1024,1024,1024,1024,1024,1024,1024,1024,1024,1024,1024,1024,1024,1024,1024,1024,1024,1024,1024,1024,1024,1024,1024,1024,1024,1024,1024,1024,1024,1024,1024,1024,1024,1024,1024,1024,1024,1024,1024,1024,1024,1024,1024,1024,1024,1025,1025,1026,1026,1027,1028,1029,1030,1031,1032,1034,1035,1037,1038,1040,1041,1043,1044,1046,1048,1049,1051,1052,1054,1055,1057,1058,1059,1060,1061,1062,1063,1063,1064,1064,1065,1065,1065,1065,1065,1064,1064,1063,1063,1062,1061,1060,1059,1058,1057,1055,1054,1052,1051,1049,1048,1046,1044,1043,1041,1040,1038,1037,1035,1034,1032,1031,1030,1029,1028,1027,1026,1026,1025,1025,1024,1024,1024,1024,1024,1024,1024,1024,1024,1024,1024,1024,1024,1024,1024,1024,1024,1019,1014,1009,1004,998,993,988,983,973,973,991,1009,1027,1044,1062,1080,1098,1116,1134,1152,1170,1188,1206,1224,1242,1260,1277,1295,1313,1331,1349,1367,1385,1403,1439,1439,1417,1396,1374,1353,1332,1311,1290,1269,1249,1229,1209,1190,1171,1152,1134,1117,1100,1083,1067,1051,1036,1022,1008,996,983,972,961,951,941,933,925,918,911,906,901,898,895,893,891,891,914,935,953,968,981,992,1000,1007,1013,1017,1020,1022,1023,1024,1024,1024,1024,1025,1025,1025,1025,1026,1026,1026,1027,1027,1027,1028,1028,1028,1028,1029,1029,1029,1030,1030,1030,1030,1031,1031,1031,1032,1032,1032,1032,1033,1033,1033,1034,1034,1034,1035,1035,1035,1035,1036,1036,1036,1037,1037,1037,1037,1038,1038,1038,1039,1039,1039,1040,1040,1040,1040,1041,1041,1041,1042,1042,1042,1042,1043,1043,1043,1044,1044,1044,1044,1044,1045,1045,1045,1045,1045,1045,1045,1045,1045,1046,1046,1046,1046,1046,1047,1047,1047,1048,1048,1048,1049,1049,1049,1050,1050,1051,1051,1052,1052,1053,1053,1054,1054,1055,1055,1056,1056,1057,1057,1058,1058,1059,1060,1060,1061,1061,1062,1063,1063,1064,1064,1065,1066,1066,1067,1067,1068,1069,1069,1070,1070,1071,1072,1072,1073,1073,1074,1074,1075,1075,1076,1076,1077,1077,1078,1078,1079,1079,1080,1080,1080,1081,1081,1082,1082,1082,1083,1083,1083,1083,1084,1084,1084,1084,1085,1085,1085,1085,1085,1085,1085,1085,1085,1085,1085,1085,1085,1085,1085,1085,1084,1084,1083,1083,1082,1082,1081,1080,1079,1078,1077,1076,1075,1074,1073,1072,1071,1070,1068,1067,1066,1064,1063,1062,1060,1059,1058,1056,1055,1053,1052,1050,1049,1048,1046,1045,1044,1042,1041,1040,1039,1037,1036,1035,1034,1033,1032,1031,1030,1029,1029,1028,1027,1027,1026,1026,1025,1025,1025,1024,1024,1024,1024,1024,1024,1024,1024,1024,1024,1024,1024,1024,1024,1024,1024,1024,1024,1024,1024,1024,1024,1024,1024,1025,1029,1036,1045,1058,1075,1097,1126,1168,1280,1280,1281,1283,1285,1288,1291,1295,1299,1304,1309,1315,1321,1328,1335,1342,1350,1358,1366,1374,1382,1390,1398,1406,1415,1423,1430,1438,1445,1452,1459,1465,1471,1476,1481,1485,1489,1493,1495,1497,1499,1500,1500,1456,1414,1374,1338,1304,1272,1243,1216,1191,1168,1148,1129,1112,1096,1082,1070,1059,1050,1042,1035,1029,1024,1020,1016,1014,1012,1011,1010,1009,1009,1009,1009,1009,1009,1008,1008,1008,1007,1006,1005,1004,1002,999,997,994,990,985,980,976,971,967,964,961,959,957,956,955,954,953,953,953,952,952,952,952,953,953,953,954,954,955,956,957,958,959,961,962,964,965,967,968,970,972,974,976,978,980,982,984,986,988,990,992,994,996,998,1000,1002,1004,1006,1008,1010,1011,1013,1014,1016,1017,1018,1019,1020,1021,1022,1022,1023,1023,1024,1024,1024,1025,1029,1036,1045,1058,1075,1097,1126,1168,1280,1280,1281,1283,1285,1288,1291,1295,1299,1304,1309,1315,1321,1328,1335,1342,1350,1358,1366,1374,1382,1390,1398,1406,1415,1423,1430,1438,1445,1452,1459,1465,1471,1476,1481,1485,1489,1493,1495,1497,1499,1500,1500,1456,1414,1374,1338,1304,1272,1243,1216,1191,1168,1148,1129,1112,1096,1082,1070,1059,1050,1042,1035,1029,1024,1020,1016,1014,1012,1011,1010,1009,1009,1009,1009,1009,1009,1008,1008,1008,1007,1006,1005,1004,1002,999,997,994,990,985,980,976,971,967,964,961,959,957,956,955,954,953,953,953,952,952,952,952,953,953,953,954,954,955,956,957,958,959,961,962,964,965,967,968,970,972,974,976,978,980,982,984,986,988,990,992,994,996,998,1000,1002,1004,1006,1008,1010,1011,1013,1014,1016,1017,1018,1019,1020,1021,1022,1022,1023,1023,1024,1024

