pathology:sinhypokal
group:electrolyte
title:Sinus rhythm during hypokalemia
name:Синусовый ритм при гипокалиемии
leads:12

lead:I
count:580
points:1024,1024,1024,1025,1025,1026,1026,1027,1028,1029,1030,1032,1033,1034,1036,1038,1039,1041,1043,1045,1047,1049,1051,1053,1055,1057,1059,1061,1064,1066,1068,1070,1071,1073,1075,1077,1078,1080,1082,1083,1084,1085,1086,1087,1088,1089,1090,1090,1090,1090,1091,1090,1090,1090,1090,1089,1088,1087,1086,1085,1084,1083,1082,1080,1078,1077,1075,1073,1071,1070,1068,1066,1064,1061,1059,1057,1055,1053,1051,1049,1047,1045,1043,1041,1039,1038,1036,1034,1033,1032,1030,1029,1028,1027,1026,1026,1025,1025,1024,1024,1024,1024,1024,1024,1024,1024,1024,1024,1024,1024,1024,1024,1024,1024,1024,1024,1024,1024,1024,1024,1024,1024,1024,1024,1024,1024,1024,1024,1024,1024,1024,1024,1023,1023,1023,1023,1022,1022,1022,1021,1021,1020,1020,1019,1018,1017,1016,1015,1014,1012,1011,1009,1008,1004,1004,1001,999,997,995,993,991,989,987,985,983,997,1011,1024,1038,1052,1066,1080,1093,1107,1121,1135,1148,1162,1176,1190,1204,1217,1231,1245,1259,1273,1286,1300,1314,1341,1341,1322,1302,1282,1263,1244,1224,1205,1186,1168,1149,1131,1114,1096,1079,1063,1047,1031,1016,1001,987,973,960,947,936,924,914,904,894,886,878,871,864,859,854,849,846,843,841,840,840,872,900,924,944,960,973,983,991,996,1000,1002,1003,1004,1004,1004,1004,1004,1004,1005,1005,1005,1005,1005,1006,1006,1006,1006,1006,1007,1007,1007,1007,1007,1008,1008,1008,1008,1008,1009,1009,1009,1009,1009,1010,1010,1010,1010,1010,1011,1011,1011,1011,1011,1012,1012,1012,1012,1012,1013,1013,1013,1013,1013,1014,1014,1014,1014,1014,1015,1015,1015,1015,1015,1016,1016,1016,1016,1016,1017,1017,1017,1017,1017,1018,1018,1018,1018,1018,1019,1019,1019,1019,1019,1019,1019,1020,1020,1020,1020,1021,1021,1021,1022,1022,1023,1023,1024,1024,1025,1026,1026,1027,1028,1028,1029,1030,1031,1032,1033,1034,1034,1035,1036,1037,1038,1039,1040,1041,1043,1044,1045,1046,1047,1048,1049,1050,1052,1053,1054,1055,1056,1057,1059,1060,1061,1062,1063,1065,1066,1067,1068,1069,1070,1072,1073,1074,1075,1076,1077,1078,1079,1080,1081,1082,1083,1084,1085,1086,1087,1088,1089,1090,1090,1091,1092,1093,1093,1094,1095,1095,1096,1096,1097,1097,1098,1098,1099,1099,1099,1100,1100,1100,1100,1101,1101,1101,1101,1101,1101,1101,1101,1101,1101,1101,1100,1100,1100,1100,1100,1100,1100,1099,1099,1099,1099,1099,1098,1098,1098,1098,1098,1097,1097,1097,1096,1096,1096,1096,1096,1096,1095,1095,1095,1095,1095,1094,1094,1093,1093,1092,1092,1091,1091,1090,1090,1089,1088,1087,1087,1086,1085,1084,1084,1083,1082,1081,1081,1080,1079,1078,1078,1077,1076,1076,1075,1074,1074,1073,1073,1072,1072,1072,1071,1071,1071,1070,1070,1070,1070,1070,1070,1070,1070,1070,1070,1069,1069,1069,1068,1068,1067,1067,1066,1066,1065,1064,1064,1063,1062,1061,1061,1060,1059,1058,1057,1056,1055,1054,1053,1052,1051,1050,1049,1048,1047,1046,1045,1044,1043,1042,1041,1040,1039,1038,1037,1036,1035,1034,1033,1033,1032,1031,1030,1030,1029,1028,1028,1027,1027,1026,1026,1025,1025,1025,1025,1024,1024,1024,1024

lead:II
count:580
points:1024,1024,1024,1025,1026,1027,1028,1029,1030,1032,1034,1036,1038,1040,1043,1045,1048,1051,1053,1056,1059,1062,1066,1069,1072,1075,1078,1082,1085,1088,1091,1094,1097,1100,1103,1105,1108,1110,1113,1115,1117,1118,1120,1122,1123,1124,1125,1125,1126,1126,1126,1126,1126,1125,1125,1124,1123,1122,1120,1118,1117,1115,1113,1110,1108,1105,1103,1100,1097,1094,1091,1088,1085,1082,1078,1075,1072,1069,1066,1062,1059,1056,1053,1051,1048,1045,1043,1040,1038,1036,1034,1032,1030,1029,1028,1027,1026,1025,1024,1024,1024,1024,1024,1024,1024,1024,1024,1024,1024,1024,1024,1024,1024,1024,1024,1024,1024,1024,1024,1024,1024,1024,1024,1024,1024,1024,1024,1024,1024,1024,1023,1023,1023,1023,1022,1022,1021,1021,1020,1019,1018,1017,1016,1015,1013,1012,1010,1008,1006,1004,1001,998,995,988,988,983,977,971,966,960,954,949,943,937,932,958,983,1009,1035,1061,1087,1112,1138,1164,1190,1216,1241,1267,1293,1319,1345,1370,1396,1422,1448,1474,1499,1525,1551,1603,1603,1574,1545,1516,1487,1459,1430,1402,1375,1347,1320,1294,1268,1242,1217,1193,1169,1146,1124,1102,1081,1061,1042,1024,1006,990,974,959,946,933,921,911,901,893,886,879,874,870,868,866,865,889,909,926,940,952,961,968,974,978,980,982,983,983,983,983,982,982,981,981,981,980,980,979,979,979,978,978,977,977,977,976,976,975,975,975,974,974,973,973,973,972,972,971,971,971,970,970,969,969,968,968,968,967,967,966,966,966,965,965,964,964,964,963,963,962,962,962,961,961,960,960,960,959,959,958,958,958,957,957,956,956,956,955,955,954,954,954,953,952,952,952,952,953,953,953,954,954,955,955,956,957,957,958,959,960,961,962,964,965,966,968,969,971,972,974,975,977,979,981,982,984,986,988,990,992,995,997,999,1001,1003,1006,1008,1010,1013,1015,1017,1020,1022,1025,1027,1029,1032,1034,1037,1039,1042,1044,1047,1049,1051,1054,1056,1059,1061,1063,1066,1068,1070,1073,1075,1077,1079,1081,1083,1085,1087,1089,1091,1093,1095,1097,1098,1100,1102,1103,1105,1106,1107,1109,1110,1111,1112,1113,1114,1115,1116,1117,1118,1118,1119,1120,1120,1120,1121,1121,1121,1121,1121,1121,1121,1121,1121,1120,1120,1119,1119,1118,1117,1117,1116,1115,1114,1114,1113,1112,1111,1110,1110,1109,1108,1108,1107,1107,1107,1106,1106,1106,1106,1106,1106,1106,1107,1107,1108,1108,1109,1110,1111,1112,1113,1114,1115,1117,1118,1120,1121,1123,1124,1126,1127,1129,1131,1132,1134,1136,1137,1139,1141,1142,1144,1146,1147,1149,1150,1151,1153,1154,1155,1156,1157,1158,1159,1160,1160,1161,1161,1162,1162,1162,1162,1162,1162,1162,1161,1161,1160,1159,1158,1157,1155,1154,1152,1151,1149,1147,1145,1143,1141,1139,1136,1134,1131,1129,1126,1123,1120,1117,1114,1112,1109,1105,1102,1099,1096,1093,1090,1087,1084,1081,1078,1075,1072,1069,1066,1063,1060,1058,1055,1052,1050,1048,1045,1043,1041,1039,1037,1035,1034,1032,1031,1030,1028,1027,1026,1026,1025,1025,1024,1024

lead:III
count:580
points:1024,1024,1024,1024,1025,1025,1025,1026,1026,1027,1027,1028,1029,1030,1030,1031,1032,1033,1034,1035,1036,1037,1039,1040,1041,1042,1043,1044,1045,1046,1047,1049,1050,1051,1052,1052,1053,1054,1055,1056,1056,1057,1058,1058,1059,1059,1059,1060,1060,1060,1060,1060,1060,1060,1059,1059,1059,1058,1058,1057,1056,1056,1055,1054,1053,1052,1052,1051,1050,1049,1047,1046,1045,1044,1043,1042,1041,1040,1039,1037,1036,1035,1034,1033,1032,1031,1030,1030,1029,1028,1027,1027,1026,1026,1025,1025,1025,1024,1024,1024,1024,1024,1024,1024,1024,1024,1024,1024,1024,1024,1024,1024,1024,1024,1024,1024,1024,1024,1024,1024,1024,1024,1024,1024,1024,1024,1024,1024,1024,1024,1024,1024,1024,1023,1023,1023,1023,1023,1022,1022,1022,1021,1021,1020,1019,1019,1018,1017,1016,1015,1014,1013,1012,1009,1009,1005,1001,998,994,991,987,984,980,976,973,985,997,1009,1021,1033,1045,1057,1069,1081,1093,1105,1117,1129,1141,1153,1165,1177,1189,1201,1213,1225,1237,1249,1261,1285,1285,1276,1267,1257,1248,1239,1230,1221,1212,1204,1195,1187,1178,1170,1162,1154,1147,1139,1132,1125,1119,1112,1106,1100,1095,1089,1084,1080,1075,1071,1068,1064,1061,1058,1056,1054,1052,1051,1050,1050,1050,1040,1033,1026,1020,1016,1012,1009,1007,1006,1005,1004,1004,1004,1004,1003,1002,1002,1001,1000,1000,999,999,998,997,997,996,996,995,994,994,993,993,992,991,991,990,990,989,988,988,987,987,986,985,985,984,984,983,982,982,981,980,980,979,979,978,977,977,976,976,975,974,974,973,973,972,971,971,970,970,969,968,968,967,967,966,965,965,964,964,963,962,962,961,960,960,959,959,957,957,957,958,958,958,958,958,958,959,959,959,960,960,961,961,962,962,963,963,964,965,965,966,967,968,968,969,970,971,972,973,974,975,976,977,978,979,980,981,983,984,985,986,987,988,990,991,992,993,995,996,997,998,1000,1001,1002,1003,1005,1006,1007,1009,1010,1011,1012,1013,1015,1016,1017,1018,1019,1020,1022,1023,1024,1025,1026,1027,1028,1029,1030,1031,1032,1033,1033,1034,1035,1036,1037,1037,1038,1039,1039,1040,1040,1041,1041,1042,1042,1043,1043,1043,1044,1044,1044,1044,1044,1044,1044,1044,1044,1044,1044,1044,1044,1044,1044,1044,1043,1043,1043,1043,1042,1042,1041,1041,1041,1040,1040,1039,1039,1038,1038,1037,1037,1036,1036,1035,1034,1034,1034,1035,1035,1035,1036,1037,1038,1039,1040,1041,1043,1045,1046,1048,1050,1052,1054,1056,1058,1061,1063,1065,1068,1070,1073,1075,1078,1080,1083,1085,1087,1090,1092,1094,1096,1098,1100,1102,1104,1106,1107,1109,1110,1111,1113,1113,1114,1115,1115,1116,1116,1116,1116,1116,1116,1115,1115,1114,1114,1113,1112,1112,1111,1110,1109,1107,1106,1105,1103,1102,1100,1099,1097,1095,1094,1092,1090,1088,1086,1084,1082,1080,1078,1076,1074,1072,1070,1068,1066,1064,1062,1060,1058,1056,1054,1052,1050,1048,1046,1045,1043,1041,1040,1038,1037,1035,1034,1033,1032,1031,1030,1029,1028,1027,1026,1026,1025,1025,1024,1024,1024

lead:aVR
count:580
points:1024,1024,1024,1023,1022,1022,1021,1019,1018,1016,1015,1013,1011,1009,1006,1004,1001,999,996,993,990,987,984,981,978,975,972,969,966,963,960,957,954,952,949,947,944,942,940,938,936,934,932,931,930,929,928,927,927,927,926,927,927,927,928,929,930,931,932,934,936,938,940,942,944,947,949,952,954,957,960,963,966,969,972,975,978,981,984,987,990,993,996,999,1001,1004,1006,1009,1011,1013,1015,1016,1018,1019,1021,1022,1022,1023,1024,1024,1024,1024,1024,1024,1024,1024,1024,1024,1024,1024,1024,1024,1024,1024,1024,1024,1024,1024,1024,1024,1024,1024,1024,1024,1024,1024,1024,1024,1024,1024,1025,1025,1025,1025,1026,1026,1026,1027,1028,1028,1029,1030,1031,1032,1034,1035,1037,1038,1040,1042,1045,1047,1050,1057,1057,1061,1065,1070,1074,1079,1083,1088,1092,1096,1101,1078,1055,1032,1009,987,964,941,918,895,872,849,827,804,781,758,735,712,690,667,644,621,598,575,552,507,507,535,563,591,619,646,674,701,728,754,780,806,831,856,880,904,927,950,971,992,1013,1032,1051,1068,1085,1101,1117,1131,1144,1156,1168,1178,1187,1195,1202,1208,1213,1217,1220,1222,1222,1190,1162,1138,1119,1103,1090,1080,1072,1067,1063,1061,1060,1059,1059,1060,1060,1060,1060,1060,1060,1060,1060,1061,1061,1061,1061,1061,1061,1061,1061,1061,1062,1062,1062,1062,1062,1062,1062,1062,1063,1063,1063,1063,1063,1063,1063,1063,1063,1064,1064,1064,1064,1064,1064,1064,1064,1064,1065,1065,1065,1065,1065,1065,1065,1065,1066,1066,1066,1066,1066,1066,1066,1066,1066,1067,1067,1067,1067,1067,1067,1067,1067,1068,1068,1068,1068,1068,1068,1068,1068,1068,1068,1068,1068,1068,1067,1067,1066,1066,1065,1065,1064,1063,1062,1062,1061,1060,1059,1058,1056,1055,1054,1053,1051,1050,1049,1047,1046,1044,1042,1041,1039,1037,1036,1034,1032,1030,1028,1027,1025,1023,1021,1019,1017,1015,1013,1011,1008,1006,1004,1002,1000,998,996,994,992,990,988,985,983,981,979,977,975,973,971,969,967,965,963,962,960,958,956,954,953,951,949,948,946,945,943,942,940,939,938,937,935,934,933,932,931,930,929,929,928,927,927,926,925,925,925,924,924,924,924,923,923,924,924,924,924,924,924,924,925,925,925,925,926,926,927,927,927,928,928,929,929,930,931,931,932,932,933,933,934,935,935,935,935,935,935,935,935,935,934,934,934,933,933,933,932,932,931,931,931,930,930,929,929,928,928,927,926,926,925,925,924,924,923,923,922,922,921,921,921,920,920,919,919,919,919,918,918,918,918,918,918,918,918,918,918,918,918,919,920,920,921,922,923,924,925,926,928,929,931,932,934,936,938,940,941,944,946,948,950,952,954,957,959,961,964,966,968,971,973,976,978,980,983,985,987,989,992,994,996,998,1000,1002,1004,1006,1008,1009,1011,1012,1014,1015,1016,1018,1019,1020,1021,1021,1022,1023,1023,1024,1024,1024

lead:aVL
count:580
points:1024,1024,1024,1024,1024,1024,1025,1025,1025,1025,1026,1026,1026,1027,1027,1028,1028,1029,1029,1030,1030,1031,1031,1032,1032,1033,1033,1034,1035,1035,1036,1036,1037,1037,1038,1038,1039,1039,1039,1040,1040,1040,1041,1041,1041,1041,1041,1042,1042,1042,1042,1042,1042,1042,1041,1041,1041,1041,1041,1040,1040,1040,1039,1039,1039,1038,1038,1037,1037,1036,1036,1035,1035,1034,1033,1033,1032,1032,1031,1031,1030,1030,1029,1029,1028,1028,1027,1027,1026,1026,1026,1025,1025,1025,1025,1024,1024,1024,1024,1024,1024,1024,1024,1024,1024,1024,1024,1024,1024,1024,1024,1024,1024,1024,1024,1024,1024,1024,1024,1024,1024,1024,1024,1024,1024,1024,1024,1024,1024,1024,1024,1024,1024,1024,1024,1024,1024,1024,1024,1024,1024,1023,1023,1023,1023,1023,1023,1023,1023,1022,1022,1022,1022,1021,1021,1022,1023,1024,1025,1025,1026,1027,1028,1029,1030,1031,1032,1033,1034,1035,1036,1037,1038,1039,1040,1041,1042,1043,1044,1045,1046,1047,1048,1049,1050,1051,1052,1053,1054,1057,1057,1050,1044,1038,1032,1027,1021,1015,1009,1003,998,992,987,981,976,971,966,961,957,952,948,944,940,936,932,929,925,922,920,917,915,912,910,909,907,906,905,904,903,903,903,927,948,965,980,992,1001,1009,1014,1018,1021,1023,1024,1024,1024,1024,1025,1025,1026,1026,1027,1027,1028,1028,1029,1029,1030,1030,1031,1031,1031,1032,1032,1033,1033,1034,1034,1035,1035,1036,1036,1037,1037,1038,1038,1038,1039,1039,1040,1040,1041,1041,1042,1042,1043,1043,1044,1044,1045,1045,1045,1046,1046,1047,1047,1048,1048,1049,1049,1050,1050,1051,1051,1052,1052,1052,1053,1053,1054,1054,1055,1055,1056,1056,1057,1057,1058,1058,1059,1059,1059,1059,1059,1059,1059,1059,1059,1059,1059,1059,1059,1059,1059,1059,1059,1059,1059,1059,1059,1059,1059,1059,1059,1059,1059,1059,1059,1059,1059,1059,1059,1059,1059,1059,1059,1059,1059,1059,1059,1059,1059,1059,1058,1058,1058,1058,1058,1058,1058,1058,1058,1058,1058,1058,1058,1058,1058,1058,1058,1058,1058,1058,1058,1058,1058,1058,1057,1057,1057,1057,1057,1057,1057,1057,1057,1057,1057,1057,1057,1057,1057,1057,1057,1057,1057,1057,1057,1057,1057,1057,1057,1057,1057,1057,1057,1057,1057,1057,1057,1057,1057,1057,1057,1057,1057,1057,1057,1057,1057,1057,1057,1057,1057,1057,1057,1057,1057,1057,1057,1057,1057,1057,1057,1057,1057,1058,1058,1058,1058,1058,1058,1058,1059,1059,1059,1059,1059,1059,1059,1059,1059,1059,1059,1058,1057,1057,1056,1055,1054,1053,1052,1050,1049,1048,1046,1044,1043,1041,1039,1038,1036,1034,1032,1030,1028,1027,1025,1023,1021,1019,1017,1016,1014,1012,1011,1009,1008,1006,1005,1004,1003,1002,1001,1000,999,999,998,998,998,997,997,997,997,998,998,998,998,998,998,998,999,999,999,1000,1000,1000,1001,1001,1002,1002,1002,1003,1003,1004,1004,1005,1005,1006,1007,1007,1008,1008,1009,1010,1010,1011,1011,1012,1012,1013,1014,1014,1015,1015,1016,1016,1017,1018,1018,1019,1019,1019,1020,1020,1021,1021,1021,1022,1022,1022,1023,1023,1023,1023,1024,1024,1024,1024,1024,1024

lead:aVF
count:580
points:1024,1024,1024,1025,1025,1026,1027,1028,1029,1030,1032,1033,1035,1037,1038,1040,1043,1045,1047,1049,1052,1054,1056,1059,1061,1064,1066,1069,1071,1074,1076,1079,1081,1083,1085,1087,1089,1091,1093,1095,1096,1098,1099,1100,1101,1102,1103,1103,1103,1104,1104,1104,1103,1103,1103,1102,1101,1100,1099,1098,1096,1095,1093,1091,1089,1087,1085,1083,1081,1079,1076,1074,1071,1069,1066,1064,1061,1059,1056,1054,1052,1049,1047,1045,1043,1040,1038,1037,1035,1033,1032,1030,1029,1028,1027,1026,1025,1025,1024,1024,1024,1024,1024,1024,1024,1024,1024,1024,1024,1024,1024,1024,1024,1024,1024,1024,1024,1024,1024,1024,1024,1024,1024,1024,1024,1024,1024,1024,1024,1024,1023,1023,1023,1023,1023,1022,1022,1021,1021,1020,1019,1018,1018,1016,1015,1014,1013,1011,1009,1007,1005,1003,1000,994,994,989,984,978,973,968,963,957,952,947,941,963,985,1007,1029,1050,1072,1094,1116,1138,1160,1181,1203,1225,1247,1269,1290,1312,1334,1356,1378,1400,1421,1443,1465,1509,1509,1487,1465,1443,1421,1399,1378,1356,1335,1314,1294,1274,1254,1234,1215,1197,1179,1161,1144,1128,1112,1096,1082,1068,1054,1042,1030,1019,1008,999,990,982,975,968,963,958,954,951,949,948,947,955,962,968,973,978,981,983,985,987,988,988,988,989,989,988,987,987,986,986,985,984,984,983,983,982,982,981,980,980,979,979,978,977,977,976,976,975,975,974,973,973,972,972,971,970,970,969,969,968,968,967,966,966,965,965,964,963,963,962,962,961,961,960,959,959,958,958,957,956,956,955,955,954,954,953,952,952,951,951,950,949,949,948,948,947,947,946,945,944,944,944,944,944,945,945,945,946,946,947,947,948,949,949,950,951,952,953,954,955,956,958,959,960,961,963,964,966,967,969,971,972,974,976,977,979,981,983,985,987,989,991,993,995,997,999,1001,1003,1005,1007,1010,1012,1014,1016,1018,1020,1022,1025,1027,1029,1031,1033,1035,1037,1039,1041,1043,1045,1047,1049,1051,1053,1055,1057,1059,1060,1062,1064,1066,1067,1069,1070,1072,1073,1075,1076,1077,1079,1080,1081,1082,1083,1084,1085,1086,1087,1088,1088,1089,1089,1090,1090,1091,1091,1091,1092,1092,1092,1092,1092,1092,1092,1092,1091,1091,1091,1091,1090,1090,1090,1089,1089,1088,1088,1087,1087,1086,1085,1085,1084,1083,1083,1082,1081,1080,1080,1079,1077,1077,1077,1077,1078,1078,1079,1080,1081,1082,1083,1084,1086,1087,1089,1091,1093,1094,1096,1099,1101,1103,1105,1108,1110,1112,1115,1117,1120,1122,1124,1127,1129,1131,1133,1136,1138,1140,1142,1144,1145,1147,1149,1150,1151,1152,1154,1154,1155,1156,1156,1157,1157,1157,1157,1157,1156,1156,1155,1155,1154,1153,1152,1150,1149,1148,1146,1144,1143,1141,1139,1136,1134,1132,1130,1127,1125,1122,1119,1117,1114,1111,1108,1105,1102,1099,1096,1093,1091,1088,1085,1082,1079,1076,1073,1070,1067,1064,1062,1059,1056,1054,1051,1049,1047,1045,1042,1040,1039,1037,1035,1033,1032,1031,1029,1028,1027,1026,1026,1025,1025,1024,1024

lead:V1
count:580
points:1024,1024,1024,1023,1022,1021,1020,1019,1017,1015,1013,1011,1009,1006,1003,1001,998,995,991,988,985,981,978,974,971,967,964,960,957,953,950,946,943,940,937,934,931,928,926,923,921,919,917,916,914,913,912,911,911,911,910,911,911,911,912,913,914,916,917,919,921,923,926,928,931,934,937,940,943,946,950,953,957,960,964,967,971,974,978,981,985,988,991,995,998,1001,1003,1006,1009,1011,1013,1015,1017,1019,1020,1021,1022,1023,1024,1024,1024,1024,1024,1024,1024,1024,1024,1024,1024,1024,1024,1024,1024,1024,1024,1024,1024,1024,1024,1024,1024,1024,1024,1024,1024,1024,1024,1024,1024,1025,1025,1025,1025,1026,1026,1026,1027,1028,1028,1029,1030,1031,1032,1034,1035,1037,1039,1041,1043,1046,1048,1051,1054,1062,1062,1049,1037,1024,1011,999,986,973,961,948,936,923,911,899,887,875,863,851,839,827,815,803,791,778,766,754,742,730,718,706,694,682,670,658,646,621,621,636,651,666,680,695,710,724,738,752,766,779,793,806,819,831,843,855,867,878,888,899,909,918,927,935,943,951,958,964,970,976,981,985,989,992,994,996,998,999,999,998,997,996,996,995,995,994,994,994,994,994,994,994,994,994,994,994,994,994,994,994,994,995,995,995,995,996,996,997,997,997,998,998,999,999,1000,1000,1001,1001,1002,1002,1003,1004,1004,1005,1006,1006,1007,1008,1008,1009,1009,1010,1011,1011,1012,1013,1013,1014,1015,1015,1016,1016,1017,1018,1018,1019,1019,1020,1020,1021,1021,1022,1022,1022,1023,1023,1024,1024,1024,1024,1025,1025,1025,1025,1025,1025,1025,1025,1025,1025,1026,1026,1026,1026,1026,1026,1027,1027,1027,1028,1028,1029,1029,1030,1031,1031,1032,1033,1033,1034,1035,1036,1037,1038,1039,1039,1040,1042,1043,1044,1045,1046,1047,1048,1049,1051,1052,1053,1054,1056,1057,1058,1060,1061,1062,1064,1065,1066,1068,1069,1071,1072,1073,1075,1076,1078,1079,1080,1082,1083,1084,1086,1087,1089,1090,1091,1092,1094,1095,1096,1097,1099,1100,1101,1102,1103,1104,1105,1106,1107,1108,1109,1110,1111,1112,1113,1114,1114,1115,1116,1116,1117,1117,1118,1119,1119,1119,1120,1120,1120,1121,1121,1121,1121,1121,1121,1121,1121,1121,1121,1121,1121,1120,1120,1120,1119,1119,1118,1118,1117,1117,1116,1115,1115,1114,1113,1112,1111,1110,1109,1109,1108,1107,1106,1105,1103,1103,1103,1103,1103,1104,1105,1105,1106,1107,1109,1110,1111,1113,1115,1117,1118,1120,1123,1125,1127,1129,1131,1134,1136,1139,1141,1144,1146,1149,1151,1153,1156,1158,1160,1163,1165,1167,1169,1171,1172,1174,1176,1177,1179,1180,1181,1182,1183,1183,1184,1184,1184,1184,1184,1184,1184,1183,1182,1182,1181,1179,1178,1176,1175,1173,1171,1169,1167,1165,1162,1160,1157,1154,1151,1148,1145,1142,1139,1136,1132,1129,1126,1122,1119,1115,1111,1108,1104,1101,1097,1093,1090,1086,1083,1079,1076,1073,1069,1066,1063,1060,1057,1054,1051,1049,1046,1044,1042,1039,1037,1035,1034,1032,1030,1029,1028,1027,1026,1025,1025,1024,1024

lead:V2
count:580
points:1024,1024,1024,1023,1022,1022,1021,1019,1018,1016,1015,1013,1011,1009,1006,1004,1001,999,996,993,990,987,984,981,978,975,972,969,966,963,960,957,954,952,949,947,944,942,940,938,936,934,932,931,930,929,928,927,927,927,926,927,927,927,928,929,930,931,932,934,936,938,940,942,944,947,949,952,954,957,960,963,966,969,972,975,978,981,984,987,990,993,996,999,1001,1004,1006,1009,1011,1013,1015,1016,1018,1019,1021,1022,1022,1023,1024,1024,1024,1024,1024,1024,1024,1024,1024,1024,1024,1024,1024,1024,1024,1024,1024,1024,1024,1024,1024,1024,1024,1024,1024,1024,1024,1024,1024,1024,1024,1024,1025,1025,1025,1025,1026,1026,1026,1027,1028,1028,1029,1030,1031,1032,1034,1035,1037,1038,1040,1042,1045,1047,1050,1057,1057,1073,1089,1105,1121,1138,1154,1170,1186,1202,1219,1191,1164,1136,1109,1082,1054,1027,1000,972,945,917,890,863,835,808,781,753,726,698,671,644,616,589,561,507,507,526,544,563,582,600,619,637,655,673,690,708,725,741,757,773,789,804,818,832,846,859,872,884,895,906,916,925,934,942,950,957,963,969,973,977,981,983,985,986,987,986,985,985,984,984,983,983,983,983,983,983,983,983,983,983,983,983,983,983,983,983,984,984,984,984,985,985,985,986,986,987,987,988,988,989,989,990,990,991,992,992,993,994,994,995,996,996,997,998,998,999,1000,1001,1001,1002,1003,1003,1004,1005,1006,1006,1007,1007,1008,1009,1009,1010,1010,1011,1012,1012,1013,1013,1014,1014,1014,1015,1015,1015,1016,1016,1016,1016,1017,1017,1017,1017,1017,1017,1017,1017,1017,1017,1018,1018,1018,1019,1019,1020,1020,1021,1022,1023,1023,1024,1025,1026,1027,1028,1030,1031,1032,1034,1035,1036,1038,1039,1041,1043,1044,1046,1048,1050,1051,1053,1055,1057,1059,1061,1063,1065,1067,1069,1071,1074,1076,1078,1080,1082,1084,1087,1089,1091,1093,1095,1098,1100,1102,1104,1106,1109,1111,1113,1115,1117,1119,1121,1123,1125,1127,1129,1131,1133,1135,1137,1139,1140,1142,1144,1145,1147,1149,1150,1151,1153,1154,1156,1157,1158,1159,1160,1161,1162,1163,1164,1165,1165,1166,1167,1167,1168,1168,1168,1169,1169,1169,1169,1169,1169,1169,1169,1169,1169,1169,1168,1168,1168,1167,1167,1167,1166,1166,1165,1165,1164,1164,1163,1162,1162,1161,1160,1160,1159,1158,1158,1157,1155,1155,1156,1156,1156,1156,1157,1158,1159,1159,1160,1162,1163,1164,1166,1167,1169,1170,1172,1174,1176,1178,1180,1182,1184,1186,1188,1190,1192,1194,1196,1198,1200,1202,1204,1206,1208,1210,1212,1213,1215,1216,1217,1219,1220,1221,1222,1223,1223,1224,1224,1225,1225,1225,1225,1224,1224,1223,1222,1221,1220,1218,1217,1215,1213,1211,1208,1206,1203,1200,1197,1194,1190,1187,1183,1180,1176,1172,1168,1164,1160,1155,1151,1147,1142,1138,1133,1129,1124,1120,1115,1111,1106,1102,1098,1093,1089,1085,1081,1077,1073,1069,1065,1062,1058,1055,1052,1049,1046,1043,1041,1038,1036,1034,1032,1030,1029,1028,1027,1026,1025,1024,1024

lead:V3
count:580
points:1024,1024,1024,1023,1023,1022,1022,1021,1020,1019,1018,1016,1015,1013,1012,1010,1008,1007,1005,1003,1001,999,997,995,993,991,988,986,984,982,980,978,976,974,973,971,969,968,966,965,964,962,961,960,959,959,958,958,957,957,957,957,957,958,958,959,959,960,961,962,964,965,966,968,969,971,973,974,976,978,980,982,984,986,988,991,993,995,997,999,1001,1003,1005,1007,1008,1010,1012,1013,1015,1016,1018,1019,1020,1021,1022,1022,1023,1023,1024,1024,1024,1024,1024,1024,1024,1024,1024,1024,1024,1024,1024,1024,1024,1024,1024,1024,1024,1024,1024,1024,1024,1024,1024,1024,1024,1024,1024,1024,1024,1024,1024,1025,1025,1025,1025,1025,1026,1026,1027,1027,1028,1028,1029,1030,1031,1032,1033,1034,1035,1037,1038,1040,1042,1046,1046,1089,1132,1174,1217,1259,1302,1345,1387,1430,1473,1434,1395,1357,1318,1280,1241,1203,1164,1125,1087,1048,1010,971,932,894,855,817,778,740,701,662,624,585,547,470,470,490,510,530,549,569,589,608,627,646,665,683,701,719,736,753,769,785,801,816,830,844,857,870,882,894,904,915,924,933,941,948,955,960,966,970,973,976,978,979,980,979,979,979,979,978,978,978,978,978,978,978,978,978,978,978,978,978,978,978,978,979,979,979,979,980,980,980,981,981,981,982,982,983,983,984,984,985,985,986,986,987,988,988,989,989,990,991,991,992,993,993,994,995,995,996,997,997,998,998,999,1000,1000,1001,1002,1002,1003,1003,1004,1004,1005,1005,1006,1006,1007,1007,1007,1008,1008,1008,1009,1009,1009,1009,1009,1010,1010,1010,1010,1010,1010,1010,1010,1010,1010,1011,1011,1012,1012,1013,1014,1015,1015,1016,1017,1019,1020,1021,1022,1024,1025,1027,1028,1030,1032,1033,1035,1037,1039,1041,1043,1045,1047,1049,1052,1054,1056,1059,1061,1063,1066,1068,1071,1073,1076,1079,1081,1084,1086,1089,1092,1095,1097,1100,1103,1105,1108,1111,1113,1116,1119,1121,1124,1127,1129,1132,1134,1137,1139,1142,1144,1147,1149,1151,1154,1156,1158,1160,1162,1164,1166,1168,1170,1172,1174,1175,1177,1179,1180,1182,1183,1184,1185,1187,1188,1189,1190,1191,1191,1192,1193,1193,1194,1194,1195,1195,1195,1195,1195,1195,1195,1195,1195,1195,1195,1195,1195,1195,1194,1194,1194,1194,1194,1193,1193,1193,1192,1192,1192,1192,1191,1191,1191,1190,1190,1190,1189,1188,1188,1188,1189,1189,1189,1189,1190,1190,1191,1192,1193,1193,1194,1195,1196,1197,1198,1200,1201,1202,1203,1205,1206,1208,1209,1210,1212,1213,1215,1216,1217,1219,1220,1221,1223,1224,1225,1226,1227,1228,1229,1230,1231,1232,1232,1233,1234,1234,1234,1235,1235,1235,1235,1235,1235,1234,1233,1232,1231,1230,1228,1227,1225,1222,1220,1218,1215,1212,1209,1206,1202,1199,1195,1192,1188,1184,1180,1175,1171,1167,1162,1158,1153,1148,1144,1139,1134,1130,1125,1120,1115,1111,1106,1101,1097,1092,1088,1084,1080,1075,1071,1067,1064,1060,1057,1053,1050,1047,1044,1041,1039,1037,1034,1032,1031,1029,1028,1027,1026,1025,1024,1024

lead:V4
count:580
points:1024,1024,1024,1024,1024,1023,1023,1023,1022,1022,1022,1021,1021,1020,1019,1019,1018,1018,1017,1016,1015,1015,1014,1013,1012,1011,1011,1010,1009,1008,1008,1007,1006,1005,1005,1004,1003,1003,1002,1002,1001,1001,1000,1000,1000,1000,999,999,999,999,999,999,999,999,999,1000,1000,1000,1000,1001,1001,1002,1002,1003,1003,1004,1005,1005,1006,1007,1008,1008,1009,1010,1011,1011,1012,1013,1014,1015,1015,1016,1017,1018,1018,1019,1019,1020,1021,1021,1022,1022,1022,1023,1023,1023,1024,1024,1024,1024,1024,1024,1024,1024,1024,1024,1024,1024,1024,1024,1024,1024,1024,1024,1024,1024,1024,1024,1024,1024,1024,1024,1024,1024,1024,1024,1024,1024,1024,1024,1024,1024,1024,1024,1024,1025,1025,1025,1025,1025,1025,1026,1026,1026,1026,1027,1027,1028,1028,1029,1029,1030,1031,1032,1032,1095,1158,1221,1284,1348,1411,1474,1537,1600,1663,1619,1575,1531,1487,1443,1399,1354,1310,1266,1222,1178,1134,1090,1046,1002,958,914,870,826,782,738,694,650,606,518,518,536,554,572,590,608,626,643,661,678,695,711,728,743,759,774,789,804,818,831,844,857,869,880,891,902,911,921,929,937,944,951,957,962,967,971,974,976,978,979,979,980,980,980,980,980,980,980,980,980,980,980,980,980,980,980,980,980,981,981,981,981,981,981,981,982,982,982,982,983,983,983,984,984,984,985,985,985,986,986,987,987,988,988,989,989,990,990,991,991,991,992,992,993,993,994,994,995,995,996,996,997,997,998,998,999,999,1000,1000,1000,1001,1001,1001,1002,1002,1002,1003,1003,1003,1003,1004,1004,1004,1004,1004,1004,1004,1005,1005,1005,1005,1005,1005,1005,1005,1006,1006,1007,1007,1008,1009,1009,1010,1011,1012,1014,1015,1016,1017,1019,1020,1022,1023,1025,1027,1029,1031,1033,1035,1037,1039,1041,1043,1045,1048,1050,1052,1055,1057,1060,1062,1065,1067,1070,1073,1075,1078,1081,1083,1086,1089,1092,1094,1097,1100,1103,1106,1108,1111,1114,1117,1119,1122,1125,1127,1130,1133,1135,1138,1140,1143,1145,1148,1150,1152,1155,1157,1159,1161,1163,1165,1167,1169,1171,1173,1175,1176,1178,1180,1181,1183,1184,1185,1186,1188,1189,1190,1190,1191,1192,1193,1193,1194,1194,1195,1195,1195,1195,1195,1195,1195,1195,1195,1195,1195,1195,1195,1195,1195,1196,1196,1196,1196,1196,1196,1196,1196,1196,1196,1196,1196,1196,1196,1196,1196,1196,1196,1197,1197,1197,1197,1197,1197,1197,1197,1197,1197,1198,1198,1198,1199,1199,1199,1200,1200,1200,1201,1201,1202,1202,1203,1203,1204,1204,1205,1205,1206,1206,1206,1207,1207,1208,1208,1209,1209,1210,1210,1210,1211,1211,1211,1211,1212,1212,1212,1212,1212,1212,1213,1213,1213,1213,1212,1212,1211,1210,1209,1208,1207,1205,1203,1201,1199,1197,1195,1192,1189,1186,1183,1180,1177,1174,1170,1167,1163,1159,1155,1151,1147,1143,1139,1135,1131,1127,1123,1118,1114,1110,1106,1101,1097,1093,1089,1085,1081,1077,1074,1070,1066,1063,1060,1056,1053,1050,1047,1045,1042,1040,1037,1035,1033,1032,1030,1029,1027,1026,1026,1025,1024,1024

lead:V5
count:580
points:1024,1024,1024,1024,1024,1024,1025,1025,1025,1026,1026,1026,1027,1027,1028,1028,1029,1029,1030,1030,1031,1031,1032,1033,1033,1034,1034,1035,1036,1036,1037,1037,1038,1039,1039,1040,1040,1041,1041,1041,1042,1042,1042,1043,1043,1043,1043,1043,1044,1044,1044,1044,1044,1043,1043,1043,1043,1043,1042,1042,1042,1041,1041,1041,1040,1040,1039,1039,1038,1037,1037,1036,1036,1035,1034,1034,1033,1033,1032,1031,1031,1030,1030,1029,1029,1028,1028,1027,1027,1026,1026,1026,1025,1025,1025,1024,1024,1024,1024,1024,1024,1024,1024,1024,1024,1024,1024,1024,1024,1024,1024,1024,1024,1024,1024,1024,1024,1024,1024,1024,1024,1024,1024,1024,1024,1024,1024,1024,1024,1024,1024,1024,1024,1024,1024,1024,1023,1023,1023,1023,1023,1023,1023,1022,1022,1022,1021,1021,1021,1020,1020,1019,1019,1017,1017,1091,1164,1238,1311,1385,1458,1531,1605,1678,1752,1709,1666,1624,1581,1538,1496,1453,1410,1368,1325,1282,1240,1197,1154,1112,1069,1026,984,941,898,856,813,770,728,642,642,656,669,683,696,709,722,736,748,761,774,786,798,810,822,833,844,855,866,876,885,895,904,912,920,928,935,942,949,954,960,965,969,973,977,979,982,984,985,986,986,987,987,988,988,988,989,989,989,989,989,989,989,989,989,989,989,989,989,989,990,990,990,990,990,990,990,990,990,991,991,991,991,991,991,992,992,992,992,993,993,993,993,993,994,994,994,995,995,995,995,996,996,996,996,997,997,997,997,998,998,998,999,999,999,999,999,1000,1000,1000,1000,1001,1001,1001,1001,1001,1001,1002,1002,1002,1002,1002,1002,1002,1002,1002,1002,1002,1002,1002,1002,1002,1003,1003,1003,1003,1004,1004,1005,1005,1006,1007,1007,1008,1009,1010,1011,1012,1014,1015,1016,1018,1019,1020,1022,1024,1025,1027,1029,1030,1032,1034,1036,1038,1040,1042,1044,1046,1048,1051,1053,1055,1057,1060,1062,1064,1067,1069,1071,1074,1076,1079,1081,1083,1086,1088,1091,1093,1096,1098,1100,1103,1105,1107,1110,1112,1114,1117,1119,1121,1123,1125,1128,1130,1132,1134,1136,1138,1140,1141,1143,1145,1147,1148,1150,1151,1153,1154,1156,1157,1158,1159,1160,1162,1163,1163,1164,1165,1166,1166,1167,1168,1168,1168,1169,1169,1169,1169,1169,1169,1169,1169,1170,1170,1170,1170,1170,1170,1171,1171,1171,1171,1172,1172,1172,1173,1173,1173,1174,1174,1175,1175,1176,1176,1176,1177,1177,1178,1178,1178,1178,1178,1178,1178,1178,1178,1177,1177,1177,1177,1176,1176,1176,1175,1175,1174,1174,1174,1173,1173,1172,1172,1171,1171,1170,1170,1169,1169,1168,1168,1167,1167,1166,1166,1166,1165,1165,1164,1164,1164,1164,1163,1163,1163,1163,1162,1162,1162,1162,1162,1162,1162,1162,1161,1161,1160,1160,1159,1158,1157,1155,1154,1152,1151,1149,1147,1145,1143,1141,1138,1136,1134,1131,1128,1126,1123,1120,1117,1114,1111,1108,1105,1102,1099,1096,1093,1090,1087,1084,1081,1078,1075,1072,1069,1066,1063,1060,1058,1055,1052,1050,1048,1045,1043,1041,1039,1037,1035,1034,1032,1031,1030,1028,1027,1026,1026,1025,1025,1024,1024

lead:V6
count:580
points:1024,1024,1024,1025,1025,1026,1026,1027,1028,1029,1030,1031,1032,1034,1035,1037,1038,1040,1042,1043,1045,1047,1049,1051,1053,1055,1057,1059,1060,1062,1064,1066,1068,1070,1071,1073,1074,1076,1077,1078,1080,1081,1082,1083,1083,1084,1084,1085,1085,1085,1085,1085,1085,1085,1084,1084,1083,1083,1082,1081,1080,1078,1077,1076,1074,1073,1071,1070,1068,1066,1064,1062,1060,1059,1057,1055,1053,1051,1049,1047,1045,1043,1042,1040,1038,1037,1035,1034,1032,1031,1030,1029,1028,1027,1026,1026,1025,1025,1024,1024,1024,1024,1024,1024,1024,1024,1024,1024,1024,1024,1024,1024,1024,1024,1024,1024,1024,1024,1024,1024,1024,1024,1024,1024,1024,1024,1024,1024,1024,1024,1024,1024,1023,1023,1023,1023,1022,1022,1022,1021,1021,1020,1020,1019,1018,1017,1016,1015,1014,1012,1011,1009,1008,1004,1004,1076,1149,1222,1294,1367,1440,1512,1585,1658,1731,1728,1720,1706,1688,1664,1634,1599,1559,1513,1462,1406,1344,1277,1210,1149,1092,1041,996,956,921,891,867,848,835,824,824,831,838,845,852,858,865,872,878,885,891,897,903,909,915,921,927,932,937,942,947,952,957,961,965,969,973,976,979,982,985,988,990,992,994,995,996,997,998,998,998,999,1000,1001,1002,1002,1003,1003,1003,1003,1003,1003,1004,1004,1004,1004,1004,1004,1004,1004,1004,1004,1004,1004,1004,1004,1004,1004,1004,1004,1004,1004,1004,1004,1004,1004,1004,1004,1004,1004,1004,1004,1004,1004,1004,1004,1004,1004,1004,1004,1004,1004,1004,1004,1004,1004,1004,1004,1004,1004,1004,1004,1004,1004,1004,1004,1004,1004,1004,1004,1004,1004,1004,1004,1004,1004,1004,1004,1004,1004,1004,1004,1004,1004,1004,1004,1004,1004,1004,1004,1004,1004,1004,1004,1004,1004,1004,1005,1005,1006,1006,1007,1007,1008,1008,1009,1010,1011,1011,1012,1013,1014,1015,1016,1017,1018,1020,1021,1022,1023,1025,1026,1027,1029,1030,1031,1033,1034,1036,1038,1039,1041,1042,1044,1046,1047,1049,1050,1052,1054,1056,1057,1059,1061,1062,1064,1066,1068,1069,1071,1073,1074,1076,1078,1079,1081,1083,1084,1086,1087,1089,1090,1092,1093,1095,1096,1098,1099,1100,1102,1103,1104,1105,1106,1108,1109,1110,1111,1112,1113,1113,1114,1115,1116,1116,1117,1118,1118,1119,1119,1120,1120,1120,1121,1121,1121,1121,1121,1121,1125,1127,1128,1129,1130,1130,1131,1132,1132,1133,1133,1134,1134,1134,1135,1135,1135,1135,1136,1136,1136,1136,1136,1136,1136,1137,1137,1137,1137,1137,1137,1137,1136,1136,1136,1136,1136,1135,1135,1135,1134,1134,1133,1133,1132,1131,1131,1130,1129,1128,1128,1127,1126,1125,1124,1123,1122,1121,1120,1119,1118,1117,1116,1114,1113,1112,1111,1109,1108,1107,1106,1104,1103,1102,1100,1099,1097,1096,1095,1093,1092,1091,1090,1089,1088,1087,1086,1085,1084,1083,1082,1081,1080,1079,1078,1077,1076,1075,1074,1073,1072,1072,1071,1070,1069,1068,1067,1066,1065,1064,1063,1062,1061,1060,1059,1058,1057,1056,1055,1054,1053,1053,1052,1051,1050,1049,1048,1047,1046,1045,1044,1043,1042,1041,1040,1039,1038,1037,1036,1035,1034,1034,1033,1032,1031,1030,1029,1028,1027,1026,1025

