pathology:sinhypcal
group:electrolyte
title:Sinus rhythm during hypercalcemia
name:Синусовый ритм при гиперкальциемии
leads:12

lead:I
count:600
points:1024,1024,1024,1025,1025,1026,1026,1027,1028,1029,1030,1032,1033,1034,1036,1038,1039,1041,1043,1045,1047,1049,1051,1053,1055,1057,1059,1061,1064,1066,1068,1070,1071,1073,1075,1077,1078,1080,1082,1083,1084,1085,1086,1087,1088,1089,1090,1090,1090,1090,1091,1090,1090,1090,1090,1089,1088,1087,1086,1085,1084,1083,1082,1080,1078,1077,1075,1073,1071,1070,1068,1066,1064,1061,1059,1057,1055,1053,1051,1049,1047,1045,1043,1041,1039,1038,1036,1034,1033,1032,1030,1029,1028,1027,1026,1026,1025,1025,1024,1024,1024,1024,1024,1024,1024,1024,1024,1024,1024,1024,1024,1024,1024,1024,1024,1024,1024,1024,1024,1024,1024,1024,1024,1024,1024,1024,1024,1024,1024,1024,1024,1024,1024,1024,1024,1024,1024,1024,1024,1024,1024,1024,1024,1024,1024,1024,1024,1024,1024,1024,1024,1024,1024,1024,1024,1023,1023,1023,1023,1023,1023,1023,1023,1023,1023,1023,1023,1022,1022,1022,1022,1022,1022,1022,1021,1021,1021,1021,1021,1021,1020,1020,1020,1020,1019,1019,1019,1018,1018,1018,1017,1017,1017,1016,1016,1015,1015,1014,1014,1013,1013,1012,1012,1011,1011,1010,1009,1009,1008,1007,1007,1006,1005,1004,1004,1001,999,997,995,993,991,989,987,983,983,999,1015,1031,1048,1064,1080,1096,1112,1128,1145,1161,1177,1193,1209,1225,1241,1258,1274,1290,1306,1322,1338,1354,1371,1403,1403,1383,1363,1343,1324,1304,1285,1265,1246,1227,1209,1191,1173,1155,1138,1121,1105,1089,1074,1059,1044,1031,1017,1005,993,981,971,961,951,943,935,927,921,915,910,906,902,900,898,896,896,906,916,925,934,942,950,957,964,970,976,981,986,991,995,999,1002,1005,1008,1011,1013,1015,1016,1018,1019,1020,1021,1022,1023,1023,1023,1024,1024,1024,1024,1024,1024,1025,1026,1027,1028,1029,1031,1032,1033,1034,1035,1036,1037,1038,1039,1040,1042,1043,1044,1045,1046,1047,1048,1049,1050,1051,1053,1054,1055,1056,1057,1058,1059,1060,1061,1062,1063,1065,1066,1067,1068,1069,1070,1071,1072,1074,1075,1076,1077,1078,1079,1079,1080,1081,1082,1083,1083,1084,1085,1086,1086,1087,1087,1088,1088,1089,1089,1090,1090,1091,1091,1091,1092,1092,1092,1093,1093,1093,1094,1094,1094,1094,1094,1094,1095,1095,1095,1095,1095,1095,1095,1095,1095,1095,1096,1096,1096,1096,1096,1096,1096,1096,1096,1096,1096,1096,1096,1096,1096,1095,1095,1095,1094,1094,1093,1093,1092,1091,1090,1089,1088,1087,1086,1085,1084,1083,1081,1080,1079,1077,1076,1074,1073,1071,1070,1068,1066,1065,1063,1061,1060,1058,1057,1055,1053,1052,1050,1048,1047,1045,1044,1042,1041,1040,1038,1037,1036,1034,1033,1032,1031,1030,1029,1029,1028,1027,1026,1026,1025,1025,1025,1024,1024,1024,1024,1024,1024,1024,1024,1024,1024,1024,1024,1024,1024,1024,1024,1024,1024,1024,1024,1024,1024,1024,1024,1024,1024,1024,1024,1024,1024,1024,1024,1024,1024,1024,1024,1024,1024,1024,1024,1024,1024,1024,1024,1024,1024,1024,1024,1024,1024,1024,1024,1024,1024,1024,1024,1024,1024,1024,1024,1024,1024,1024,1024,1024,1024,1024,1024,1024,1024,1024,1024,1024,1024,1024,1024,1024,1024,1024,1024,1024,1024,1024,1024,1024,1024,1024,1024,1024,1024,1024,1024,1024,1024,1024,1024,1024,1024,1024,1024,1024,1024,1024

lead:II
count:600
points:1024,1024,1024,1025,1026,1027,1028,1029,1030,1032,1034,1036,1038,1040,1043,1045,1048,1051,1053,1056,1059,1062,1066,1069,1072,1075,1078,1082,1085,1088,1091,1094,1097,1100,1103,1105,1108,1110,1113,1115,1117,1118,1120,1122,1123,1124,1125,1125,1126,1126,1126,1126,1126,1125,1125,1124,1123,1122,1120,1118,1117,1115,1113,1110,1108,1105,1103,1100,1097,1094,1091,1088,1085,1082,1078,1075,1072,1069,1066,1062,1059,1056,1053,1051,1048,1045,1043,1040,1038,1036,1034,1032,1030,1029,1028,1027,1026,1025,1024,1024,1024,1024,1024,1024,1024,1024,1024,1024,1024,1024,1024,1024,1024,1024,1024,1024,1024,1024,1024,1024,1024,1024,1024,1024,1024,1024,1024,1024,1024,1024,1024,1024,1024,1024,1024,1024,1024,1024,1024,1024,1024,1024,1024,1024,1024,1024,1024,1024,1024,1024,1023,1023,1023,1023,1023,1023,1023,1023,1023,1023,1023,1022,1022,1022,1022,1022,1022,1021,1021,1021,1021,1020,1020,1020,1020,1019,1019,1019,1018,1018,1017,1017,1017,1016,1016,1015,1015,1014,1014,1013,1012,1012,1011,1010,1010,1009,1008,1007,1006,1006,1005,1004,1003,1002,1001,1000,999,997,996,995,994,992,991,988,988,983,977,971,966,960,954,949,943,932,932,958,983,1009,1035,1061,1087,1112,1138,1164,1190,1216,1241,1267,1293,1319,1345,1370,1396,1422,1448,1474,1499,1525,1551,1603,1603,1575,1548,1521,1494,1468,1441,1415,1389,1363,1338,1313,1289,1265,1241,1219,1196,1175,1154,1133,1114,1095,1077,1060,1043,1028,1013,999,987,975,964,954,945,937,930,925,920,916,913,911,911,920,929,937,945,952,959,965,971,976,982,986,991,995,998,1002,1005,1007,1010,1012,1014,1016,1017,1019,1020,1021,1022,1022,1023,1023,1023,1024,1024,1024,1024,1024,1024,1025,1027,1028,1029,1031,1032,1033,1035,1036,1037,1039,1040,1041,1043,1044,1045,1047,1048,1049,1051,1052,1054,1055,1056,1058,1059,1060,1062,1063,1064,1066,1067,1068,1070,1071,1072,1074,1075,1076,1078,1079,1080,1082,1083,1084,1085,1086,1087,1088,1089,1090,1091,1091,1092,1093,1094,1094,1095,1096,1096,1097,1098,1098,1099,1099,1100,1100,1101,1101,1101,1102,1102,1102,1103,1103,1103,1104,1104,1104,1104,1104,1105,1105,1105,1105,1105,1105,1105,1105,1106,1106,1106,1106,1106,1106,1106,1106,1106,1106,1106,1106,1106,1106,1106,1106,1106,1106,1106,1106,1105,1105,1104,1104,1103,1102,1102,1101,1100,1099,1098,1096,1095,1094,1093,1091,1090,1088,1087,1085,1083,1082,1080,1078,1076,1074,1072,1071,1069,1067,1065,1063,1061,1059,1057,1056,1054,1052,1050,1048,1047,1045,1043,1042,1040,1039,1037,1036,1035,1033,1032,1031,1030,1029,1028,1027,1027,1026,1026,1025,1025,1024,1024,1024,1024,1024,1024,1024,1024,1024,1024,1024,1024,1024,1024,1024,1024,1024,1024,1024,1024,1024,1024,1024,1024,1024,1024,1024,1024,1024,1024,1024,1024,1024,1024,1024,1024,1024,1024,1024,1024,1024,1024,1024,1024,1024,1024,1024,1024,1024,1024,1024,1024,1024,1024,1024,1024,1024,1024,1024,1024,1024,1024,1024,1024,1024,1024,1024,1024,1024,1024,1024,1024,1024,1024,1024,1024,1024,1024,1024,1024,1024,1024,1024,1024,1024,1024,1024,1024,1024,1024,1024,1024,1024,1024,1024,1024,1024,1024,1024,1024,1024,1024,1024

lead:III
count:600
points:1024,1024,1024,1024,1025,1025,1025,1026,1026,1027,1027,1028,1029,1030,1030,1031,1032,1033,1034,1035,1036,1037,1039,1040,1041,1042,1043,1044,1045,1046,1047,1049,1050,1051,1052,1052,1053,1054,1055,1056,1056,1057,1058,1058,1059,1059,1059,1060,1060,1060,1060,1060,1060,1060,1059,1059,1059,1058,1058,1057,1056,1056,1055,1054,1053,1052,1052,1051,1050,1049,1047,1046,1045,1044,1043,1042,1041,1040,1039,1037,1036,1035,1034,1033,1032,1031,1030,1030,1029,1028,1027,1027,1026,1026,1025,1025,1025,1024,1024,1024,1024,1024,1024,1024,1024,1024,1024,1024,1024,1024,1024,1024,1024,1024,1024,1024,1024,1024,1024,1024,1024,1024,1024,1024,1024,1024,1024,1024,1024,1024,1024,1024,1024,1024,1024,1024,1024,1024,1024,1024,1024,1024,1024,1024,1024,1024,1024,1024,1024,1024,1024,1024,1024,1024,1024,1024,1024,1024,1023,1023,1023,1023,1023,1023,1023,1023,1023,1023,1023,1023,1023,1022,1022,1022,1022,1022,1022,1022,1022,1021,1021,1021,1021,1021,1020,1020,1020,1020,1020,1019,1019,1019,1018,1018,1018,1018,1017,1017,1016,1016,1016,1015,1015,1014,1014,1014,1013,1013,1012,1012,1011,1010,1010,1009,1009,1005,1001,998,994,991,987,984,980,973,973,982,992,1002,1011,1021,1031,1040,1050,1060,1069,1079,1089,1098,1108,1118,1127,1137,1146,1156,1166,1175,1185,1195,1204,1224,1224,1216,1209,1202,1195,1188,1181,1174,1167,1160,1153,1147,1140,1134,1127,1121,1115,1110,1104,1099,1093,1088,1084,1079,1075,1070,1067,1063,1059,1056,1053,1051,1048,1046,1044,1043,1042,1041,1040,1039,1039,1038,1037,1036,1035,1034,1033,1032,1031,1030,1030,1029,1029,1028,1028,1027,1027,1026,1026,1026,1025,1025,1025,1025,1025,1024,1024,1024,1024,1024,1024,1024,1024,1024,1024,1024,1024,1024,1024,1025,1025,1025,1025,1026,1026,1026,1026,1027,1027,1027,1027,1028,1028,1028,1028,1029,1029,1029,1029,1030,1030,1030,1030,1031,1031,1031,1031,1032,1032,1032,1032,1033,1033,1033,1033,1034,1034,1034,1034,1034,1034,1034,1034,1034,1034,1034,1034,1034,1034,1034,1034,1034,1034,1034,1034,1034,1034,1034,1034,1034,1034,1034,1034,1034,1034,1034,1034,1034,1034,1034,1034,1034,1034,1034,1034,1034,1034,1034,1034,1034,1034,1034,1034,1034,1034,1034,1034,1034,1034,1034,1034,1034,1034,1034,1034,1034,1034,1034,1034,1034,1034,1034,1034,1034,1034,1034,1034,1034,1034,1034,1034,1034,1034,1034,1033,1033,1033,1033,1033,1033,1033,1032,1032,1032,1032,1032,1031,1031,1031,1031,1031,1030,1030,1030,1030,1029,1029,1029,1029,1028,1028,1028,1028,1027,1027,1027,1027,1027,1026,1026,1026,1026,1026,1025,1025,1025,1025,1025,1025,1025,1025,1024,1024,1024,1024,1024,1024,1024,1024,1024,1024,1024,1024,1024,1024,1024,1024,1024,1024,1024,1024,1024,1024,1024,1024,1024,1024,1024,1024,1024,1024,1024,1024,1024,1024,1024,1024,1024,1024,1024,1024,1024,1024,1024,1024,1024,1024,1024,1024,1024,1024,1024,1024,1024,1024,1024,1024,1024,1024,1024,1024,1024,1024,1024,1024,1024,1024,1024,1024,1024,1024,1024,1024,1024,1024,1024,1024,1024,1024,1024,1024,1024,1024,1024,1024,1024,1024,1024,1024,1024,1024,1024,1024,1024,1024,1024,1024,1024,1024,1024,1024,1024,1024,1024,1024,1024,1024,1024,1024,1024

lead:aVR
count:600
points:1024,1024,1024,1023,1022,1022,1021,1019,1018,1016,1015,1013,1011,1009,1006,1004,1001,999,996,993,990,987,984,981,978,975,972,969,966,963,960,957,954,952,949,947,944,942,940,938,936,934,932,931,930,929,928,927,927,927,926,927,927,927,928,929,930,931,932,934,936,938,940,942,944,947,949,952,954,957,960,963,966,969,972,975,978,981,984,987,990,993,996,999,1001,1004,1006,1009,1011,1013,1015,1016,1018,1019,1021,1022,1022,1023,1024,1024,1024,1024,1024,1024,1024,1024,1024,1024,1024,1024,1024,1024,1024,1024,1024,1024,1024,1024,1024,1024,1024,1024,1024,1024,1024,1024,1024,1024,1024,1024,1024,1024,1024,1024,1024,1024,1024,1024,1024,1024,1024,1024,1024,1024,1024,1024,1024,1024,1024,1024,1024,1025,1025,1025,1025,1025,1025,1025,1025,1025,1025,1025,1026,1026,1026,1026,1026,1026,1027,1027,1027,1027,1027,1028,1028,1028,1029,1029,1029,1030,1030,1030,1031,1031,1032,1032,1032,1033,1033,1034,1035,1035,1036,1036,1037,1038,1038,1039,1040,1041,1042,1042,1043,1044,1045,1046,1047,1048,1049,1050,1052,1053,1054,1057,1057,1061,1065,1070,1074,1079,1083,1088,1092,1101,1101,1077,1052,1028,1004,980,956,931,907,883,859,834,810,786,762,738,713,689,665,641,617,592,568,544,520,471,471,498,525,553,579,606,633,659,685,711,736,761,785,809,833,856,878,899,920,941,960,979,997,1014,1031,1046,1061,1075,1088,1099,1110,1120,1129,1137,1144,1150,1154,1158,1161,1163,1163,1152,1141,1131,1122,1113,1104,1097,1089,1083,1076,1071,1065,1060,1056,1052,1048,1044,1041,1039,1036,1034,1032,1031,1029,1028,1027,1026,1026,1025,1025,1024,1024,1024,1024,1024,1024,1023,1021,1020,1018,1017,1016,1014,1013,1011,1010,1009,1007,1006,1004,1003,1001,1000,999,997,996,994,993,992,990,989,987,986,985,983,982,980,979,978,976,975,973,972,971,969,968,966,965,964,962,961,960,958,957,956,955,954,953,952,951,950,949,949,948,947,946,946,945,944,944,943,943,942,942,941,941,940,940,939,939,939,938,938,938,938,937,937,937,937,937,936,936,936,936,936,936,936,936,936,936,935,935,935,935,935,935,935,935,935,935,935,935,935,936,936,936,936,937,938,938,939,940,941,942,943,944,946,947,948,950,951,953,955,956,958,960,962,964,966,968,970,972,974,976,978,980,982,984,986,988,990,992,994,996,998,999,1001,1003,1005,1006,1008,1010,1011,1012,1014,1015,1016,1017,1018,1019,1020,1021,1022,1022,1023,1023,1024,1024,1024,1024,1024,1024,1024,1024,1024,1024,1024,1024,1024,1024,1024,1024,1024,1024,1024,1024,1024,1024,1024,1024,1024,1024,1024,1024,1024,1024,1024,1024,1024,1024,1024,1024,1024,1024,1024,1024,1024,1024,1024,1024,1024,1024,1024,1024,1024,1024,1024,1024,1024,1024,1024,1024,1024,1024,1024,1024,1024,1024,1024,1024,1024,1024,1024,1024,1024,1024,1024,1024,1024,1024,1024,1024,1024,1024,1024,1024,1024,1024,1024,1024,1024,1024,1024,1024,1024,1024,1024,1024,1024,1024,1024,1024,1024,1024,1024,1024,1024,1024,1024

lead:aVL
count:600
points:1024,1024,1024,1024,1024,1024,1025,1025,1025,1025,1026,1026,1026,1027,1027,1028,1028,1029,1029,1030,1030,1031,1031,1032,1032,1033,1033,1034,1035,1035,1036,1036,1037,1037,1038,1038,1039,1039,1039,1040,1040,1040,1041,1041,1041,1041,1041,1042,1042,1042,1042,1042,1042,1042,1041,1041,1041,1041,1041,1040,1040,1040,1039,1039,1039,1038,1038,1037,1037,1036,1036,1035,1035,1034,1033,1033,1032,1032,1031,1031,1030,1030,1029,1029,1028,1028,1027,1027,1026,1026,1026,1025,1025,1025,1025,1024,1024,1024,1024,1024,1024,1024,1024,1024,1024,1024,1024,1024,1024,1024,1024,1024,1024,1024,1024,1024,1024,1024,1024,1024,1024,1024,1024,1024,1024,1024,1024,1024,1024,1024,1024,1024,1024,1024,1024,1024,1024,1024,1024,1024,1024,1024,1024,1024,1024,1024,1024,1024,1024,1024,1024,1024,1024,1024,1024,1024,1024,1024,1024,1024,1024,1024,1024,1024,1024,1024,1024,1024,1024,1024,1024,1024,1024,1024,1024,1024,1024,1024,1024,1023,1023,1023,1023,1023,1023,1023,1023,1023,1023,1023,1023,1023,1023,1023,1023,1023,1023,1023,1023,1022,1022,1022,1022,1022,1022,1022,1022,1022,1022,1022,1021,1021,1021,1021,1021,1022,1023,1024,1025,1025,1026,1027,1028,1030,1030,1034,1037,1041,1045,1049,1052,1056,1060,1064,1067,1071,1075,1079,1082,1086,1090,1094,1097,1101,1105,1109,1112,1116,1120,1127,1127,1120,1113,1106,1098,1091,1084,1077,1070,1063,1056,1049,1043,1036,1030,1024,1018,1012,1007,1001,996,991,986,981,977,973,969,965,962,958,955,953,950,948,946,945,944,943,942,941,941,948,954,960,966,971,976,981,985,989,993,996,999,1002,1005,1008,1010,1012,1014,1015,1017,1018,1019,1020,1021,1022,1022,1023,1023,1023,1024,1024,1024,1024,1024,1024,1024,1024,1025,1025,1026,1026,1027,1027,1028,1028,1029,1029,1030,1030,1031,1031,1032,1032,1033,1033,1034,1034,1035,1035,1036,1036,1037,1037,1038,1038,1039,1039,1040,1040,1041,1041,1042,1042,1043,1043,1044,1044,1045,1045,1046,1047,1047,1048,1048,1049,1050,1050,1051,1051,1052,1052,1052,1053,1053,1054,1054,1054,1055,1055,1055,1056,1056,1056,1056,1057,1057,1057,1057,1057,1058,1058,1058,1058,1058,1058,1058,1059,1059,1059,1059,1059,1059,1059,1059,1059,1059,1059,1059,1059,1059,1059,1059,1059,1059,1059,1059,1059,1059,1059,1059,1059,1059,1059,1059,1059,1059,1059,1059,1059,1058,1058,1058,1057,1057,1056,1056,1055,1055,1054,1054,1053,1052,1052,1051,1050,1050,1049,1048,1047,1047,1046,1045,1044,1043,1043,1042,1041,1040,1039,1038,1038,1037,1036,1035,1035,1034,1033,1032,1032,1031,1030,1030,1029,1029,1028,1028,1027,1027,1026,1026,1026,1025,1025,1025,1024,1024,1024,1024,1024,1024,1024,1024,1024,1024,1024,1024,1024,1024,1024,1024,1024,1024,1024,1024,1024,1024,1024,1024,1024,1024,1024,1024,1024,1024,1024,1024,1024,1024,1024,1024,1024,1024,1024,1024,1024,1024,1024,1024,1024,1024,1024,1024,1024,1024,1024,1024,1024,1024,1024,1024,1024,1024,1024,1024,1024,1024,1024,1024,1024,1024,1024,1024,1024,1024,1024,1024,1024,1024,1024,1024,1024,1024,1024,1024,1024,1024,1024,1024,1024,1024,1024,1024,1024,1024,1024,1024,1024,1024,1024,1024,1024,1024,1024,1024,1024,1024,1024,1024,1024

lead:aVF
count:600
points:1024,1024,1024,1025,1025,1026,1027,1028,1029,1030,1032,1033,1035,1037,1038,1040,1043,1045,1047,1049,1052,1054,1056,1059,1061,1064,1066,1069,1071,1074,1076,1079,1081,1083,1085,1087,1089,1091,1093,1095,1096,1098,1099,1100,1101,1102,1103,1103,1103,1104,1104,1104,1103,1103,1103,1102,1101,1100,1099,1098,1096,1095,1093,1091,1089,1087,1085,1083,1081,1079,1076,1074,1071,1069,1066,1064,1061,1059,1056,1054,1052,1049,1047,1045,1043,1040,1038,1037,1035,1033,1032,1030,1029,1028,1027,1026,1025,1025,1024,1024,1024,1024,1024,1024,1024,1024,1024,1024,1024,1024,1024,1024,1024,1024,1024,1024,1024,1024,1024,1024,1024,1024,1024,1024,1024,1024,1024,1024,1024,1024,1024,1024,1024,1024,1024,1024,1024,1024,1024,1024,1024,1024,1024,1024,1024,1024,1024,1024,1024,1024,1024,1024,1023,1023,1023,1023,1023,1023,1023,1023,1023,1023,1023,1022,1022,1022,1022,1022,1022,1021,1021,1021,1021,1021,1020,1020,1020,1020,1019,1019,1019,1018,1018,1018,1017,1017,1016,1016,1015,1015,1014,1014,1013,1013,1012,1012,1011,1010,1010,1009,1008,1007,1006,1006,1005,1004,1003,1002,1001,1000,999,998,997,994,994,989,984,978,973,968,963,957,952,941,941,962,982,1003,1023,1044,1064,1084,1105,1125,1146,1166,1187,1207,1228,1248,1269,1289,1310,1330,1351,1371,1391,1412,1432,1473,1473,1453,1434,1414,1394,1375,1355,1336,1317,1298,1280,1262,1244,1226,1209,1192,1176,1160,1145,1130,1116,1102,1089,1076,1064,1053,1042,1032,1023,1014,1006,999,993,987,982,978,974,971,969,968,968,972,977,981,985,988,991,995,998,1000,1003,1005,1007,1009,1011,1013,1014,1016,1017,1018,1019,1020,1021,1021,1022,1022,1023,1023,1023,1024,1024,1024,1024,1024,1024,1024,1024,1025,1026,1027,1028,1029,1029,1030,1031,1032,1033,1034,1035,1036,1037,1038,1039,1040,1040,1041,1042,1043,1044,1045,1046,1047,1048,1049,1050,1051,1051,1052,1053,1054,1055,1056,1057,1058,1059,1060,1061,1062,1062,1063,1064,1064,1065,1066,1066,1067,1067,1068,1068,1069,1069,1070,1070,1071,1071,1071,1072,1072,1072,1073,1073,1073,1074,1074,1074,1074,1075,1075,1075,1075,1075,1076,1076,1076,1076,1076,1076,1076,1076,1077,1077,1077,1077,1077,1077,1077,1077,1077,1077,1077,1077,1077,1077,1077,1077,1077,1077,1077,1077,1077,1077,1077,1077,1077,1077,1077,1077,1077,1076,1076,1075,1075,1074,1074,1073,1073,1072,1071,1070,1069,1069,1068,1067,1066,1065,1064,1062,1061,1060,1059,1058,1057,1055,1054,1053,1052,1051,1049,1048,1047,1046,1045,1043,1042,1041,1040,1039,1038,1037,1036,1035,1034,1033,1032,1031,1030,1029,1029,1028,1027,1027,1026,1026,1025,1025,1025,1024,1024,1024,1024,1024,1024,1024,1024,1024,1024,1024,1024,1024,1024,1024,1024,1024,1024,1024,1024,1024,1024,1024,1024,1024,1024,1024,1024,1024,1024,1024,1024,1024,1024,1024,1024,1024,1024,1024,1024,1024,1024,1024,1024,1024,1024,1024,1024,1024,1024,1024,1024,1024,1024,1024,1024,1024,1024,1024,1024,1024,1024,1024,1024,1024,1024,1024,1024,1024,1024,1024,1024,1024,1024,1024,1024,1024,1024,1024,1024,1024,1024,1024,1024,1024,1024,1024,1024,1024,1024,1024,1024,1024,1024,1024,1024,1024,1024,1024,1024,1024,1024,1024,1024

lead:V1
count:600
points:1024,1024,1024,1024,1024,1024,1024,1025,1025,1025,1025,1026,1026,1026,1026,1027,1027,1027,1028,1028,1029,1029,1029,1030,1030,1031,1031,1031,1032,1032,1033,1033,1033,1034,1034,1034,1035,1035,1035,1036,1036,1036,1036,1037,1037,1037,1037,1037,1037,1037,1037,1037,1037,1037,1037,1037,1037,1037,1036,1036,1036,1036,1035,1035,1035,1034,1034,1034,1033,1033,1033,1032,1032,1031,1031,1031,1030,1030,1029,1029,1029,1028,1028,1027,1027,1027,1026,1026,1026,1026,1025,1025,1025,1025,1024,1024,1024,1024,1024,1024,1024,1024,1024,1024,1024,1024,1024,1024,1024,1024,1024,1024,1024,1024,1024,1024,1024,1024,1024,1024,1024,1024,1024,1024,1024,1024,1024,1024,1024,1024,1024,1024,1024,1024,1024,1024,1024,1024,1024,1024,1024,1024,1024,1024,1024,1024,1024,1024,1024,1024,1024,1024,1024,1024,1024,1024,1024,1024,1024,1024,1024,1024,1024,1024,1024,1024,1024,1024,1024,1024,1024,1024,1024,1024,1024,1024,1024,1024,1024,1024,1024,1024,1024,1024,1024,1024,1025,1025,1025,1025,1025,1025,1025,1025,1025,1025,1025,1025,1025,1025,1025,1025,1025,1025,1025,1025,1025,1025,1026,1026,1026,1026,1026,1026,1026,1027,1028,1029,1031,1032,1033,1034,1035,1038,1038,1038,1038,1038,1038,1038,1039,1039,1040,1040,1041,1042,1042,1043,1044,1045,1046,1047,1048,1049,1050,1051,1052,1053,1054,1056,1056,1040,1023,1006,990,974,957,941,925,910,894,879,864,849,835,821,807,794,781,769,757,745,734,723,713,704,695,686,679,671,665,659,653,648,644,641,638,635,634,632,632,649,666,683,700,717,733,750,766,782,797,812,827,842,856,870,883,896,908,920,931,942,952,961,970,978,986,992,999,1004,1009,1013,1016,1019,1021,1022,1022,1025,1028,1031,1034,1037,1040,1043,1046,1050,1053,1056,1059,1062,1065,1068,1071,1074,1077,1080,1083,1086,1089,1092,1095,1098,1101,1104,1108,1111,1114,1117,1120,1123,1126,1129,1132,1135,1138,1141,1144,1147,1150,1152,1154,1156,1158,1160,1162,1164,1166,1168,1170,1172,1173,1175,1177,1179,1181,1183,1184,1186,1188,1190,1191,1193,1195,1196,1198,1199,1201,1203,1204,1205,1207,1208,1210,1211,1212,1213,1215,1216,1217,1218,1219,1220,1221,1222,1223,1223,1224,1225,1226,1226,1227,1227,1228,1228,1229,1229,1229,1230,1230,1230,1230,1230,1230,1230,1230,1229,1229,1228,1226,1225,1223,1221,1219,1217,1215,1212,1209,1206,1203,1200,1197,1193,1189,1185,1181,1177,1173,1169,1164,1160,1155,1151,1146,1141,1137,1132,1127,1122,1118,1113,1108,1104,1099,1094,1090,1085,1081,1077,1073,1069,1065,1061,1058,1054,1051,1048,1045,1042,1039,1037,1035,1033,1031,1029,1028,1027,1026,1025,1024,1024,1024,1024,1024,1024,1024,1024,1024,1024,1024,1024,1024,1024,1024,1024,1024,1024,1024,1024,1024,1024,1024,1024,1024,1024,1024,1024,1024,1024,1024,1024,1024,1024,1024,1024,1024,1024,1024,1024,1024,1024,1024,1024,1024,1024,1024,1024,1024,1024,1024,1024,1024,1024,1024,1024,1024,1024,1024,1024,1024,1024,1024,1024,1024,1024,1024,1024,1024,1024,1024,1024,1024,1024,1024,1024,1024,1024,1024,1024,1024,1024,1024,1024,1024,1024,1024,1024,1024,1024,1024,1024,1024,1024,1024,1024,1024,1024,1024,1024,1024,1024

lead:V2
count:600
points:1024,1024,1024,1024,1025,1025,1026,1027,1027,1028,1029,1030,1032,1033,1034,1036,1037,1039,1040,1042,1043,1045,1047,1049,1050,1052,1054,1056,1057,1059,1061,1063,1064,1066,1067,1069,1070,1071,1073,1074,1075,1076,1077,1078,1078,1079,1079,1080,1080,1080,1080,1080,1080,1080,1079,1079,1078,1078,1077,1076,1075,1074,1073,1071,1070,1069,1067,1066,1064,1063,1061,1059,1057,1056,1054,1052,1050,1049,1047,1045,1043,1042,1040,1039,1037,1036,1034,1033,1032,1030,1029,1028,1027,1027,1026,1025,1025,1024,1024,1024,1024,1024,1024,1024,1024,1024,1024,1024,1024,1024,1024,1024,1024,1024,1024,1024,1024,1024,1024,1024,1024,1024,1024,1024,1024,1024,1024,1024,1024,1024,1024,1024,1024,1024,1024,1024,1024,1024,1024,1024,1024,1024,1024,1024,1024,1024,1024,1024,1024,1024,1024,1024,1024,1024,1024,1024,1024,1024,1024,1024,1024,1024,1024,1024,1024,1024,1024,1024,1024,1024,1024,1024,1024,1024,1024,1024,1024,1024,1024,1024,1024,1024,1024,1024,1024,1024,1024,1024,1024,1024,1024,1024,1024,1024,1024,1024,1024,1024,1024,1024,1024,1024,1024,1024,1024,1024,1024,1024,1024,1024,1024,1024,1024,1024,1024,1024,1024,1024,1024,1024,1024,1024,1024,1024,1024,1024,1026,1028,1032,1036,1041,1047,1054,1062,1071,1081,1091,1102,1114,1126,1139,1153,1167,1181,1196,1211,1227,1242,1258,1290,1290,1261,1231,1202,1173,1143,1115,1086,1058,1030,1002,975,949,922,897,872,848,824,801,779,758,738,718,699,681,664,649,634,620,607,595,584,574,566,558,552,547,543,540,538,538,559,580,601,622,643,663,684,704,724,743,762,781,799,817,834,850,866,882,896,910,923,936,948,959,969,978,987,995,1001,1007,1012,1017,1020,1022,1024,1024,1028,1032,1036,1040,1044,1047,1051,1055,1059,1063,1067,1071,1075,1079,1083,1086,1090,1094,1098,1102,1106,1110,1114,1118,1122,1125,1129,1133,1137,1141,1145,1149,1153,1157,1161,1164,1168,1172,1176,1180,1184,1188,1190,1193,1196,1198,1201,1204,1206,1209,1211,1214,1217,1219,1222,1224,1227,1229,1231,1234,1236,1239,1241,1243,1245,1248,1250,1252,1254,1256,1258,1260,1262,1264,1266,1268,1269,1271,1273,1274,1276,1277,1279,1280,1281,1283,1284,1285,1286,1287,1288,1289,1290,1291,1291,1292,1293,1293,1294,1294,1295,1295,1295,1295,1295,1295,1295,1295,1294,1293,1292,1290,1288,1286,1284,1281,1278,1275,1272,1268,1264,1260,1256,1251,1246,1241,1236,1231,1226,1220,1214,1209,1203,1197,1191,1185,1178,1172,1166,1160,1153,1147,1141,1135,1129,1123,1117,1111,1105,1099,1094,1088,1083,1078,1073,1068,1064,1059,1055,1051,1048,1044,1041,1038,1036,1033,1031,1029,1028,1026,1025,1025,1024,1024,1024,1024,1024,1024,1024,1024,1024,1024,1024,1024,1024,1024,1024,1024,1024,1024,1024,1024,1024,1024,1024,1024,1024,1024,1024,1024,1024,1024,1024,1024,1024,1024,1024,1024,1024,1024,1024,1024,1024,1024,1024,1024,1024,1024,1024,1024,1024,1024,1024,1024,1024,1024,1024,1024,1024,1024,1024,1024,1024,1024,1024,1024,1024,1024,1024,1024,1024,1024,1024,1024,1024,1024,1024,1024,1024,1024,1024,1024,1024,1024,1024,1024,1024,1024,1024,1024,1024,1024,1024,1024,1024,1024,1024,1024,1024,1024,1024,1024,1024

lead:V3
count:600
points:1024,1024,1024,1025,1025,1026,1027,1028,1030,1031,1033,1034,1036,1038,1040,1043,1045,1048,1050,1053,1055,1058,1061,1064,1067,1070,1072,1075,1078,1081,1084,1086,1089,1091,1094,1096,1099,1101,1103,1105,1106,1108,1109,1111,1112,1113,1114,1114,1115,1115,1115,1115,1115,1114,1114,1113,1112,1111,1109,1108,1106,1105,1103,1101,1099,1096,1094,1091,1089,1086,1084,1081,1078,1075,1072,1070,1067,1064,1061,1058,1055,1053,1050,1048,1045,1043,1040,1038,1036,1034,1033,1031,1030,1028,1027,1026,1025,1025,1024,1024,1024,1024,1024,1024,1024,1024,1024,1024,1024,1024,1024,1024,1024,1024,1024,1024,1024,1024,1024,1024,1024,1024,1024,1024,1024,1024,1024,1024,1024,1024,1024,1024,1024,1024,1024,1024,1024,1024,1024,1024,1024,1024,1024,1024,1024,1024,1024,1024,1024,1024,1024,1024,1024,1024,1024,1024,1024,1024,1024,1024,1024,1024,1024,1024,1024,1024,1024,1024,1024,1024,1024,1024,1024,1024,1024,1024,1024,1024,1024,1024,1024,1024,1024,1024,1024,1024,1023,1023,1023,1023,1023,1023,1023,1023,1023,1023,1023,1023,1023,1023,1023,1023,1023,1023,1023,1023,1023,1023,1022,1022,1022,1022,1022,1022,1022,1021,1020,1019,1017,1016,1015,1014,1013,1010,1010,1011,1014,1018,1024,1032,1041,1052,1065,1079,1094,1111,1130,1149,1170,1192,1215,1239,1264,1290,1316,1343,1371,1399,1427,1484,1484,1446,1408,1370,1333,1295,1258,1221,1185,1149,1114,1079,1045,1011,978,946,915,885,855,827,799,773,748,724,701,679,658,639,621,605,589,576,563,552,542,534,528,522,519,516,516,538,560,582,604,626,648,669,690,711,731,751,771,790,808,826,844,860,877,892,907,921,934,946,958,968,978,987,995,1002,1009,1014,1018,1022,1024,1025,1026,1030,1034,1038,1043,1047,1051,1055,1059,1063,1068,1072,1076,1080,1084,1088,1093,1097,1101,1105,1109,1113,1118,1122,1126,1130,1134,1138,1143,1147,1151,1155,1159,1163,1168,1172,1176,1180,1184,1188,1193,1197,1201,1204,1207,1210,1213,1215,1218,1221,1224,1227,1230,1233,1235,1238,1241,1244,1246,1249,1252,1254,1257,1259,1262,1264,1267,1269,1272,1274,1276,1279,1281,1283,1285,1287,1289,1291,1293,1295,1296,1298,1300,1301,1303,1304,1306,1307,1308,1310,1311,1312,1313,1314,1315,1315,1316,1317,1317,1318,1318,1319,1319,1319,1320,1320,1320,1320,1319,1318,1317,1316,1314,1312,1310,1307,1304,1301,1298,1294,1290,1286,1281,1276,1272,1266,1261,1255,1250,1244,1238,1232,1225,1219,1212,1206,1199,1192,1186,1179,1172,1165,1158,1151,1145,1138,1131,1125,1118,1112,1106,1100,1094,1088,1083,1077,1072,1067,1063,1058,1054,1050,1046,1043,1040,1037,1034,1032,1030,1028,1027,1025,1025,1024,1024,1024,1024,1024,1024,1024,1024,1024,1024,1024,1024,1024,1024,1024,1024,1024,1024,1024,1024,1024,1024,1024,1024,1024,1024,1024,1024,1024,1024,1024,1024,1024,1024,1024,1024,1024,1024,1024,1024,1024,1024,1024,1024,1024,1024,1024,1024,1024,1024,1024,1024,1024,1024,1024,1024,1024,1024,1024,1024,1024,1024,1024,1024,1024,1024,1024,1024,1024,1024,1024,1024,1024,1024,1024,1024,1024,1024,1024,1024,1024,1024,1024,1024,1024,1024,1024,1024,1024,1024,1024,1024,1024,1024,1024,1024,1024,1024,1024,1024,1024

lead:V4
count:600
points:1024,1024,1024,1025,1026,1027,1028,1029,1031,1033,1035,1037,1039,1042,1044,1047,1050,1053,1056,1059,1063,1066,1070,1073,1077,1080,1084,1087,1091,1094,1098,1101,1104,1107,1110,1113,1116,1119,1121,1123,1126,1128,1129,1131,1132,1134,1135,1135,1136,1136,1136,1136,1136,1135,1135,1134,1132,1131,1129,1128,1126,1123,1121,1119,1116,1113,1110,1107,1104,1101,1098,1094,1091,1087,1084,1080,1077,1073,1070,1066,1063,1059,1056,1053,1050,1047,1044,1042,1039,1037,1035,1033,1031,1029,1028,1027,1026,1025,1024,1024,1024,1024,1024,1024,1024,1024,1024,1024,1024,1024,1024,1024,1024,1024,1024,1024,1024,1024,1024,1024,1024,1024,1024,1024,1024,1024,1024,1024,1024,1024,1024,1024,1024,1024,1024,1024,1024,1024,1024,1024,1024,1024,1024,1024,1024,1024,1024,1024,1024,1024,1024,1024,1024,1024,1024,1024,1024,1024,1024,1024,1024,1024,1024,1024,1024,1024,1024,1024,1024,1024,1024,1024,1024,1024,1024,1024,1023,1023,1023,1023,1023,1023,1023,1023,1023,1023,1023,1023,1023,1023,1023,1023,1023,1023,1023,1022,1022,1022,1022,1022,1022,1022,1022,1022,1022,1022,1021,1021,1021,1021,1021,1021,1021,1020,1020,1018,1016,1014,1012,1009,1007,1005,1003,999,999,1000,1003,1009,1016,1026,1038,1053,1069,1087,1107,1129,1153,1178,1205,1233,1263,1294,1327,1360,1394,1429,1465,1501,1537,1611,1611,1571,1530,1489,1449,1409,1369,1329,1290,1252,1214,1176,1140,1104,1069,1034,1001,968,937,906,877,849,821,796,771,748,726,705,686,668,652,637,623,612,601,592,585,580,576,573,573,592,612,632,652,671,690,709,728,747,765,783,800,817,834,850,865,880,894,908,921,934,945,956,967,976,985,993,1000,1007,1012,1017,1021,1024,1026,1027,1028,1031,1035,1039,1043,1047,1050,1054,1058,1062,1065,1069,1073,1077,1081,1084,1088,1092,1096,1100,1103,1107,1111,1115,1118,1122,1126,1130,1134,1137,1141,1145,1149,1153,1156,1160,1164,1168,1171,1175,1179,1183,1187,1189,1192,1195,1198,1200,1203,1206,1208,1211,1214,1216,1219,1222,1224,1227,1229,1232,1235,1237,1239,1242,1244,1247,1249,1251,1253,1256,1258,1260,1262,1264,1266,1268,1270,1271,1273,1275,1277,1278,1280,1281,1283,1284,1285,1287,1288,1289,1290,1291,1292,1293,1294,1295,1295,1296,1296,1297,1297,1298,1298,1298,1299,1299,1299,1299,1298,1297,1296,1295,1293,1292,1289,1287,1284,1281,1278,1275,1271,1267,1263,1258,1254,1249,1244,1239,1234,1228,1223,1217,1211,1205,1199,1193,1187,1180,1174,1168,1161,1155,1149,1142,1136,1130,1124,1118,1112,1106,1100,1095,1089,1084,1079,1074,1069,1064,1060,1056,1052,1048,1045,1041,1038,1036,1033,1031,1029,1028,1026,1025,1025,1024,1024,1024,1024,1024,1024,1024,1024,1024,1024,1024,1024,1024,1024,1024,1024,1024,1024,1024,1024,1024,1024,1024,1024,1024,1024,1024,1024,1024,1024,1024,1024,1024,1024,1024,1024,1024,1024,1024,1024,1024,1024,1024,1024,1024,1024,1024,1024,1024,1024,1024,1024,1024,1024,1024,1024,1024,1024,1024,1024,1024,1024,1024,1024,1024,1024,1024,1024,1024,1024,1024,1024,1024,1024,1024,1024,1024,1024,1024,1024,1024,1024,1024,1024,1024,1024,1024,1024,1024,1024,1024,1024,1024,1024,1024,1024,1024,1024,1024,1024,1024

lead:V5
count:600
points:1024,1024,1024,1025,1026,1027,1028,1030,1031,1033,1035,1037,1040,1042,1045,1048,1051,1054,1057,1061,1064,1068,1071,1075,1078,1082,1086,1089,1093,1097,1100,1103,1107,1110,1113,1116,1119,1122,1124,1127,1129,1131,1133,1135,1136,1137,1138,1139,1140,1140,1140,1140,1140,1139,1138,1137,1136,1135,1133,1131,1129,1127,1124,1122,1119,1116,1113,1110,1107,1103,1100,1097,1093,1089,1086,1082,1078,1075,1071,1068,1064,1061,1057,1054,1051,1048,1045,1042,1040,1037,1035,1033,1031,1030,1028,1027,1026,1025,1024,1024,1024,1024,1024,1024,1024,1024,1024,1024,1024,1024,1024,1024,1024,1024,1024,1024,1024,1024,1024,1024,1024,1024,1024,1024,1024,1024,1024,1024,1024,1024,1024,1024,1024,1024,1024,1024,1024,1024,1024,1024,1024,1024,1024,1024,1024,1024,1024,1024,1024,1024,1024,1024,1024,1024,1024,1024,1024,1024,1024,1024,1024,1024,1024,1024,1024,1024,1024,1024,1024,1024,1024,1024,1023,1023,1023,1023,1023,1023,1023,1023,1023,1023,1023,1023,1023,1023,1023,1023,1023,1023,1022,1022,1022,1022,1022,1022,1022,1022,1022,1022,1021,1021,1021,1021,1021,1021,1021,1020,1020,1020,1020,1020,1020,1019,1019,1016,1014,1011,1008,1005,1002,999,997,991,991,992,996,1002,1010,1021,1033,1049,1066,1085,1107,1130,1156,1183,1212,1242,1274,1307,1342,1377,1414,1451,1490,1528,1567,1646,1646,1609,1572,1535,1498,1461,1425,1389,1353,1318,1283,1249,1215,1182,1150,1119,1088,1058,1030,1002,975,949,924,901,878,857,837,818,800,784,769,755,743,732,723,715,708,703,700,697,697,711,726,740,754,768,783,796,810,824,837,850,863,875,887,899,910,921,931,941,951,960,969,977,984,991,998,1003,1009,1013,1017,1021,1024,1026,1027,1028,1029,1032,1034,1037,1040,1043,1046,1049,1051,1054,1057,1060,1063,1066,1068,1071,1074,1077,1080,1083,1086,1088,1091,1094,1097,1100,1103,1105,1108,1111,1114,1117,1120,1122,1125,1128,1131,1134,1137,1139,1142,1145,1148,1150,1152,1154,1157,1159,1161,1163,1165,1167,1169,1172,1174,1176,1178,1180,1182,1184,1186,1188,1190,1192,1193,1195,1197,1199,1201,1202,1204,1206,1207,1209,1210,1212,1213,1215,1216,1218,1219,1220,1221,1223,1224,1225,1226,1227,1228,1229,1230,1230,1231,1232,1233,1233,1234,1234,1235,1235,1235,1236,1236,1236,1236,1236,1236,1236,1236,1235,1235,1233,1232,1231,1229,1227,1225,1223,1220,1218,1215,1212,1209,1205,1202,1198,1194,1190,1186,1182,1177,1173,1169,1164,1159,1154,1150,1145,1140,1135,1130,1125,1120,1115,1111,1106,1101,1096,1092,1087,1083,1079,1074,1070,1066,1062,1059,1055,1052,1048,1045,1043,1040,1037,1035,1033,1031,1030,1028,1027,1026,1025,1024,1024,1024,1024,1024,1024,1024,1024,1024,1024,1024,1024,1024,1024,1024,1024,1024,1024,1024,1024,1024,1024,1024,1024,1024,1024,1024,1024,1024,1024,1024,1024,1024,1024,1024,1024,1024,1024,1024,1024,1024,1024,1024,1024,1024,1024,1024,1024,1024,1024,1024,1024,1024,1024,1024,1024,1024,1024,1024,1024,1024,1024,1024,1024,1024,1024,1024,1024,1024,1024,1024,1024,1024,1024,1024,1024,1024,1024,1024,1024,1024,1024,1024,1024,1024,1024,1024,1024,1024,1024,1024,1024,1024,1024,1024,1024,1024,1024,1024,1024,1024,1024

lead:V6
count:600
points:1024,1024,1024,1025,1026,1027,1028,1029,1030,1032,1034,1036,1038,1040,1043,1045,1048,1051,1053,1056,1059,1062,1066,1069,1072,1075,1078,1082,1085,1088,1091,1094,1097,1100,1103,1105,1108,1110,1113,1115,1117,1118,1120,1122,1123,1124,1125,1125,1126,1126,1126,1126,1126,1125,1125,1124,1123,1122,1120,1118,1117,1115,1113,1110,1108,1105,1103,1100,1097,1094,1091,1088,1085,1082,1078,1075,1072,1069,1066,1062,1059,1056,1053,1051,1048,1045,1043,1040,1038,1036,1034,1032,1030,1029,1028,1027,1026,1025,1024,1024,1024,1024,1024,1024,1024,1024,1024,1024,1024,1024,1024,1024,1024,1024,1024,1024,1024,1024,1024,1024,1024,1024,1024,1024,1024,1024,1024,1024,1024,1024,1024,1024,1024,1024,1024,1024,1024,1024,1024,1024,1024,1024,1024,1024,1024,1024,1024,1024,1024,1024,1024,1024,1024,1024,1024,1024,1024,1024,1024,1024,1024,1024,1024,1024,1024,1024,1024,1024,1024,1024,1024,1023,1023,1023,1023,1023,1023,1023,1023,1023,1023,1023,1023,1023,1023,1023,1023,1023,1023,1022,1022,1022,1022,1022,1022,1022,1022,1022,1021,1021,1021,1021,1021,1021,1021,1021,1020,1020,1020,1020,1020,1019,1019,1019,1019,1016,1013,1010,1007,1004,1000,997,994,988,988,1011,1034,1057,1080,1103,1126,1149,1172,1196,1219,1242,1265,1288,1311,1334,1357,1380,1403,1426,1449,1472,1495,1518,1541,1587,1587,1559,1531,1503,1475,1447,1420,1393,1366,1339,1313,1287,1262,1237,1213,1189,1166,1143,1122,1101,1080,1061,1042,1024,1007,991,976,962,949,936,925,915,905,897,890,884,879,875,873,870,870,883,895,907,918,928,937,946,954,962,969,976,982,988,993,998,1002,1006,1009,1012,1015,1018,1020,1022,1023,1025,1026,1027,1027,1028,1028,1029,1029,1029,1029,1029,1029,1031,1032,1034,1035,1036,1038,1039,1041,1042,1044,1045,1047,1048,1050,1051,1053,1054,1055,1057,1058,1060,1061,1063,1064,1066,1067,1069,1070,1072,1073,1074,1076,1077,1079,1080,1082,1083,1085,1086,1088,1089,1091,1092,1093,1094,1096,1097,1098,1099,1101,1102,1103,1104,1105,1107,1108,1109,1110,1111,1112,1114,1115,1116,1117,1118,1119,1120,1121,1122,1123,1124,1125,1126,1127,1128,1128,1129,1130,1131,1132,1132,1133,1134,1134,1135,1136,1136,1137,1137,1138,1138,1139,1139,1140,1140,1140,1141,1141,1141,1141,1141,1142,1142,1142,1142,1142,1142,1142,1141,1141,1140,1140,1139,1138,1137,1136,1134,1133,1131,1130,1128,1126,1125,1123,1120,1118,1116,1114,1112,1109,1107,1104,1102,1099,1096,1094,1091,1088,1086,1083,1080,1077,1075,1072,1069,1067,1064,1062,1059,1057,1054,1052,1050,1047,1045,1043,1041,1039,1038,1036,1034,1033,1031,1030,1029,1028,1027,1026,1026,1025,1025,1024,1024,1024,1024,1024,1024,1024,1024,1024,1024,1024,1024,1024,1024,1024,1024,1024,1024,1024,1024,1024,1024,1024,1024,1024,1024,1024,1024,1024,1024,1024,1024,1024,1024,1024,1024,1024,1024,1024,1024,1024,1024,1024,1024,1024,1024,1024,1024,1024,1024,1024,1024,1024,1024,1024,1024,1024,1024,1024,1024,1024,1024,1024,1024,1024,1024,1024,1024,1024,1024,1024,1024,1024,1024,1024,1024,1024,1024,1024,1024,1024,1024,1024,1024,1024,1024,1024,1024,1024,1024,1024,1024,1024,1024,1024,1024,1024,1024,1024,1024,1024,1024

