pathology:sinhypocal
group:electrolyte
title:Sinus rhythm during hypocalcemia
name:Синусовый ритм при гипокальциемии
leads:12

lead:I
count:620
points:1024,1024,1024,1024,1024,1024,1024,1024,1024,1024,1024,1024,1024,1024,1024,1024,1024,1024,1024,1024,1024,1024,1024,1024,1024,1024,1024,1024,1024,1024,1024,1024,1024,1024,1024,1024,1024,1024,1024,1024,1024,1024,1024,1025,1026,1026,1027,1029,1030,1031,1033,1035,1037,1039,1041,1043,1045,1048,1050,1052,1055,1057,1060,1062,1064,1066,1069,1071,1073,1075,1076,1078,1080,1081,1082,1083,1084,1085,1085,1085,1085,1085,1085,1085,1084,1083,1082,1081,1080,1078,1076,1075,1073,1071,1069,1066,1064,1062,1060,1057,1055,1052,1050,1048,1045,1043,1041,1039,1037,1035,1033,1031,1030,1029,1027,1026,1026,1025,1024,1024,1024,1024,1024,1024,1024,1024,1024,1024,1024,1024,1024,1024,1024,1024,1024,1023,1023,1023,1023,1023,1022,1022,1021,1021,1020,1020,1019,1018,1017,1016,1015,1013,1012,1010,1009,1006,1004,1001,998,996,993,991,988,983,983,999,1015,1031,1048,1064,1080,1096,1112,1128,1145,1161,1177,1193,1209,1225,1241,1258,1274,1290,1306,1322,1338,1354,1371,1403,1403,1383,1363,1343,1324,1304,1285,1265,1246,1227,1209,1191,1173,1155,1138,1121,1105,1089,1074,1059,1044,1031,1017,1005,993,981,971,961,951,943,935,927,921,915,910,906,902,900,898,896,896,909,922,933,943,953,962,970,977,984,990,995,1000,1004,1008,1011,1014,1016,1018,1020,1021,1022,1023,1023,1024,1024,1024,1024,1024,1024,1024,1024,1024,1024,1024,1024,1024,1024,1024,1024,1024,1024,1024,1024,1024,1024,1024,1024,1024,1024,1024,1024,1024,1024,1024,1024,1024,1024,1024,1024,1024,1024,1024,1024,1024,1024,1024,1024,1024,1024,1024,1024,1024,1024,1024,1024,1024,1024,1024,1024,1024,1024,1024,1024,1024,1024,1024,1024,1024,1024,1024,1024,1024,1024,1024,1024,1024,1024,1024,1024,1024,1024,1024,1024,1024,1024,1024,1024,1024,1024,1024,1024,1024,1024,1024,1024,1024,1024,1024,1024,1024,1024,1024,1024,1024,1024,1024,1024,1024,1024,1024,1024,1024,1024,1024,1024,1024,1024,1024,1024,1024,1024,1024,1024,1024,1024,1024,1024,1024,1024,1024,1024,1024,1024,1024,1024,1024,1024,1024,1024,1024,1024,1024,1024,1024,1024,1024,1024,1024,1024,1024,1024,1024,1024,1024,1024,1024,1024,1024,1024,1024,1024,1024,1024,1024,1024,1024,1024,1024,1025,1025,1025,1025,1026,1026,1026,1027,1027,1027,1028,1028,1029,1029,1030,1030,1031,1031,1032,1033,1033,1034,1035,1035,1036,1037,1037,1038,1039,1040,1041,1041,1042,1043,1044,1045,1046,1047,1048,1049,1050,1051,1051,1052,1053,1054,1055,1056,1057,1058,1059,1060,1061,1062,1063,1064,1065,1066,1067,1068,1069,1070,1071,1072,1073,1074,1075,1076,1077,1078,1079,1080,1081,1082,1082,1083,1084,1085,1086,1087,1087,1088,1089,1090,1090,1091,1092,1092,1093,1093,1094,1095,1095,1096,1096,1097,1097,1097,1098,1098,1099,1099,1099,1099,1100,1100,1100,1100,1100,1101,1101,1101,1101,1101,1101,1101,1100,1100,1100,1099,1099,1098,1098,1097,1096,1095,1094,1093,1092,1091,1090,1088,1087,1086,1084,1083,1081,1080,1078,1076,1075,1073,1071,1069,1068,1066,1064,1062,1061,1059,1057,1055,1054,1052,1050,1049,1047,1045,1044,1042,1041,1039,1038,1037,1035,1034,1033,1032,1031,1030,1029,1028,1027,1027,1026,1025,1025,1025,1024,1024,1024,1024,1024,1024,1024,1024,1024,1024,1024,1024,1024,1024,1024,1024,1024,1024,1024,1024,1024,1024,1024

lead:II
count:620
points:1024,1024,1024,1024,1024,1024,1024,1024,1024,1024,1024,1024,1024,1024,1024,1024,1024,1024,1024,1024,1024,1024,1024,1024,1024,1024,1024,1024,1024,1024,1024,1024,1024,1024,1024,1024,1024,1024,1024,1024,1024,1024,1025,1025,1027,1028,1030,1032,1034,1036,1039,1042,1045,1048,1052,1056,1059,1063,1067,1071,1075,1079,1083,1087,1091,1095,1098,1102,1105,1108,1111,1114,1117,1119,1121,1123,1124,1125,1126,1126,1126,1126,1126,1125,1124,1123,1121,1119,1117,1114,1111,1108,1105,1102,1098,1095,1091,1087,1083,1079,1075,1071,1067,1063,1059,1056,1052,1048,1045,1042,1039,1036,1034,1032,1030,1028,1027,1025,1025,1024,1024,1024,1024,1024,1024,1024,1024,1024,1024,1024,1024,1024,1023,1023,1023,1023,1022,1022,1021,1021,1020,1019,1018,1016,1015,1014,1012,1010,1008,1005,1002,999,996,992,988,983,977,971,966,960,954,949,943,932,932,958,983,1009,1035,1061,1087,1112,1138,1164,1190,1216,1241,1267,1293,1319,1345,1370,1396,1422,1448,1474,1499,1525,1551,1603,1603,1574,1545,1517,1488,1460,1432,1404,1376,1349,1322,1296,1270,1245,1220,1196,1172,1149,1127,1106,1085,1065,1046,1028,1010,994,978,964,950,938,926,916,906,898,891,884,879,875,873,870,870,882,892,901,910,918,926,933,939,944,949,954,958,961,964,967,969,971,973,974,975,976,977,977,978,978,978,978,978,978,978,978,978,979,979,979,979,979,979,979,980,980,980,980,980,980,980,980,981,981,981,981,981,981,981,982,982,982,982,982,982,982,982,983,983,983,983,983,983,983,984,984,984,984,984,984,984,984,985,985,985,985,985,985,985,986,986,986,986,986,986,986,986,987,987,987,987,987,987,987,987,988,988,988,988,988,988,988,989,989,989,989,989,989,989,989,990,990,990,990,990,990,990,991,991,991,991,991,991,991,991,992,992,992,992,992,992,992,993,993,993,993,993,993,993,993,994,994,994,994,994,994,994,995,995,995,995,995,995,995,995,996,996,996,996,996,996,996,997,997,997,997,997,997,997,997,998,998,998,998,998,998,998,998,998,999,999,999,999,999,1000,1000,1000,1001,1001,1002,1002,1003,1004,1004,1005,1006,1007,1007,1008,1009,1010,1011,1012,1013,1014,1015,1016,1018,1019,1020,1021,1022,1024,1025,1026,1028,1029,1031,1032,1033,1035,1036,1038,1039,1041,1042,1044,1045,1047,1049,1050,1052,1053,1055,1057,1058,1060,1061,1063,1065,1066,1068,1069,1071,1073,1074,1076,1077,1079,1080,1082,1083,1085,1086,1088,1089,1091,1092,1093,1095,1096,1097,1099,1100,1101,1102,1103,1104,1105,1107,1108,1109,1110,1110,1111,1112,1113,1114,1115,1115,1116,1117,1117,1118,1118,1119,1119,1120,1120,1120,1121,1121,1121,1121,1121,1121,1121,1121,1121,1121,1120,1120,1119,1119,1118,1117,1116,1115,1114,1113,1111,1110,1109,1107,1105,1104,1102,1100,1098,1096,1094,1092,1090,1088,1086,1084,1082,1079,1077,1075,1073,1070,1068,1066,1064,1062,1059,1057,1055,1053,1051,1049,1047,1045,1043,1042,1040,1038,1037,1035,1034,1033,1031,1030,1029,1028,1027,1027,1026,1025,1025,1024,1024,1024,1024,1024,1024,1024,1024,1024,1024,1024,1024,1024,1024,1024,1024,1024,1024,1024,1024,1024,1024,1024

lead:III
count:620
points:1024,1024,1024,1024,1024,1024,1024,1024,1024,1024,1024,1024,1024,1024,1024,1024,1024,1024,1024,1024,1024,1024,1024,1024,1024,1024,1024,1024,1024,1024,1024,1024,1024,1024,1024,1024,1024,1024,1024,1024,1024,1024,1024,1025,1025,1026,1026,1027,1028,1029,1030,1031,1032,1034,1035,1037,1038,1040,1041,1043,1044,1046,1048,1049,1051,1052,1054,1055,1057,1058,1059,1060,1061,1062,1063,1063,1064,1064,1065,1065,1065,1065,1065,1064,1064,1063,1063,1062,1061,1060,1059,1058,1057,1055,1054,1052,1051,1049,1048,1046,1044,1043,1041,1040,1038,1037,1035,1034,1032,1031,1030,1029,1028,1027,1026,1026,1025,1025,1024,1024,1024,1024,1024,1024,1024,1024,1024,1024,1024,1024,1024,1024,1024,1024,1023,1023,1023,1023,1022,1022,1022,1021,1020,1020,1019,1018,1017,1016,1015,1013,1012,1010,1008,1006,1004,1000,997,994,991,988,985,982,979,973,973,982,992,1002,1011,1021,1031,1040,1050,1060,1069,1079,1089,1098,1108,1118,1127,1137,1146,1156,1166,1175,1185,1195,1204,1224,1224,1215,1206,1197,1188,1180,1171,1163,1154,1146,1137,1129,1121,1114,1106,1099,1091,1084,1077,1071,1064,1058,1052,1047,1041,1036,1032,1027,1023,1019,1016,1012,1009,1007,1005,1003,1001,1000,999,998,998,996,994,992,991,989,988,987,985,984,983,983,982,981,980,980,980,979,979,979,978,978,978,978,978,978,978,978,978,978,978,978,978,979,979,979,979,979,979,979,980,980,980,980,980,980,980,980,981,981,981,981,981,981,981,982,982,982,982,982,982,982,982,983,983,983,983,983,983,983,984,984,984,984,984,984,984,984,985,985,985,985,985,985,985,986,986,986,986,986,986,986,986,987,987,987,987,987,987,987,987,988,988,988,988,988,988,988,989,989,989,989,989,989,989,989,990,990,990,990,990,990,990,991,991,991,991,991,991,991,991,992,992,992,992,992,992,992,993,993,993,993,993,993,993,993,994,994,994,994,994,994,994,995,995,995,995,995,995,995,995,996,996,996,996,996,996,996,997,997,997,997,997,997,997,997,998,998,998,998,998,998,998,998,998,998,999,999,999,999,999,999,999,999,1000,1000,1000,1000,1000,1001,1001,1001,1001,1002,1002,1002,1003,1003,1004,1004,1004,1005,1005,1006,1006,1006,1007,1007,1008,1008,1009,1009,1010,1010,1011,1012,1012,1013,1013,1014,1014,1015,1015,1016,1017,1017,1018,1018,1019,1020,1020,1021,1021,1022,1023,1023,1024,1024,1025,1026,1026,1027,1027,1028,1029,1029,1030,1030,1031,1031,1032,1032,1033,1033,1034,1034,1035,1035,1036,1036,1037,1037,1038,1038,1039,1039,1039,1040,1040,1040,1041,1041,1041,1042,1042,1042,1042,1043,1043,1043,1043,1044,1044,1044,1044,1044,1044,1044,1044,1044,1044,1044,1044,1044,1044,1044,1044,1044,1044,1044,1044,1044,1043,1043,1043,1043,1042,1042,1042,1041,1041,1041,1040,1040,1040,1039,1039,1038,1038,1037,1037,1037,1036,1036,1035,1035,1034,1034,1033,1033,1032,1032,1031,1031,1031,1030,1030,1029,1029,1028,1028,1028,1027,1027,1027,1026,1026,1026,1026,1025,1025,1025,1025,1025,1024,1024,1024,1024,1024,1024,1024,1024,1024,1024,1024,1024,1024,1024,1024,1024,1024,1024,1024,1024,1024,1024,1024,1024,1024,1024

lead:aVR
count:620
points:1024,1024,1024,1024,1024,1024,1024,1024,1024,1024,1024,1024,1024,1024,1024,1024,1024,1024,1024,1024,1024,1024,1024,1024,1024,1024,1024,1024,1024,1024,1024,1024,1024,1024,1024,1024,1024,1024,1024,1024,1024,1024,1023,1023,1022,1020,1019,1017,1015,1013,1010,1007,1005,1001,998,995,991,988,984,980,977,973,969,966,962,959,955,952,949,946,943,941,938,936,935,933,932,931,930,929,929,930,930,931,932,933,935,936,938,941,943,946,949,952,955,959,962,966,969,973,977,980,984,988,991,995,998,1001,1005,1007,1010,1013,1015,1017,1019,1020,1022,1023,1023,1024,1024,1024,1024,1024,1024,1024,1024,1024,1024,1024,1024,1024,1024,1025,1025,1025,1025,1026,1026,1027,1028,1028,1029,1030,1031,1033,1034,1036,1038,1040,1042,1044,1047,1050,1054,1058,1063,1068,1072,1077,1082,1087,1091,1101,1101,1077,1052,1028,1004,980,956,931,907,883,859,834,810,786,762,738,713,689,665,641,617,592,568,544,520,471,471,499,527,555,583,611,638,665,692,719,745,771,796,821,845,869,892,914,936,957,977,997,1015,1033,1050,1066,1081,1095,1109,1121,1132,1142,1152,1160,1167,1173,1178,1182,1184,1187,1187,1173,1159,1147,1136,1126,1117,1108,1100,1093,1087,1081,1076,1072,1068,1064,1061,1059,1057,1055,1054,1053,1052,1051,1051,1051,1051,1051,1051,1051,1050,1050,1050,1050,1050,1050,1050,1050,1050,1050,1050,1050,1050,1049,1049,1049,1049,1049,1049,1049,1049,1049,1049,1049,1049,1049,1048,1048,1048,1048,1048,1048,1048,1048,1048,1048,1048,1048,1048,1047,1047,1047,1047,1047,1047,1047,1047,1047,1047,1047,1047,1047,1046,1046,1046,1046,1046,1046,1046,1046,1046,1046,1046,1046,1046,1045,1045,1045,1045,1045,1045,1045,1045,1045,1045,1045,1045,1045,1044,1044,1044,1044,1044,1044,1044,1044,1044,1044,1044,1044,1044,1043,1043,1043,1043,1043,1043,1043,1043,1043,1043,1043,1043,1043,1042,1042,1042,1042,1042,1042,1042,1042,1042,1042,1042,1042,1042,1041,1041,1041,1041,1041,1041,1041,1041,1041,1041,1041,1041,1041,1040,1040,1040,1040,1040,1040,1040,1040,1040,1040,1040,1040,1040,1039,1039,1039,1039,1039,1039,1039,1039,1039,1039,1039,1039,1039,1038,1038,1038,1038,1038,1037,1037,1036,1036,1035,1035,1034,1034,1033,1032,1032,1031,1030,1029,1029,1028,1027,1026,1025,1024,1023,1022,1021,1020,1019,1017,1016,1015,1014,1013,1011,1010,1009,1007,1006,1005,1003,1002,1000,999,998,996,995,993,992,990,989,987,986,984,983,981,980,978,977,975,974,972,971,969,968,966,965,963,962,960,959,958,956,955,954,952,951,950,948,947,946,945,944,943,941,940,939,938,937,936,935,935,934,933,932,931,930,930,929,928,928,927,927,926,926,925,925,925,924,924,924,924,924,924,924,923,924,924,924,924,925,925,926,927,928,929,930,931,932,934,935,937,938,940,942,943,945,947,949,951,953,956,958,960,962,965,967,969,971,974,976,978,981,983,985,987,990,992,994,996,998,1000,1002,1004,1006,1008,1009,1011,1012,1014,1015,1016,1018,1019,1020,1021,1021,1022,1023,1023,1024,1024,1024,1024,1024,1024,1024,1024,1024,1024,1024,1024,1024,1024,1024,1024,1024,1024,1024,1024,1024,1024,1024

lead:aVL
count:620
points:1024,1024,1024,1024,1024,1024,1024,1024,1024,1024,1024,1024,1024,1024,1024,1024,1024,1024,1024,1024,1024,1024,1024,1024,1024,1024,1024,1024,1024,1024,1024,1024,1024,1024,1024,1024,1024,1024,1024,1024,1024,1024,1024,1024,1024,1024,1025,1025,1025,1025,1026,1026,1026,1027,1027,1028,1028,1029,1029,1029,1030,1030,1031,1031,1032,1032,1033,1033,1033,1034,1034,1034,1035,1035,1035,1035,1036,1036,1036,1036,1036,1036,1036,1036,1036,1035,1035,1035,1035,1034,1034,1034,1033,1033,1033,1032,1032,1031,1031,1030,1030,1029,1029,1029,1028,1028,1027,1027,1026,1026,1026,1025,1025,1025,1025,1024,1024,1024,1024,1024,1024,1024,1024,1024,1024,1024,1024,1024,1024,1024,1024,1024,1024,1024,1024,1024,1024,1024,1024,1024,1024,1024,1025,1025,1025,1025,1025,1025,1025,1026,1026,1026,1026,1027,1027,1027,1028,1028,1028,1028,1029,1029,1029,1030,1030,1034,1037,1041,1045,1049,1052,1056,1060,1064,1067,1071,1075,1079,1082,1086,1090,1094,1097,1101,1105,1109,1112,1116,1120,1127,1127,1121,1115,1108,1102,1096,1090,1083,1077,1071,1065,1059,1054,1048,1043,1037,1032,1027,1022,1017,1012,1008,1004,1000,996,992,989,986,983,980,977,975,973,971,969,968,967,966,965,965,965,974,982,990,997,1003,1009,1014,1019,1024,1028,1031,1035,1037,1040,1042,1044,1045,1047,1048,1049,1049,1050,1050,1050,1050,1051,1051,1051,1051,1050,1050,1050,1050,1050,1050,1050,1050,1050,1050,1050,1050,1050,1049,1049,1049,1049,1049,1049,1049,1049,1049,1049,1049,1049,1049,1048,1048,1048,1048,1048,1048,1048,1048,1048,1048,1048,1048,1048,1047,1047,1047,1047,1047,1047,1047,1047,1047,1047,1047,1047,1047,1046,1046,1046,1046,1046,1046,1046,1046,1046,1046,1046,1046,1046,1045,1045,1045,1045,1045,1045,1045,1045,1045,1045,1045,1045,1045,1044,1044,1044,1044,1044,1044,1044,1044,1044,1044,1044,1044,1044,1043,1043,1043,1043,1043,1043,1043,1043,1043,1043,1043,1043,1043,1042,1042,1042,1042,1042,1042,1042,1042,1042,1042,1042,1042,1042,1041,1041,1041,1041,1041,1041,1041,1041,1041,1041,1041,1041,1041,1040,1040,1040,1040,1040,1040,1040,1040,1040,1040,1040,1040,1040,1039,1039,1039,1039,1039,1039,1039,1039,1039,1039,1039,1039,1039,1039,1039,1039,1039,1039,1039,1039,1039,1039,1039,1039,1039,1040,1040,1040,1040,1040,1040,1040,1040,1040,1041,1041,1041,1041,1041,1041,1042,1042,1042,1042,1042,1042,1043,1043,1043,1043,1043,1044,1044,1044,1044,1044,1045,1045,1045,1045,1046,1046,1046,1046,1046,1047,1047,1047,1047,1048,1048,1048,1048,1049,1049,1049,1049,1049,1050,1050,1050,1050,1051,1051,1051,1051,1051,1052,1052,1052,1052,1052,1053,1053,1053,1053,1053,1054,1054,1054,1054,1054,1054,1055,1055,1055,1055,1055,1055,1055,1055,1056,1056,1056,1056,1056,1056,1056,1056,1056,1056,1056,1056,1056,1056,1056,1056,1057,1057,1057,1056,1056,1056,1056,1056,1056,1056,1055,1055,1055,1054,1054,1054,1053,1053,1052,1052,1051,1051,1050,1049,1049,1048,1048,1047,1046,1045,1045,1044,1043,1043,1042,1041,1040,1040,1039,1038,1037,1037,1036,1035,1034,1034,1033,1032,1032,1031,1030,1030,1029,1029,1028,1028,1027,1027,1026,1026,1026,1025,1025,1025,1025,1024,1024,1024,1024,1024,1024,1024,1024,1024,1024,1024,1024,1024,1024,1024,1024,1024,1024,1024,1024,1024,1024,1024,1024,1024

lead:aVF
count:620
points:1024,1024,1024,1024,1024,1024,1024,1024,1024,1024,1024,1024,1024,1024,1024,1024,1024,1024,1024,1024,1024,1024,1024,1024,1024,1024,1024,1024,1024,1024,1024,1024,1024,1024,1024,1024,1024,1024,1024,1024,1024,1024,1025,1025,1026,1027,1029,1030,1032,1034,1036,1039,1041,1044,1047,1050,1053,1056,1059,1062,1065,1069,1072,1075,1078,1081,1084,1087,1090,1092,1095,1097,1099,1101,1102,1104,1105,1106,1106,1107,1107,1107,1106,1106,1105,1104,1102,1101,1099,1097,1095,1092,1090,1087,1084,1081,1078,1075,1072,1069,1065,1062,1059,1056,1053,1050,1047,1044,1041,1039,1036,1034,1032,1030,1029,1027,1026,1025,1025,1024,1024,1024,1024,1024,1024,1024,1024,1024,1024,1024,1024,1024,1023,1023,1023,1023,1022,1022,1021,1021,1020,1019,1018,1017,1016,1014,1013,1011,1009,1007,1004,1002,998,995,991,986,981,976,971,966,961,956,951,941,941,962,982,1003,1023,1044,1064,1084,1105,1125,1146,1166,1187,1207,1228,1248,1269,1289,1310,1330,1351,1371,1391,1412,1432,1473,1473,1452,1430,1408,1387,1365,1344,1323,1302,1282,1262,1242,1222,1203,1184,1166,1148,1131,1114,1098,1082,1067,1053,1039,1026,1014,1002,991,981,971,963,955,948,941,936,931,927,924,922,921,921,926,931,935,939,943,946,950,952,955,957,960,961,963,965,966,967,968,969,969,970,970,970,971,971,971,971,971,971,971,971,971,971,972,972,972,972,972,972,972,973,973,973,973,973,973,974,974,974,974,974,974,974,975,975,975,975,975,975,976,976,976,976,976,976,976,977,977,977,977,977,977,978,978,978,978,978,978,978,979,979,979,979,979,979,980,980,980,980,980,980,980,981,981,981,981,981,981,982,982,982,982,982,982,982,983,983,983,983,983,983,984,984,984,984,984,984,984,985,985,985,985,985,985,986,986,986,986,986,986,986,987,987,987,987,987,987,988,988,988,988,988,988,988,989,989,989,989,989,989,990,990,990,990,990,990,990,991,991,991,991,991,991,992,992,992,992,992,992,992,993,993,993,993,993,993,994,994,994,994,994,994,994,994,995,995,995,995,995,995,996,996,996,996,997,997,998,998,999,999,1000,1000,1001,1002,1002,1003,1004,1005,1005,1006,1007,1008,1009,1010,1011,1012,1013,1014,1015,1016,1017,1018,1019,1020,1021,1022,1023,1025,1026,1027,1028,1029,1031,1032,1033,1034,1036,1037,1038,1039,1041,1042,1043,1044,1046,1047,1048,1050,1051,1052,1053,1055,1056,1057,1058,1059,1061,1062,1063,1064,1065,1066,1068,1069,1070,1071,1072,1073,1074,1075,1076,1077,1078,1079,1079,1080,1081,1082,1083,1083,1084,1085,1085,1086,1087,1087,1088,1088,1089,1089,1090,1090,1090,1091,1091,1091,1091,1092,1092,1092,1092,1092,1092,1092,1092,1092,1091,1091,1091,1090,1090,1089,1088,1088,1087,1086,1085,1084,1083,1082,1081,1080,1078,1077,1076,1075,1073,1072,1070,1069,1067,1066,1064,1063,1061,1060,1058,1056,1055,1053,1052,1050,1049,1047,1046,1044,1043,1041,1040,1039,1038,1036,1035,1034,1033,1032,1031,1030,1029,1028,1028,1027,1026,1026,1025,1025,1025,1024,1024,1024,1024,1024,1024,1024,1024,1024,1024,1024,1024,1024,1024,1024,1024,1024,1024,1024,1024,1024,1024,1024

lead:V1
count:620
points:1024,1024,1024,1024,1024,1024,1024,1024,1024,1024,1024,1024,1024,1024,1024,1024,1024,1024,1024,1024,1024,1024,1024,1024,1024,1024,1024,1024,1024,1024,1024,1024,1024,1024,1024,1024,1024,1024,1024,1024,1024,1024,1024,1024,1025,1025,1025,1026,1026,1027,1028,1028,1029,1030,1031,1032,1033,1034,1035,1036,1037,1038,1039,1040,1040,1041,1042,1043,1044,1045,1045,1046,1047,1047,1048,1048,1049,1049,1049,1049,1049,1049,1049,1049,1049,1048,1048,1047,1047,1046,1045,1045,1044,1043,1042,1041,1040,1040,1039,1038,1037,1036,1035,1034,1033,1032,1031,1030,1029,1028,1028,1027,1026,1026,1025,1025,1025,1024,1024,1024,1024,1024,1024,1024,1024,1024,1024,1024,1024,1024,1024,1024,1025,1025,1025,1025,1026,1026,1027,1027,1028,1029,1030,1031,1033,1034,1036,1038,1040,1043,1045,1048,1052,1055,1059,1055,1052,1048,1044,1041,1037,1033,1030,1022,1022,1000,977,955,932,910,887,865,842,820,797,775,752,730,707,685,663,640,618,595,573,550,528,505,483,438,438,460,483,505,527,550,572,593,615,636,657,678,698,718,738,757,775,793,811,827,844,859,874,889,902,915,927,939,949,959,968,976,984,990,996,1001,1005,1008,1010,1012,1012,1015,1017,1020,1022,1024,1026,1028,1029,1031,1032,1033,1034,1035,1036,1037,1037,1038,1038,1039,1039,1039,1039,1039,1039,1040,1040,1040,1040,1040,1041,1041,1042,1042,1043,1043,1044,1044,1045,1045,1046,1046,1047,1047,1048,1048,1049,1049,1050,1050,1051,1051,1052,1052,1053,1053,1054,1054,1055,1055,1056,1056,1057,1057,1058,1058,1059,1059,1060,1060,1061,1061,1062,1062,1063,1063,1064,1064,1065,1065,1066,1066,1067,1067,1068,1068,1069,1069,1070,1070,1071,1071,1072,1072,1073,1073,1074,1075,1075,1076,1076,1077,1077,1078,1078,1079,1079,1080,1080,1081,1081,1082,1082,1083,1083,1084,1084,1085,1085,1086,1086,1087,1087,1088,1088,1089,1089,1090,1090,1091,1091,1092,1092,1093,1093,1094,1094,1095,1095,1096,1096,1097,1097,1098,1098,1099,1099,1100,1100,1101,1101,1102,1102,1103,1103,1104,1104,1105,1105,1106,1106,1107,1107,1108,1108,1109,1109,1110,1110,1111,1111,1112,1112,1113,1113,1114,1115,1115,1116,1116,1117,1117,1118,1118,1118,1118,1118,1118,1119,1119,1119,1120,1120,1121,1122,1122,1123,1124,1125,1126,1127,1128,1129,1130,1131,1133,1134,1135,1137,1138,1140,1141,1143,1144,1146,1148,1149,1151,1153,1155,1157,1158,1160,1162,1164,1166,1168,1170,1172,1175,1177,1179,1181,1183,1185,1188,1190,1192,1194,1196,1199,1201,1203,1205,1208,1210,1212,1214,1217,1219,1221,1223,1225,1227,1230,1232,1234,1236,1238,1240,1242,1244,1246,1248,1250,1252,1253,1255,1257,1259,1260,1262,1264,1265,1267,1268,1270,1271,1272,1274,1275,1276,1277,1278,1279,1280,1281,1282,1283,1284,1285,1285,1286,1286,1287,1287,1288,1288,1288,1289,1289,1289,1289,1289,1288,1288,1287,1285,1284,1282,1280,1278,1275,1272,1269,1266,1262,1258,1254,1250,1246,1241,1236,1231,1226,1221,1215,1210,1204,1198,1193,1187,1181,1175,1169,1163,1156,1150,1144,1138,1132,1126,1120,1114,1109,1103,1097,1092,1087,1082,1077,1072,1067,1063,1059,1055,1051,1047,1044,1041,1038,1035,1033,1031,1029,1028,1026,1025,1025,1024,1024,1024,1024,1024,1024,1024,1024,1024,1024,1024,1024,1024,1024,1024,1024,1024,1024,1024,1024,1024

lead:V2
count:620
points:1024,1024,1024,1024,1024,1024,1024,1024,1024,1024,1024,1024,1024,1024,1024,1024,1024,1024,1024,1024,1024,1024,1024,1024,1024,1024,1024,1024,1024,1024,1024,1024,1024,1024,1024,1024,1024,1024,1024,1024,1024,1024,1024,1025,1026,1027,1028,1029,1031,1032,1034,1036,1038,1041,1043,1045,1048,1051,1053,1056,1059,1061,1064,1067,1069,1072,1074,1077,1079,1081,1083,1085,1087,1088,1089,1091,1092,1092,1093,1093,1093,1093,1093,1092,1092,1091,1089,1088,1087,1085,1083,1081,1079,1077,1074,1072,1069,1067,1064,1061,1059,1056,1053,1051,1048,1045,1043,1041,1038,1036,1034,1032,1031,1029,1028,1027,1026,1025,1024,1024,1024,1024,1024,1024,1024,1024,1024,1024,1024,1024,1024,1024,1024,1025,1025,1025,1025,1026,1026,1027,1028,1028,1029,1030,1031,1033,1034,1036,1038,1040,1042,1044,1047,1050,1054,1077,1100,1123,1146,1169,1193,1216,1239,1285,1285,1248,1211,1174,1137,1100,1063,1026,989,952,915,878,841,804,767,730,693,656,619,582,545,508,471,434,397,323,323,349,375,402,428,454,479,505,530,555,580,604,627,651,673,696,717,738,759,778,797,816,833,850,866,881,895,908,921,932,943,952,961,969,975,981,986,989,992,994,994,997,1000,1003,1005,1007,1009,1011,1013,1015,1016,1017,1018,1019,1020,1021,1022,1022,1023,1023,1023,1024,1024,1024,1024,1024,1024,1024,1024,1024,1025,1025,1026,1026,1027,1027,1028,1028,1029,1029,1030,1030,1031,1031,1031,1032,1032,1033,1033,1034,1034,1035,1035,1036,1036,1037,1037,1037,1038,1038,1039,1039,1040,1040,1041,1041,1042,1042,1043,1043,1044,1044,1044,1045,1045,1046,1046,1047,1047,1048,1048,1049,1049,1050,1050,1051,1051,1051,1052,1052,1053,1053,1054,1054,1055,1055,1056,1056,1057,1057,1058,1058,1058,1059,1059,1060,1060,1061,1061,1062,1062,1063,1063,1064,1064,1064,1065,1065,1066,1066,1067,1067,1068,1068,1069,1069,1070,1070,1071,1071,1071,1072,1072,1073,1073,1074,1074,1075,1075,1076,1076,1077,1077,1078,1078,1078,1079,1079,1080,1080,1081,1081,1082,1082,1083,1083,1084,1084,1085,1085,1085,1086,1086,1087,1087,1088,1088,1089,1089,1090,1090,1091,1091,1091,1092,1092,1093,1093,1094,1094,1095,1095,1096,1096,1096,1096,1096,1097,1097,1098,1098,1099,1100,1101,1102,1103,1104,1105,1106,1108,1109,1111,1112,1114,1116,1118,1119,1121,1123,1125,1128,1130,1132,1134,1137,1139,1142,1144,1147,1149,1152,1155,1158,1161,1163,1166,1169,1172,1175,1178,1181,1185,1188,1191,1194,1197,1200,1204,1207,1210,1213,1217,1220,1223,1226,1230,1233,1236,1239,1242,1246,1249,1252,1255,1258,1261,1264,1267,1270,1273,1276,1279,1282,1285,1287,1290,1293,1295,1298,1300,1303,1305,1308,1310,1312,1314,1316,1318,1320,1322,1324,1326,1327,1329,1330,1332,1333,1334,1336,1337,1338,1339,1340,1340,1341,1342,1342,1343,1343,1344,1344,1344,1344,1344,1343,1342,1341,1340,1338,1336,1333,1330,1327,1324,1320,1316,1312,1307,1302,1297,1292,1286,1280,1274,1268,1262,1255,1249,1242,1235,1228,1221,1213,1206,1199,1191,1184,1177,1169,1162,1155,1147,1140,1133,1126,1119,1113,1106,1100,1094,1088,1082,1076,1071,1066,1061,1056,1052,1048,1044,1041,1038,1035,1032,1030,1028,1027,1026,1025,1024,1024,1024,1024,1024,1024,1024,1024,1024,1024,1024,1024,1024,1024,1024,1024,1024,1024,1024,1024,1024

lead:V3
count:620
points:1024,1024,1024,1024,1024,1024,1024,1024,1024,1024,1024,1024,1024,1024,1024,1024,1024,1024,1024,1024,1024,1024,1024,1024,1024,1024,1024,1024,1024,1024,1024,1024,1024,1024,1024,1024,1024,1024,1024,1024,1024,1024,1025,1025,1027,1028,1030,1032,1034,1036,1039,1042,1045,1049,1052,1056,1060,1063,1067,1071,1075,1080,1084,1088,1091,1095,1099,1102,1106,1109,1112,1115,1117,1119,1121,1123,1124,1126,1126,1127,1127,1127,1126,1126,1124,1123,1121,1119,1117,1115,1112,1109,1106,1102,1099,1095,1091,1088,1084,1080,1075,1071,1067,1063,1060,1056,1052,1049,1045,1042,1039,1036,1034,1032,1030,1028,1027,1025,1025,1024,1024,1024,1024,1024,1024,1024,1024,1024,1024,1024,1024,1024,1024,1024,1025,1025,1025,1025,1026,1026,1026,1027,1027,1028,1029,1030,1031,1032,1033,1034,1036,1038,1039,1041,1044,1090,1137,1183,1230,1276,1323,1369,1416,1509,1509,1463,1417,1371,1325,1279,1233,1187,1141,1095,1049,1003,957,911,865,819,773,727,681,635,589,543,497,451,405,313,313,339,365,392,418,443,469,494,519,544,569,593,616,639,662,684,705,726,747,766,785,803,821,837,853,868,882,896,908,919,930,939,948,956,962,968,972,976,979,981,981,984,986,989,991,993,995,997,998,1000,1001,1002,1003,1004,1005,1006,1006,1007,1007,1008,1008,1008,1008,1008,1008,1008,1008,1008,1008,1009,1009,1009,1010,1010,1011,1011,1011,1012,1012,1012,1013,1013,1013,1014,1014,1014,1015,1015,1016,1016,1016,1017,1017,1017,1018,1018,1018,1019,1019,1019,1020,1020,1020,1021,1021,1022,1022,1022,1023,1023,1023,1024,1024,1024,1025,1025,1025,1026,1026,1027,1027,1027,1028,1028,1028,1029,1029,1029,1030,1030,1030,1031,1031,1031,1032,1032,1033,1033,1033,1034,1034,1034,1035,1035,1035,1036,1036,1036,1037,1037,1038,1038,1038,1039,1039,1039,1040,1040,1040,1041,1041,1041,1042,1042,1042,1043,1043,1044,1044,1044,1045,1045,1045,1046,1046,1046,1047,1047,1047,1048,1048,1049,1049,1049,1050,1050,1050,1051,1051,1051,1052,1052,1052,1053,1053,1053,1054,1054,1055,1055,1055,1056,1056,1056,1057,1057,1057,1058,1058,1058,1059,1059,1060,1060,1060,1061,1061,1061,1062,1062,1062,1063,1063,1063,1063,1064,1064,1064,1065,1065,1066,1067,1068,1069,1070,1071,1073,1074,1076,1077,1079,1081,1082,1084,1086,1088,1091,1093,1095,1098,1100,1103,1105,1108,1111,1114,1116,1119,1122,1125,1129,1132,1135,1138,1142,1145,1148,1152,1155,1159,1163,1166,1170,1173,1177,1181,1185,1188,1192,1196,1200,1203,1207,1211,1215,1218,1222,1226,1230,1233,1237,1241,1244,1248,1252,1255,1259,1262,1266,1269,1272,1276,1279,1282,1285,1289,1292,1295,1298,1301,1303,1306,1309,1312,1314,1317,1319,1321,1324,1326,1328,1330,1332,1334,1335,1337,1339,1340,1341,1343,1344,1345,1346,1347,1348,1349,1349,1350,1350,1351,1351,1351,1351,1351,1350,1349,1348,1347,1345,1343,1340,1337,1334,1330,1327,1322,1318,1313,1308,1303,1298,1292,1286,1280,1274,1267,1260,1254,1247,1239,1232,1225,1218,1210,1203,1195,1188,1180,1172,1165,1157,1150,1143,1136,1128,1121,1115,1108,1101,1095,1089,1083,1077,1072,1067,1062,1057,1053,1048,1045,1041,1038,1035,1032,1030,1028,1027,1026,1025,1024,1024,1024,1024,1024,1024,1024,1024,1024,1024,1024,1024,1024,1024,1024,1024,1024,1024,1024,1024,1024

lead:V4
count:620
points:1024,1024,1024,1024,1024,1024,1024,1024,1024,1024,1024,1024,1024,1024,1024,1024,1024,1024,1024,1024,1024,1024,1024,1024,1024,1024,1024,1024,1024,1024,1024,1024,1024,1024,1024,1024,1024,1024,1024,1024,1024,1024,1025,1026,1027,1029,1031,1033,1036,1039,1042,1045,1049,1053,1057,1061,1066,1071,1075,1080,1085,1089,1094,1099,1103,1108,1112,1116,1120,1124,1128,1131,1134,1137,1139,1141,1142,1144,1145,1145,1145,1145,1145,1144,1142,1141,1139,1137,1134,1131,1128,1124,1120,1116,1112,1108,1103,1099,1094,1089,1085,1080,1075,1071,1066,1061,1057,1053,1049,1045,1042,1039,1036,1033,1031,1029,1027,1026,1025,1024,1024,1024,1024,1024,1024,1024,1024,1024,1024,1024,1024,1024,1024,1024,1024,1024,1024,1024,1024,1025,1025,1025,1025,1025,1026,1026,1026,1026,1027,1027,1028,1028,1029,1030,1030,1093,1157,1220,1283,1346,1409,1473,1536,1662,1662,1614,1566,1518,1470,1422,1374,1326,1278,1230,1182,1134,1086,1038,990,942,894,846,798,750,702,654,606,558,510,414,414,436,458,480,502,523,545,566,587,608,628,648,668,688,706,725,743,761,778,794,810,825,840,854,867,879,891,902,913,922,931,939,946,953,958,963,967,970,972,974,974,976,978,980,982,983,985,986,987,988,989,990,991,992,992,993,993,994,994,994,994,995,995,995,995,995,995,995,995,995,995,995,996,996,996,996,996,997,997,997,997,997,998,998,998,998,998,998,999,999,999,999,999,1000,1000,1000,1000,1000,1000,1001,1001,1001,1001,1001,1002,1002,1002,1002,1002,1003,1003,1003,1003,1003,1003,1004,1004,1004,1004,1004,1005,1005,1005,1005,1005,1006,1006,1006,1006,1006,1006,1007,1007,1007,1007,1007,1008,1008,1008,1008,1008,1008,1009,1009,1009,1009,1009,1010,1010,1010,1010,1010,1011,1011,1011,1011,1011,1011,1012,1012,1012,1012,1012,1013,1013,1013,1013,1013,1014,1014,1014,1014,1014,1014,1015,1015,1015,1015,1015,1016,1016,1016,1016,1016,1017,1017,1017,1017,1017,1017,1018,1018,1018,1018,1018,1019,1019,1019,1019,1019,1019,1020,1020,1020,1020,1020,1021,1021,1021,1021,1021,1022,1022,1022,1022,1022,1022,1023,1023,1023,1023,1023,1024,1024,1024,1024,1024,1025,1025,1026,1027,1027,1028,1029,1031,1032,1033,1034,1036,1037,1039,1041,1043,1044,1046,1049,1051,1053,1055,1058,1060,1063,1065,1068,1071,1073,1076,1079,1082,1085,1088,1091,1095,1098,1101,1104,1108,1111,1115,1118,1122,1125,1129,1132,1136,1140,1143,1147,1151,1154,1158,1162,1165,1169,1173,1177,1180,1184,1188,1191,1195,1199,1202,1206,1209,1213,1216,1220,1223,1227,1230,1233,1236,1240,1243,1246,1249,1252,1255,1258,1260,1263,1266,1268,1271,1273,1276,1278,1280,1282,1284,1286,1288,1290,1292,1294,1295,1297,1298,1299,1300,1302,1303,1303,1304,1305,1306,1306,1307,1307,1307,1307,1307,1307,1307,1306,1305,1304,1302,1300,1298,1295,1293,1289,1286,1283,1279,1275,1270,1266,1261,1256,1251,1246,1240,1235,1229,1223,1217,1211,1204,1198,1192,1185,1179,1172,1166,1159,1153,1146,1140,1133,1127,1121,1115,1108,1103,1097,1091,1086,1080,1075,1070,1066,1061,1057,1053,1049,1045,1042,1039,1036,1034,1031,1029,1028,1026,1025,1025,1024,1024,1024,1024,1024,1024,1024,1024,1024,1024,1024,1024,1024,1024,1024,1024,1024,1024,1024,1024,1024

lead:V5
count:620
points:1024,1024,1024,1024,1024,1024,1024,1024,1024,1024,1024,1024,1024,1024,1024,1024,1024,1024,1024,1024,1024,1024,1024,1024,1024,1024,1024,1024,1024,1024,1024,1024,1024,1024,1024,1024,1024,1024,1024,1024,1024,1024,1025,1026,1027,1029,1031,1033,1036,1039,1042,1045,1049,1053,1057,1061,1066,1070,1075,1080,1085,1089,1094,1099,1103,1108,1112,1116,1120,1124,1127,1131,1134,1136,1139,1140,1142,1143,1144,1145,1145,1145,1144,1143,1142,1140,1139,1136,1134,1131,1127,1124,1120,1116,1112,1108,1103,1099,1094,1089,1085,1080,1075,1070,1066,1061,1057,1053,1049,1045,1042,1039,1036,1033,1031,1029,1027,1026,1025,1024,1024,1024,1024,1024,1024,1024,1024,1024,1024,1024,1024,1024,1024,1024,1024,1024,1024,1024,1023,1023,1023,1023,1023,1022,1022,1022,1021,1021,1020,1020,1019,1019,1018,1017,1016,1086,1156,1226,1296,1366,1436,1506,1576,1716,1716,1673,1630,1587,1545,1502,1459,1417,1374,1331,1288,1246,1203,1160,1118,1075,1032,990,947,904,861,819,776,733,691,605,605,620,634,649,663,677,692,706,719,733,747,760,773,786,798,810,822,834,845,856,866,877,886,895,904,912,920,928,934,941,947,952,957,961,964,968,970,972,974,975,975,976,977,978,979,980,981,981,982,983,983,984,984,984,985,985,985,985,986,986,986,986,986,986,986,986,986,986,986,986,986,986,986,986,986,986,986,986,986,986,986,986,986,986,986,986,986,986,986,986,986,986,986,986,986,986,986,986,986,986,986,986,986,986,986,986,986,986,986,986,986,986,986,986,986,986,986,986,986,986,986,986,986,986,986,986,986,986,986,986,986,986,986,986,986,986,986,986,986,986,986,986,986,986,986,986,986,986,986,986,986,986,986,986,985,985,985,985,985,985,985,985,985,985,985,985,985,985,985,985,985,985,985,985,985,985,985,985,985,985,985,985,985,985,985,985,985,985,985,985,985,985,985,985,985,985,985,985,985,985,985,985,985,985,985,985,985,985,985,985,985,985,985,985,985,985,985,985,985,985,985,985,985,985,985,985,986,986,986,987,988,988,989,990,991,992,993,994,995,997,998,999,1001,1002,1004,1006,1008,1009,1011,1013,1015,1018,1020,1022,1024,1026,1029,1031,1034,1036,1039,1042,1044,1047,1050,1052,1055,1058,1061,1064,1067,1070,1073,1076,1079,1082,1085,1088,1091,1094,1097,1100,1103,1106,1110,1113,1116,1119,1122,1125,1128,1131,1134,1137,1140,1143,1146,1149,1151,1154,1157,1160,1162,1165,1168,1170,1173,1175,1178,1180,1183,1185,1187,1189,1191,1193,1195,1197,1199,1201,1203,1204,1206,1207,1209,1210,1211,1213,1214,1215,1216,1217,1218,1218,1219,1220,1220,1221,1221,1221,1222,1222,1222,1222,1221,1221,1220,1219,1218,1217,1215,1213,1211,1209,1207,1204,1202,1199,1196,1193,1189,1186,1182,1179,1175,1171,1167,1163,1159,1154,1150,1145,1141,1136,1132,1127,1123,1118,1114,1109,1105,1100,1096,1091,1087,1083,1079,1075,1071,1067,1063,1060,1056,1053,1050,1047,1044,1041,1039,1036,1034,1032,1031,1029,1028,1027,1026,1025,1024,1024,1024,1024,1024,1024,1024,1024,1024,1024,1024,1024,1024,1024,1024,1024,1024,1024,1024,1024,1024,1024

lead:V6
count:620
points:1024,1024,1024,1024,1024,1024,1024,1024,1024,1024,1024,1024,1024,1024,1024,1024,1024,1024,1024,1024,1024,1024,1024,1024,1024,1024,1024,1024,1024,1024,1024,1024,1024,1024,1024,1024,1024,1024,1024,1024,1024,1024,1025,1025,1027,1028,1030,1032,1034,1036,1039,1042,1045,1048,1052,1056,1059,1063,1067,1071,1075,1079,1083,1087,1091,1095,1098,1102,1105,1108,1111,1114,1117,1119,1121,1123,1124,1125,1126,1126,1126,1126,1126,1125,1124,1123,1121,1119,1117,1114,1111,1108,1105,1102,1098,1095,1091,1087,1083,1079,1075,1071,1067,1063,1059,1056,1052,1048,1045,1042,1039,1036,1034,1032,1030,1028,1027,1025,1025,1024,1024,1024,1024,1024,1024,1024,1024,1024,1024,1024,1024,1024,1024,1024,1023,1023,1023,1023,1022,1022,1022,1021,1020,1020,1019,1018,1017,1016,1015,1013,1012,1010,1008,1006,1004,1070,1136,1202,1268,1334,1400,1466,1532,1664,1664,1633,1602,1571,1540,1509,1478,1448,1417,1386,1355,1324,1293,1262,1231,1200,1169,1138,1107,1077,1046,1015,984,953,922,860,860,865,870,875,879,884,889,894,898,903,907,912,916,920,924,928,932,936,940,944,947,950,954,957,960,962,965,967,970,972,974,975,977,978,980,981,982,982,983,983,983,983,983,983,983,983,983,983,983,983,983,983,983,983,983,983,983,983,983,983,983,983,983,983,983,983,983,983,983,983,983,982,982,982,982,982,981,981,981,981,981,980,980,980,980,980,979,979,979,979,979,978,978,978,978,978,977,977,977,977,977,976,976,976,976,976,975,975,975,975,975,974,974,974,974,974,973,973,973,973,973,972,972,972,972,972,971,971,971,971,971,970,970,970,970,970,969,969,969,969,969,968,968,968,968,968,967,967,967,967,967,966,966,966,966,966,965,965,965,965,965,964,964,964,964,964,963,963,963,963,963,962,962,962,962,962,961,961,961,961,961,960,960,960,960,960,960,959,959,959,959,959,958,958,958,958,958,957,957,957,957,957,956,956,956,956,956,955,955,955,955,955,954,954,954,954,954,953,953,953,953,953,952,952,952,953,953,953,953,954,954,954,955,955,956,957,957,958,959,960,961,962,963,964,965,966,967,968,969,971,972,973,975,976,978,979,981,982,984,986,987,989,991,992,994,996,998,1000,1002,1003,1005,1007,1009,1011,1013,1015,1017,1019,1021,1023,1025,1027,1029,1031,1033,1035,1037,1039,1041,1043,1045,1047,1049,1051,1053,1055,1057,1059,1060,1062,1064,1066,1068,1069,1071,1073,1074,1076,1077,1079,1081,1082,1083,1085,1086,1088,1089,1090,1091,1092,1094,1095,1096,1097,1098,1098,1099,1100,1101,1102,1102,1103,1103,1104,1104,1105,1105,1105,1105,1106,1106,1106,1106,1106,1106,1106,1105,1105,1104,1104,1103,1102,1102,1101,1100,1099,1098,1096,1095,1094,1093,1091,1090,1088,1087,1085,1083,1082,1080,1078,1076,1074,1072,1071,1069,1067,1065,1063,1061,1059,1057,1056,1054,1052,1050,1048,1047,1045,1043,1042,1040,1039,1037,1036,1035,1033,1032,1031,1030,1029,1028,1027,1027,1026,1026,1025,1025,1024,1024,1024,1024,1024,1024,1024,1024,1024,1024,1024,1024,1024,1024,1024,1024,1024,1024,1024,1024,1024,1024,1024

