pathology:sinhypotherm
group:syndromes
title:Sinus rhythm during hypothermia
name:Синусовый ритм при гипотермии
leads:12

lead:I
count:560
points:1024,1024,1024,1025,1025,1026,1026,1027,1028,1029,1030,1032,1033,1034,1036,1038,1039,1041,1043,1045,1047,1049,1051,1053,1055,1057,1059,1061,1064,1066,1068,1070,1071,1073,1075,1077,1078,1080,1082,1083,1084,1085,1086,1087,1088,1089,1090,1090,1090,1090,1091,1090,1090,1090,1090,1089,1088,1087,1086,1085,1084,1083,1082,1080,1078,1077,1075,1073,1071,1070,1068,1066,1064,1061,1059,1057,1055,1053,1051,1049,1047,1045,1043,1041,1039,1038,1036,1034,1033,1032,1030,1029,1028,1027,1026,1026,1025,1025,1024,1024,1024,1024,1024,1024,1024,1024,1024,1024,1024,1024,1024,1024,1024,1024,1024,1024,1024,1024,1024,1024,1024,1024,1024,1024,1024,1024,1024,1024,1024,1024,1024,1024,1023,1023,1023,1023,1022,1022,1022,1021,1021,1020,1020,1019,1018,1017,1016,1015,1014,1012,1011,1009,1008,1006,1004,1001,999,997,995,993,991,989,987,983,983,996,1009,1021,1034,1047,1060,1073,1085,1098,1111,1124,1137,1149,1162,1175,1188,1201,1213,1226,1239,1252,1265,1277,1290,1316,1316,1303,1291,1279,1267,1255,1244,1233,1223,1213,1204,1195,1187,1181,1174,1169,1165,1162,1159,1158,1157,1153,1149,1145,1141,1137,1133,1128,1124,1120,1116,1112,1108,1104,1100,1096,1092,1087,1083,1079,1075,1068,1062,1057,1052,1049,1046,1044,1042,1041,1040,1040,1039,1039,1039,1039,1039,1039,1039,1039,1039,1038,1038,1038,1038,1038,1038,1038,1038,1037,1037,1037,1037,1037,1037,1037,1037,1036,1036,1036,1036,1036,1036,1036,1036,1035,1035,1035,1035,1035,1035,1035,1035,1034,1034,1034,1034,1034,1034,1034,1034,1033,1033,1033,1033,1033,1033,1033,1033,1032,1032,1032,1032,1032,1032,1032,1032,1031,1031,1031,1031,1031,1031,1031,1031,1030,1030,1030,1030,1030,1030,1030,1030,1029,1029,1029,1029,1029,1029,1029,1029,1028,1028,1028,1028,1028,1028,1028,1028,1027,1027,1027,1027,1027,1027,1027,1027,1026,1026,1026,1026,1026,1026,1026,1026,1025,1025,1025,1025,1025,1025,1025,1025,1024,1024,1024,1024,1024,1024,1024,1024,1025,1025,1025,1026,1026,1027,1027,1028,1029,1029,1030,1031,1032,1033,1033,1034,1036,1037,1038,1039,1040,1041,1043,1044,1045,1047,1048,1050,1051,1053,1054,1056,1057,1059,1061,1062,1064,1066,1067,1069,1071,1073,1075,1076,1078,1080,1082,1084,1085,1087,1089,1091,1093,1095,1096,1098,1100,1102,1103,1105,1107,1109,1110,1112,1113,1115,1117,1118,1120,1121,1123,1124,1126,1127,1128,1130,1131,1132,1133,1134,1135,1136,1137,1138,1139,1140,1141,1142,1142,1143,1144,1144,1145,1145,1146,1146,1146,1146,1147,1147,1147,1147,1147,1147,1146,1146,1145,1145,1144,1143,1142,1140,1139,1138,1136,1134,1133,1131,1129,1127,1125,1122,1120,1118,1115,1113,1110,1108,1105,1102,1100,1097,1094,1091,1088,1085,1083,1080,1077,1074,1071,1069,1066,1063,1061,1058,1056,1053,1051,1048,1046,1044,1042,1040,1038,1036,1035,1033,1032,1030,1029,1028,1027,1026,1026,1025,1025,1024,1024,1024,1024,1024,1024,1024,1024,1024,1024,1024,1024,1024,1024,1024,1024,1024,1024,1024,1024,1024,1024

lead:II
count:560
points:1024,1024,1024,1025,1025,1026,1026,1027,1028,1029,1030,1031,1032,1034,1035,1037,1038,1040,1042,1043,1045,1047,1049,1051,1053,1055,1057,1059,1060,1062,1064,1066,1068,1070,1071,1073,1074,1076,1077,1078,1080,1081,1082,1083,1083,1084,1084,1085,1085,1085,1085,1085,1085,1085,1084,1084,1083,1083,1082,1081,1080,1078,1077,1076,1074,1073,1071,1070,1068,1066,1064,1062,1060,1059,1057,1055,1053,1051,1049,1047,1045,1043,1042,1040,1038,1037,1035,1034,1032,1031,1030,1029,1028,1027,1026,1026,1025,1025,1024,1024,1024,1024,1024,1024,1024,1024,1024,1024,1024,1024,1024,1024,1024,1024,1024,1024,1024,1024,1024,1024,1024,1024,1024,1024,1024,1024,1024,1024,1024,1024,1024,1024,1023,1023,1023,1023,1022,1022,1022,1021,1021,1020,1020,1019,1018,1017,1016,1015,1014,1012,1011,1009,1008,1006,1004,1000,996,993,989,986,982,978,975,968,968,992,1017,1041,1065,1090,1114,1139,1163,1187,1212,1236,1261,1285,1310,1334,1358,1383,1407,1432,1456,1480,1505,1529,1554,1603,1603,1571,1539,1507,1476,1444,1412,1380,1349,1317,1285,1253,1222,1190,1158,1126,1095,1063,1031,999,968,977,986,995,1004,1013,1021,1029,1037,1044,1051,1057,1063,1068,1073,1076,1080,1082,1084,1085,1085,1073,1063,1054,1046,1040,1035,1032,1029,1027,1025,1025,1024,1024,1024,1024,1024,1024,1024,1024,1024,1024,1024,1024,1024,1024,1024,1024,1024,1024,1024,1024,1024,1024,1024,1024,1024,1024,1024,1024,1024,1024,1024,1024,1024,1024,1024,1024,1024,1024,1024,1024,1024,1024,1024,1024,1024,1024,1024,1024,1024,1024,1024,1024,1024,1024,1024,1024,1024,1024,1024,1024,1024,1024,1024,1024,1024,1024,1024,1024,1024,1024,1024,1024,1024,1024,1024,1024,1024,1024,1024,1024,1024,1024,1024,1024,1024,1024,1024,1024,1024,1024,1024,1024,1024,1024,1024,1024,1024,1024,1024,1024,1024,1024,1024,1024,1024,1024,1024,1024,1024,1024,1024,1024,1024,1024,1024,1024,1024,1024,1024,1024,1024,1024,1024,1024,1024,1024,1024,1024,1025,1025,1025,1026,1026,1027,1028,1028,1029,1030,1031,1032,1033,1034,1036,1037,1038,1040,1041,1043,1044,1046,1048,1050,1051,1053,1055,1057,1059,1061,1063,1066,1068,1070,1072,1074,1077,1079,1081,1084,1086,1089,1091,1094,1096,1098,1101,1103,1106,1108,1111,1113,1116,1118,1121,1123,1126,1128,1131,1133,1136,1138,1140,1143,1145,1147,1149,1151,1154,1156,1158,1160,1162,1164,1166,1167,1169,1171,1172,1174,1176,1177,1179,1180,1181,1182,1184,1185,1186,1187,1188,1189,1189,1190,1191,1191,1192,1192,1192,1193,1193,1193,1193,1193,1193,1192,1192,1191,1190,1189,1187,1186,1184,1182,1180,1178,1176,1173,1171,1168,1165,1162,1159,1156,1153,1150,1146,1143,1139,1135,1132,1128,1124,1120,1116,1112,1108,1105,1101,1097,1093,1089,1085,1082,1078,1074,1071,1067,1064,1061,1058,1055,1052,1049,1046,1043,1041,1039,1037,1035,1033,1031,1030,1028,1027,1026,1025,1025,1024,1024,1024,1024,1024,1024,1024,1024,1024,1024,1024,1024,1024,1024,1024,1024,1024,1024,1024,1024,1024,1024

lead:III
count:560
points:1024,1024,1024,1024,1024,1024,1024,1024,1024,1024,1024,1023,1023,1023,1023,1023,1023,1023,1023,1022,1022,1022,1022,1022,1022,1021,1021,1021,1021,1021,1021,1020,1020,1020,1020,1020,1020,1020,1020,1019,1019,1019,1019,1019,1019,1019,1019,1019,1019,1019,1019,1019,1019,1019,1019,1019,1019,1019,1019,1019,1019,1019,1020,1020,1020,1020,1020,1020,1020,1020,1021,1021,1021,1021,1021,1021,1022,1022,1022,1022,1022,1022,1023,1023,1023,1023,1023,1023,1023,1023,1024,1024,1024,1024,1024,1024,1024,1024,1024,1024,1024,1024,1024,1024,1024,1024,1024,1024,1024,1024,1024,1024,1024,1024,1024,1024,1024,1024,1024,1024,1024,1024,1024,1024,1024,1024,1024,1024,1024,1024,1024,1024,1024,1024,1024,1024,1024,1024,1024,1024,1024,1024,1024,1024,1024,1024,1024,1024,1024,1024,1024,1024,1024,1024,1024,1022,1021,1019,1018,1016,1015,1013,1012,1009,1009,1020,1032,1043,1055,1067,1078,1090,1102,1113,1125,1136,1148,1160,1171,1183,1195,1206,1218,1229,1241,1253,1264,1276,1287,1311,1311,1273,1236,1200,1164,1129,1095,1062,1031,1001,974,949,925,905,886,871,858,848,840,836,835,845,855,865,874,884,894,904,914,924,934,944,954,964,974,984,994,1004,1014,1024,1034,1029,1025,1021,1018,1015,1013,1012,1011,1010,1009,1009,1009,1009,1009,1009,1009,1009,1009,1009,1009,1010,1010,1010,1010,1010,1010,1010,1010,1011,1011,1011,1011,1011,1011,1011,1011,1012,1012,1012,1012,1012,1012,1012,1012,1013,1013,1013,1013,1013,1013,1013,1013,1014,1014,1014,1014,1014,1014,1014,1014,1015,1015,1015,1015,1015,1015,1015,1015,1016,1016,1016,1016,1016,1016,1016,1016,1017,1017,1017,1017,1017,1017,1017,1017,1018,1018,1018,1018,1018,1018,1018,1018,1019,1019,1019,1019,1019,1019,1019,1019,1020,1020,1020,1020,1020,1020,1020,1020,1021,1021,1021,1021,1021,1021,1021,1021,1022,1022,1022,1022,1022,1022,1022,1022,1023,1023,1023,1023,1023,1023,1023,1023,1024,1024,1024,1024,1024,1024,1024,1024,1024,1024,1024,1025,1025,1025,1025,1025,1026,1026,1026,1027,1027,1027,1028,1028,1028,1029,1029,1030,1030,1031,1031,1031,1032,1033,1033,1034,1034,1035,1035,1036,1037,1037,1038,1038,1039,1040,1040,1041,1042,1042,1043,1044,1044,1045,1046,1046,1047,1048,1048,1049,1050,1050,1051,1052,1052,1053,1054,1054,1055,1056,1056,1057,1058,1058,1059,1059,1060,1060,1061,1062,1062,1063,1063,1064,1064,1064,1065,1065,1066,1066,1067,1067,1067,1068,1068,1068,1068,1069,1069,1069,1069,1069,1070,1070,1070,1070,1070,1070,1070,1070,1070,1070,1070,1070,1069,1069,1069,1069,1068,1068,1067,1067,1066,1065,1065,1064,1063,1063,1062,1061,1060,1059,1058,1057,1056,1055,1054,1053,1052,1051,1050,1049,1048,1047,1046,1045,1044,1043,1042,1041,1040,1039,1038,1037,1036,1035,1034,1033,1032,1032,1031,1030,1029,1029,1028,1027,1027,1026,1026,1026,1025,1025,1025,1024,1024,1024,1024,1024,1024,1024,1024,1024,1024,1024,1024,1024,1024,1024,1024,1024,1024,1024,1024,1024,1024,1024,1024

lead:aVR
count:560
points:1024,1024,1024,1023,1023,1022,1021,1020,1019,1018,1017,1016,1014,1012,1011,1009,1007,1005,1003,1001,998,996,994,992,989,987,985,982,980,978,976,973,971,969,967,965,963,962,960,959,957,956,955,954,953,952,951,951,950,950,950,950,950,951,951,952,953,954,955,956,957,959,960,962,963,965,967,969,971,973,976,978,980,982,985,987,989,992,994,996,998,1001,1003,1005,1007,1009,1011,1012,1014,1016,1017,1018,1019,1020,1021,1022,1023,1023,1024,1024,1024,1024,1024,1024,1024,1024,1024,1024,1024,1024,1024,1024,1024,1024,1024,1024,1024,1024,1024,1024,1024,1024,1024,1024,1024,1024,1024,1024,1024,1024,1024,1025,1025,1025,1025,1025,1026,1026,1027,1027,1028,1028,1029,1030,1031,1032,1033,1034,1036,1037,1039,1041,1043,1045,1048,1051,1054,1057,1061,1064,1067,1070,1074,1080,1080,1059,1037,1016,994,973,951,930,908,887,865,844,822,801,779,758,736,715,693,672,650,629,607,586,564,521,521,557,593,628,663,697,729,761,791,819,845,870,892,912,930,945,957,967,974,978,980,979,978,977,976,974,973,972,971,970,969,968,967,966,965,964,963,962,961,960,959,970,980,988,995,1000,1005,1008,1011,1013,1014,1015,1015,1015,1015,1015,1015,1015,1015,1015,1016,1016,1016,1016,1016,1016,1016,1016,1016,1016,1016,1016,1016,1017,1017,1017,1017,1017,1017,1017,1017,1017,1017,1017,1017,1017,1017,1018,1018,1018,1018,1018,1018,1018,1018,1018,1018,1018,1018,1018,1018,1019,1019,1019,1019,1019,1019,1019,1019,1019,1019,1019,1019,1019,1019,1020,1020,1020,1020,1020,1020,1020,1020,1020,1020,1020,1020,1020,1021,1021,1021,1021,1021,1021,1021,1021,1021,1021,1021,1021,1021,1021,1022,1022,1022,1022,1022,1022,1022,1022,1022,1022,1022,1022,1022,1022,1023,1023,1023,1023,1023,1023,1023,1023,1023,1023,1023,1023,1023,1023,1024,1024,1024,1024,1024,1024,1024,1024,1024,1024,1023,1023,1023,1022,1022,1021,1020,1020,1019,1018,1017,1016,1015,1014,1012,1011,1010,1008,1007,1005,1004,1002,1000,998,997,995,993,991,989,987,985,983,980,978,976,974,971,969,967,964,962,960,957,955,952,950,947,945,942,940,937,935,932,930,927,925,922,920,918,915,913,910,908,906,904,901,899,897,895,893,891,889,887,885,883,881,879,878,876,874,873,871,870,869,867,866,865,864,863,862,861,860,859,858,858,857,857,856,856,856,856,856,856,856,856,856,857,858,859,860,861,863,864,866,868,870,873,875,877,880,883,886,889,892,895,899,902,906,909,913,917,920,924,928,932,936,940,944,948,951,955,959,963,967,970,974,977,981,984,987,991,994,997,999,1002,1005,1007,1009,1011,1013,1015,1017,1018,1020,1021,1022,1023,1023,1024,1024,1024,1024,1024,1024,1024,1024,1024,1024,1024,1024,1024,1024,1024,1024,1024,1024,1024,1024,1024,1024

lead:aVL
count:560
points:1024,1024,1024,1024,1025,1025,1025,1026,1027,1027,1028,1029,1030,1031,1032,1033,1034,1035,1036,1037,1038,1040,1041,1042,1043,1045,1046,1047,1049,1050,1051,1052,1054,1055,1056,1057,1058,1059,1060,1061,1061,1062,1063,1063,1064,1064,1065,1065,1065,1065,1065,1065,1065,1065,1065,1064,1064,1063,1063,1062,1061,1061,1060,1059,1058,1057,1056,1055,1054,1052,1051,1050,1049,1047,1046,1045,1043,1042,1041,1040,1038,1037,1036,1035,1034,1033,1032,1031,1030,1029,1028,1027,1027,1026,1025,1025,1025,1024,1024,1024,1024,1024,1024,1024,1024,1024,1024,1024,1024,1024,1024,1024,1024,1024,1024,1024,1024,1024,1024,1024,1024,1024,1024,1024,1024,1024,1024,1024,1024,1024,1024,1024,1024,1024,1023,1023,1023,1023,1023,1022,1022,1022,1021,1021,1021,1020,1019,1019,1018,1017,1016,1015,1014,1013,1012,1012,1012,1011,1011,1011,1010,1010,1010,1009,1009,1010,1011,1011,1012,1013,1013,1014,1015,1015,1016,1017,1017,1018,1019,1019,1020,1021,1021,1022,1023,1024,1024,1025,1026,1027,1027,1041,1056,1070,1084,1097,1110,1123,1135,1146,1157,1166,1175,1183,1190,1196,1201,1205,1208,1210,1210,1202,1194,1186,1178,1170,1161,1153,1145,1137,1129,1121,1113,1105,1096,1088,1080,1072,1064,1056,1048,1046,1045,1045,1044,1043,1043,1042,1042,1042,1042,1042,1042,1042,1042,1042,1041,1041,1041,1041,1041,1041,1041,1040,1040,1040,1040,1040,1040,1040,1039,1039,1039,1039,1039,1039,1039,1038,1038,1038,1038,1038,1038,1038,1037,1037,1037,1037,1037,1037,1037,1036,1036,1036,1036,1036,1036,1035,1035,1035,1035,1035,1035,1035,1034,1034,1034,1034,1034,1034,1034,1033,1033,1033,1033,1033,1033,1033,1032,1032,1032,1032,1032,1032,1032,1031,1031,1031,1031,1031,1031,1031,1030,1030,1030,1030,1030,1030,1030,1029,1029,1029,1029,1029,1029,1029,1028,1028,1028,1028,1028,1028,1027,1027,1027,1027,1027,1027,1027,1026,1026,1026,1026,1026,1026,1026,1025,1025,1025,1025,1025,1025,1025,1024,1024,1024,1024,1024,1024,1024,1024,1024,1024,1024,1025,1025,1025,1025,1025,1026,1026,1026,1026,1027,1027,1027,1028,1028,1029,1029,1029,1030,1030,1031,1031,1032,1032,1033,1033,1034,1034,1035,1035,1036,1037,1037,1038,1038,1039,1040,1040,1041,1042,1042,1043,1044,1044,1045,1046,1046,1047,1047,1048,1049,1049,1050,1051,1051,1052,1053,1053,1054,1055,1055,1056,1056,1057,1057,1058,1059,1059,1060,1060,1061,1061,1062,1062,1063,1063,1063,1064,1064,1065,1065,1065,1066,1066,1066,1066,1067,1067,1067,1067,1068,1068,1068,1068,1068,1068,1068,1068,1068,1068,1068,1068,1068,1068,1068,1067,1067,1067,1066,1066,1066,1065,1064,1064,1063,1063,1062,1061,1060,1060,1059,1058,1057,1056,1055,1054,1053,1052,1051,1050,1049,1048,1047,1046,1045,1044,1043,1042,1041,1040,1039,1038,1037,1036,1035,1034,1034,1033,1032,1031,1030,1030,1029,1028,1028,1027,1027,1026,1026,1025,1025,1025,1025,1024,1024,1024,1024,1024,1024,1024,1024,1024,1024,1024,1024,1024,1024,1024,1024,1024,1024,1024,1024,1024,1024,1024,1024

lead:aVF
count:560
points:1024,1024,1024,1024,1025,1025,1025,1026,1026,1027,1027,1028,1028,1029,1030,1031,1032,1032,1033,1034,1035,1036,1037,1038,1039,1040,1041,1042,1043,1044,1045,1046,1047,1048,1049,1050,1051,1051,1052,1053,1053,1054,1055,1055,1055,1056,1056,1056,1056,1056,1057,1056,1056,1056,1056,1056,1055,1055,1055,1054,1053,1053,1052,1051,1051,1050,1049,1048,1047,1046,1045,1044,1043,1042,1041,1040,1039,1038,1037,1036,1035,1034,1033,1032,1032,1031,1030,1029,1028,1028,1027,1027,1026,1026,1025,1025,1025,1024,1024,1024,1024,1024,1024,1024,1024,1024,1024,1024,1024,1024,1024,1024,1024,1024,1024,1024,1024,1024,1024,1024,1024,1024,1024,1024,1024,1024,1024,1024,1024,1024,1024,1024,1024,1024,1023,1023,1023,1023,1023,1022,1022,1022,1021,1021,1021,1020,1019,1019,1018,1017,1016,1015,1014,1013,1012,1009,1006,1003,1000,997,994,991,989,983,983,1003,1024,1045,1066,1087,1107,1128,1149,1170,1191,1211,1232,1253,1274,1295,1316,1336,1357,1378,1399,1420,1440,1461,1482,1524,1524,1473,1423,1374,1325,1278,1232,1188,1147,1107,1070,1036,1005,977,952,931,914,900,890,884,882,891,900,910,919,928,937,946,955,965,974,983,992,1001,1010,1020,1029,1038,1047,1056,1065,1055,1047,1040,1033,1028,1025,1021,1019,1017,1016,1016,1015,1015,1015,1015,1015,1015,1015,1015,1016,1016,1016,1016,1016,1016,1016,1016,1016,1016,1016,1016,1016,1017,1017,1017,1017,1017,1017,1017,1017,1017,1017,1017,1017,1017,1017,1018,1018,1018,1018,1018,1018,1018,1018,1018,1018,1018,1018,1018,1018,1019,1019,1019,1019,1019,1019,1019,1019,1019,1019,1019,1019,1019,1019,1020,1020,1020,1020,1020,1020,1020,1020,1020,1020,1020,1020,1020,1021,1021,1021,1021,1021,1021,1021,1021,1021,1021,1021,1021,1021,1021,1022,1022,1022,1022,1022,1022,1022,1022,1022,1022,1022,1022,1022,1022,1023,1023,1023,1023,1023,1023,1023,1023,1023,1023,1023,1023,1023,1023,1024,1024,1024,1024,1024,1024,1024,1024,1024,1024,1024,1025,1025,1025,1026,1026,1027,1027,1028,1029,1029,1030,1031,1032,1033,1034,1035,1036,1037,1038,1039,1040,1042,1043,1044,1046,1047,1048,1050,1051,1053,1055,1056,1058,1059,1061,1063,1064,1066,1068,1070,1071,1073,1075,1077,1079,1081,1082,1084,1086,1088,1090,1092,1093,1095,1097,1099,1101,1102,1104,1106,1108,1109,1111,1113,1114,1116,1118,1119,1121,1122,1124,1125,1127,1128,1129,1131,1132,1133,1134,1135,1137,1138,1139,1140,1140,1141,1142,1143,1144,1144,1145,1145,1146,1146,1147,1147,1147,1148,1148,1148,1148,1148,1148,1148,1148,1147,1147,1146,1145,1144,1143,1142,1140,1139,1137,1136,1134,1132,1130,1128,1126,1123,1121,1119,1116,1114,1111,1109,1106,1103,1100,1097,1095,1092,1089,1086,1083,1080,1078,1075,1072,1069,1066,1064,1061,1058,1056,1053,1051,1049,1046,1044,1042,1040,1038,1037,1035,1033,1032,1031,1029,1028,1027,1026,1026,1025,1025,1024,1024,1024,1024,1024,1024,1024,1024,1024,1024,1024,1024,1024,1024,1024,1024,1024,1024,1024,1024,1024,1024

lead:V1
count:560
points:1024,1024,1024,1023,1023,1022,1021,1020,1019,1018,1016,1015,1013,1011,1009,1008,1005,1003,1001,999,996,994,991,989,986,984,981,979,976,974,972,969,967,965,963,960,958,957,955,953,952,950,949,948,947,946,945,945,944,944,944,944,944,945,945,946,947,948,949,950,952,953,955,957,958,960,963,965,967,969,972,974,976,979,981,984,986,989,991,994,996,999,1001,1003,1005,1008,1009,1011,1013,1015,1016,1018,1019,1020,1021,1022,1023,1023,1024,1024,1024,1024,1024,1024,1024,1024,1024,1024,1024,1024,1024,1024,1024,1024,1024,1024,1024,1024,1024,1024,1024,1024,1024,1024,1024,1024,1024,1024,1024,1025,1025,1025,1026,1026,1026,1027,1028,1029,1029,1031,1032,1033,1035,1036,1038,1040,1043,1046,1048,1052,1055,1059,1063,1068,1073,1066,1060,1053,1047,1040,1033,1027,1020,1007,1007,1001,995,989,983,977,971,965,959,953,947,941,935,929,923,917,911,905,899,893,887,881,875,869,863,851,851,869,888,906,924,942,959,975,991,1006,1019,1032,1044,1054,1063,1071,1078,1083,1086,1088,1089,1089,1088,1087,1087,1086,1086,1085,1085,1084,1083,1083,1082,1082,1081,1080,1080,1079,1079,1078,1078,1080,1083,1085,1086,1088,1089,1090,1090,1091,1091,1091,1092,1092,1092,1091,1090,1089,1088,1087,1086,1085,1085,1084,1083,1082,1081,1080,1079,1079,1078,1077,1076,1075,1074,1074,1073,1072,1071,1070,1069,1069,1068,1067,1066,1065,1065,1064,1063,1062,1061,1061,1060,1059,1058,1058,1057,1056,1055,1055,1054,1053,1052,1052,1051,1050,1050,1049,1048,1048,1047,1046,1046,1045,1044,1044,1043,1043,1042,1041,1041,1040,1040,1039,1039,1038,1038,1037,1036,1036,1036,1035,1035,1034,1034,1033,1033,1032,1032,1032,1031,1031,1030,1030,1030,1029,1029,1029,1028,1028,1028,1027,1027,1027,1027,1026,1026,1026,1026,1026,1025,1025,1025,1025,1025,1025,1025,1024,1024,1024,1024,1024,1024,1024,1024,1024,1024,1024,1024,1024,1024,1023,1023,1023,1023,1022,1022,1021,1021,1020,1020,1019,1019,1018,1017,1017,1016,1015,1014,1013,1012,1011,1010,1009,1008,1007,1006,1005,1004,1003,1002,1000,999,998,997,995,994,993,991,990,988,987,986,984,983,981,980,979,977,976,974,973,972,970,969,967,966,964,963,962,960,959,958,956,955,954,953,951,950,949,948,947,945,944,943,942,941,940,939,938,937,937,936,935,934,934,933,932,932,931,931,930,930,929,929,929,928,928,928,928,928,928,928,928,928,928,928,929,929,930,931,932,933,934,935,936,937,939,940,942,943,945,947,949,950,952,954,956,958,960,963,965,967,969,971,974,976,978,980,982,985,987,989,991,993,995,997,999,1001,1003,1005,1007,1008,1010,1011,1013,1014,1016,1017,1018,1019,1020,1021,1022,1022,1023,1023,1024,1024,1024,1024,1024,1024,1024,1024,1024,1024,1024,1024,1024,1024,1024,1024,1024,1024,1024,1024,1024,1024,1024

lead:V2
count:560
points:1024,1024,1024,1023,1023,1022,1021,1020,1019,1018,1017,1016,1014,1012,1011,1009,1007,1005,1003,1001,998,996,994,992,989,987,985,982,980,978,976,973,971,969,967,965,963,962,960,959,957,956,955,954,953,952,951,951,950,950,950,950,950,951,951,952,953,954,955,956,957,959,960,962,963,965,967,969,971,973,976,978,980,982,985,987,989,992,994,996,998,1001,1003,1005,1007,1009,1011,1012,1014,1016,1017,1018,1019,1020,1021,1022,1023,1023,1024,1024,1024,1024,1024,1024,1024,1024,1024,1024,1024,1024,1024,1024,1024,1024,1024,1024,1024,1024,1024,1024,1024,1024,1024,1024,1024,1024,1024,1024,1024,1025,1025,1025,1025,1026,1026,1027,1027,1028,1029,1030,1031,1032,1034,1035,1037,1039,1041,1044,1046,1049,1052,1056,1060,1064,1068,1087,1105,1124,1143,1161,1180,1198,1217,1254,1254,1237,1220,1202,1185,1167,1150,1133,1115,1098,1081,1063,1046,1029,1011,994,977,959,942,925,907,890,872,855,838,803,803,829,854,879,904,927,951,973,994,1014,1033,1050,1066,1080,1093,1103,1112,1119,1124,1127,1128,1126,1124,1121,1119,1117,1114,1112,1110,1107,1105,1103,1100,1098,1096,1093,1091,1089,1086,1084,1082,1085,1087,1090,1092,1093,1094,1095,1096,1096,1097,1097,1097,1097,1097,1096,1095,1094,1093,1092,1091,1090,1090,1089,1088,1087,1086,1085,1084,1083,1082,1081,1080,1079,1078,1078,1077,1076,1075,1074,1073,1072,1071,1070,1070,1069,1068,1067,1066,1065,1064,1064,1063,1062,1061,1060,1059,1059,1058,1057,1056,1055,1055,1054,1053,1052,1052,1051,1050,1050,1049,1048,1047,1047,1046,1045,1045,1044,1043,1043,1042,1042,1041,1040,1040,1039,1039,1038,1038,1037,1036,1036,1035,1035,1034,1034,1033,1033,1033,1032,1032,1031,1031,1030,1030,1030,1029,1029,1029,1028,1028,1028,1027,1027,1027,1027,1026,1026,1026,1026,1026,1025,1025,1025,1025,1025,1025,1024,1024,1024,1024,1024,1024,1024,1024,1024,1024,1024,1024,1024,1024,1024,1024,1023,1023,1023,1023,1023,1022,1022,1022,1021,1021,1021,1020,1020,1019,1019,1018,1018,1017,1017,1016,1016,1015,1014,1014,1013,1012,1012,1011,1010,1010,1009,1008,1007,1007,1006,1005,1004,1003,1003,1002,1001,1000,999,999,998,997,996,995,994,994,993,992,991,990,990,989,988,987,986,986,985,984,983,983,982,981,980,980,979,978,978,977,977,976,975,975,974,974,973,973,972,972,972,971,971,971,970,970,970,969,969,969,969,969,968,968,968,968,968,968,968,968,968,969,969,969,970,970,971,971,972,972,973,974,975,975,976,977,978,979,980,981,982,984,985,986,987,988,990,991,992,993,995,996,997,999,1000,1001,1002,1004,1005,1006,1007,1009,1010,1011,1012,1013,1014,1015,1016,1017,1018,1018,1019,1020,1020,1021,1022,1022,1023,1023,1023,1024,1024,1024,1024,1024,1024,1024,1024,1024,1024,1024,1024,1024,1024,1024,1024,1024,1024,1024,1024,1024,1024,1024,1024

lead:V3
count:560
points:1024,1024,1024,1023,1023,1023,1022,1021,1020,1020,1019,1017,1016,1015,1014,1012,1011,1009,1008,1006,1004,1003,1001,999,997,996,994,992,990,989,987,985,984,982,980,979,978,976,975,974,973,972,971,970,969,969,968,968,968,967,967,967,968,968,968,969,969,970,971,972,973,974,975,976,978,979,980,982,984,985,987,989,990,992,994,996,997,999,1001,1003,1004,1006,1008,1009,1011,1012,1014,1015,1016,1017,1019,1020,1020,1021,1022,1023,1023,1023,1024,1024,1024,1024,1024,1024,1024,1024,1024,1024,1024,1024,1024,1024,1024,1024,1024,1024,1024,1024,1024,1024,1024,1024,1024,1024,1024,1024,1024,1024,1024,1024,1025,1025,1025,1025,1026,1026,1027,1027,1028,1028,1029,1030,1031,1032,1034,1035,1037,1039,1041,1043,1045,1048,1051,1054,1057,1098,1139,1180,1221,1262,1303,1344,1385,1467,1467,1440,1414,1388,1362,1336,1310,1284,1258,1232,1206,1180,1154,1128,1101,1075,1049,1023,997,971,945,919,893,867,841,789,789,817,845,873,901,927,953,978,1002,1024,1045,1064,1082,1098,1112,1124,1134,1141,1147,1150,1151,1148,1144,1140,1137,1133,1129,1126,1122,1118,1114,1111,1107,1103,1100,1096,1092,1089,1085,1081,1078,1080,1083,1085,1086,1088,1089,1090,1090,1091,1091,1091,1092,1092,1092,1091,1090,1089,1088,1087,1086,1085,1085,1084,1083,1082,1081,1080,1079,1079,1078,1077,1076,1075,1074,1074,1073,1072,1071,1070,1069,1069,1068,1067,1066,1065,1065,1064,1063,1062,1061,1061,1060,1059,1058,1058,1057,1056,1055,1055,1054,1053,1052,1052,1051,1050,1050,1049,1048,1048,1047,1046,1046,1045,1044,1044,1043,1043,1042,1041,1041,1040,1040,1039,1039,1038,1038,1037,1036,1036,1036,1035,1035,1034,1034,1033,1033,1032,1032,1032,1031,1031,1030,1030,1030,1029,1029,1029,1028,1028,1028,1027,1027,1027,1027,1026,1026,1026,1026,1026,1025,1025,1025,1025,1025,1025,1025,1024,1024,1024,1024,1024,1024,1024,1024,1024,1024,1024,1024,1024,1024,1024,1024,1024,1024,1024,1024,1024,1024,1024,1024,1024,1024,1024,1024,1023,1023,1023,1023,1023,1023,1023,1023,1023,1023,1023,1023,1023,1023,1022,1022,1022,1022,1022,1022,1022,1022,1022,1022,1022,1021,1021,1021,1021,1021,1021,1021,1021,1021,1021,1020,1020,1020,1020,1020,1020,1020,1020,1020,1020,1019,1019,1019,1019,1019,1019,1019,1019,1019,1019,1019,1018,1018,1018,1018,1018,1018,1018,1018,1018,1018,1018,1018,1018,1018,1018,1017,1017,1017,1017,1017,1017,1017,1017,1017,1017,1017,1017,1017,1017,1017,1017,1017,1017,1017,1017,1017,1017,1017,1017,1017,1017,1017,1018,1018,1018,1018,1018,1018,1018,1018,1018,1018,1019,1019,1019,1019,1019,1019,1019,1020,1020,1020,1020,1020,1020,1021,1021,1021,1021,1021,1021,1021,1022,1022,1022,1022,1022,1022,1022,1023,1023,1023,1023,1023,1023,1023,1023,1023,1024,1024,1024,1024,1024,1024,1024,1024,1024,1024,1024,1024,1024,1024,1024,1024,1024,1024,1024,1024,1024,1024,1024,1024,1024,1024,1024,1024,1024,1024,1024

lead:V4
count:560
points:1024,1024,1024,1024,1024,1023,1023,1023,1022,1022,1021,1021,1020,1019,1019,1018,1017,1016,1015,1014,1014,1013,1012,1011,1010,1009,1008,1007,1006,1005,1004,1003,1002,1002,1001,1000,999,999,998,997,997,996,996,995,995,995,994,994,994,994,994,994,994,994,994,995,995,995,996,996,997,997,998,999,999,1000,1001,1002,1002,1003,1004,1005,1006,1007,1008,1009,1010,1011,1012,1013,1014,1014,1015,1016,1017,1018,1019,1019,1020,1021,1021,1022,1022,1023,1023,1023,1024,1024,1024,1024,1024,1024,1024,1024,1024,1024,1024,1024,1024,1024,1024,1024,1024,1024,1024,1024,1024,1024,1024,1024,1024,1024,1024,1024,1024,1024,1024,1024,1024,1024,1024,1024,1025,1025,1025,1025,1025,1026,1026,1026,1027,1027,1028,1028,1029,1030,1030,1031,1032,1033,1035,1036,1037,1039,1041,1098,1155,1213,1270,1328,1385,1443,1500,1615,1615,1584,1553,1522,1491,1460,1429,1398,1367,1336,1306,1275,1244,1213,1182,1151,1120,1089,1058,1027,996,965,934,903,872,810,810,837,864,891,917,942,967,991,1013,1034,1054,1073,1090,1105,1118,1129,1139,1146,1151,1154,1155,1151,1146,1142,1137,1133,1128,1124,1119,1115,1110,1106,1101,1096,1092,1087,1083,1078,1074,1069,1065,1067,1069,1070,1072,1073,1073,1074,1075,1075,1075,1075,1075,1075,1075,1075,1074,1073,1073,1072,1071,1071,1070,1069,1069,1068,1068,1067,1066,1066,1065,1064,1064,1063,1062,1062,1061,1060,1060,1059,1059,1058,1057,1057,1056,1055,1055,1054,1054,1053,1052,1052,1051,1051,1050,1050,1049,1048,1048,1047,1047,1046,1046,1045,1045,1044,1044,1043,1042,1042,1041,1041,1040,1040,1040,1039,1039,1038,1038,1037,1037,1036,1036,1036,1035,1035,1034,1034,1034,1033,1033,1032,1032,1032,1031,1031,1031,1030,1030,1030,1029,1029,1029,1029,1028,1028,1028,1028,1027,1027,1027,1027,1026,1026,1026,1026,1026,1026,1025,1025,1025,1025,1025,1025,1025,1025,1024,1024,1024,1024,1024,1024,1024,1024,1024,1024,1024,1024,1024,1024,1024,1024,1024,1024,1025,1025,1025,1025,1025,1026,1026,1026,1026,1027,1027,1027,1028,1028,1029,1029,1029,1030,1030,1031,1031,1032,1032,1033,1033,1034,1034,1035,1035,1036,1037,1037,1038,1038,1039,1040,1040,1041,1042,1042,1043,1044,1044,1045,1045,1046,1047,1047,1048,1049,1049,1050,1051,1051,1052,1053,1053,1054,1054,1055,1056,1056,1057,1057,1058,1059,1059,1060,1060,1061,1061,1062,1062,1062,1063,1063,1064,1064,1065,1065,1065,1066,1066,1066,1066,1067,1067,1067,1067,1068,1068,1068,1068,1068,1068,1068,1068,1068,1068,1068,1068,1068,1068,1068,1067,1067,1067,1066,1066,1065,1065,1064,1064,1063,1063,1062,1061,1060,1059,1059,1058,1057,1056,1055,1054,1053,1052,1051,1050,1049,1048,1047,1046,1045,1044,1043,1042,1041,1040,1039,1038,1037,1036,1035,1034,1034,1033,1032,1031,1030,1030,1029,1028,1028,1027,1027,1026,1026,1025,1025,1025,1025,1024,1024,1024,1024,1024,1024,1024,1024,1024,1024,1024,1024,1024,1024,1024,1024,1024,1024,1024,1024,1024,1024,1024,1024

lead:V5
count:560
points:1024,1024,1024,1024,1024,1024,1024,1024,1024,1024,1024,1024,1024,1024,1024,1024,1024,1024,1024,1024,1024,1024,1024,1024,1024,1024,1024,1024,1024,1024,1024,1024,1024,1024,1024,1024,1024,1024,1024,1024,1024,1024,1024,1024,1024,1024,1024,1024,1024,1024,1024,1024,1024,1024,1024,1024,1024,1024,1024,1024,1024,1024,1024,1024,1024,1024,1024,1024,1024,1024,1024,1024,1024,1024,1024,1024,1024,1024,1024,1024,1024,1024,1024,1024,1024,1024,1024,1024,1024,1024,1024,1024,1024,1024,1024,1024,1024,1024,1024,1024,1024,1024,1024,1024,1024,1024,1024,1024,1024,1024,1024,1024,1024,1024,1024,1024,1024,1024,1024,1024,1024,1024,1024,1024,1024,1024,1024,1024,1024,1024,1024,1024,1024,1024,1024,1024,1024,1024,1024,1024,1024,1024,1024,1023,1023,1023,1023,1023,1023,1023,1023,1022,1022,1022,1022,1087,1152,1216,1281,1346,1411,1476,1541,1671,1671,1640,1609,1578,1546,1515,1484,1453,1422,1391,1360,1329,1298,1267,1236,1205,1174,1143,1112,1081,1050,1019,988,957,926,864,864,886,907,928,949,969,989,1008,1026,1043,1059,1073,1087,1099,1109,1118,1126,1132,1136,1139,1139,1135,1130,1125,1121,1116,1111,1107,1102,1097,1093,1088,1083,1079,1074,1069,1065,1060,1055,1051,1046,1047,1048,1049,1050,1050,1051,1051,1051,1052,1052,1052,1052,1052,1052,1051,1051,1051,1050,1050,1050,1049,1049,1049,1048,1048,1048,1047,1047,1046,1046,1046,1045,1045,1045,1044,1044,1044,1043,1043,1043,1042,1042,1042,1041,1041,1041,1040,1040,1040,1039,1039,1039,1038,1038,1038,1038,1037,1037,1037,1036,1036,1036,1035,1035,1035,1035,1034,1034,1034,1033,1033,1033,1033,1032,1032,1032,1032,1031,1031,1031,1031,1030,1030,1030,1030,1030,1029,1029,1029,1029,1029,1028,1028,1028,1028,1028,1027,1027,1027,1027,1027,1027,1026,1026,1026,1026,1026,1026,1026,1026,1025,1025,1025,1025,1025,1025,1025,1025,1025,1025,1025,1024,1024,1024,1024,1024,1024,1024,1024,1024,1024,1024,1024,1024,1024,1024,1024,1024,1024,1024,1024,1025,1025,1025,1026,1026,1026,1027,1027,1028,1028,1029,1029,1030,1031,1031,1032,1033,1034,1035,1035,1036,1037,1038,1039,1040,1041,1042,1043,1044,1046,1047,1048,1049,1050,1051,1053,1054,1055,1056,1058,1059,1060,1061,1063,1064,1065,1067,1068,1069,1070,1072,1073,1074,1076,1077,1078,1079,1081,1082,1083,1084,1085,1087,1088,1089,1090,1091,1092,1093,1094,1095,1096,1097,1098,1099,1100,1101,1102,1103,1103,1104,1105,1106,1106,1107,1107,1108,1108,1109,1109,1110,1110,1110,1111,1111,1111,1111,1111,1112,1112,1112,1112,1111,1111,1111,1110,1110,1109,1109,1108,1107,1106,1105,1104,1103,1102,1100,1099,1097,1096,1094,1093,1091,1089,1087,1086,1084,1082,1080,1078,1076,1074,1072,1070,1068,1066,1064,1062,1060,1058,1056,1054,1052,1050,1048,1046,1045,1043,1041,1040,1038,1037,1035,1034,1033,1032,1031,1030,1029,1028,1027,1026,1026,1025,1025,1024,1024,1024,1024,1024,1024,1024,1024,1024,1024,1024,1024,1024,1024,1024,1024,1024,1024,1024,1024,1024,1024,1024

lead:V6
count:560
points:1024,1024,1024,1024,1024,1025,1025,1025,1026,1026,1027,1028,1028,1029,1030,1030,1031,1032,1033,1034,1035,1036,1036,1037,1038,1039,1040,1041,1042,1043,1044,1045,1046,1047,1048,1048,1049,1050,1051,1051,1052,1052,1053,1053,1054,1054,1054,1054,1055,1055,1055,1055,1055,1054,1054,1054,1054,1053,1053,1052,1052,1051,1051,1050,1049,1048,1048,1047,1046,1045,1044,1043,1042,1041,1040,1039,1038,1037,1036,1036,1035,1034,1033,1032,1031,1030,1030,1029,1028,1028,1027,1026,1026,1025,1025,1025,1024,1024,1024,1024,1024,1024,1024,1024,1024,1024,1024,1024,1024,1024,1024,1024,1024,1024,1024,1024,1024,1024,1024,1024,1024,1024,1024,1024,1024,1024,1024,1024,1024,1024,1024,1024,1023,1023,1023,1023,1022,1022,1022,1021,1021,1020,1020,1019,1018,1017,1016,1015,1014,1012,1011,1009,1008,1006,1004,1066,1128,1191,1253,1316,1378,1441,1503,1628,1628,1602,1575,1549,1523,1496,1470,1443,1417,1391,1364,1338,1312,1285,1259,1232,1206,1180,1153,1127,1100,1074,1048,1021,995,942,942,950,958,967,975,983,991,999,1008,1016,1024,1032,1040,1049,1057,1065,1073,1081,1090,1098,1106,1099,1093,1087,1081,1075,1069,1063,1058,1053,1048,1044,1040,1036,1033,1030,1028,1026,1025,1024,1024,1024,1024,1024,1024,1024,1024,1024,1024,1024,1024,1024,1024,1024,1024,1024,1024,1024,1024,1024,1024,1024,1024,1024,1024,1024,1024,1024,1024,1024,1024,1024,1024,1024,1024,1024,1024,1024,1024,1024,1024,1024,1024,1024,1024,1024,1024,1024,1024,1024,1024,1024,1024,1024,1024,1024,1024,1024,1024,1024,1024,1024,1024,1024,1024,1024,1024,1024,1024,1024,1024,1024,1024,1024,1024,1024,1024,1024,1024,1024,1024,1024,1024,1024,1024,1024,1024,1024,1024,1024,1024,1024,1024,1024,1024,1024,1024,1024,1024,1024,1024,1024,1024,1024,1024,1024,1024,1024,1024,1024,1024,1024,1024,1024,1024,1024,1024,1024,1024,1024,1024,1024,1024,1024,1024,1024,1024,1024,1024,1024,1024,1024,1024,1024,1024,1024,1024,1024,1024,1024,1024,1025,1025,1025,1026,1026,1027,1027,1028,1028,1029,1030,1030,1031,1032,1033,1034,1035,1036,1037,1038,1039,1041,1042,1043,1044,1046,1047,1049,1050,1051,1053,1054,1056,1058,1059,1061,1062,1064,1066,1067,1069,1071,1072,1074,1076,1078,1079,1081,1083,1085,1086,1088,1090,1092,1093,1095,1097,1098,1100,1102,1103,1105,1107,1108,1110,1111,1113,1114,1116,1117,1119,1120,1121,1123,1124,1125,1126,1127,1129,1130,1131,1132,1133,1134,1134,1135,1136,1137,1137,1138,1139,1139,1140,1140,1140,1141,1141,1141,1142,1142,1142,1142,1142,1142,1141,1141,1140,1140,1139,1138,1137,1136,1134,1133,1131,1130,1128,1126,1125,1123,1120,1118,1116,1114,1112,1109,1107,1104,1102,1099,1096,1094,1091,1088,1086,1083,1080,1077,1075,1072,1069,1067,1064,1062,1059,1057,1054,1052,1050,1047,1045,1043,1041,1039,1038,1036,1034,1033,1031,1030,1029,1028,1027,1026,1026,1025,1025,1024,1024,1024,1024,1024,1024,1024,1024,1024,1024,1024,1024,1024,1024,1024,1024,1024,1024,1024,1024,1024,1024

