pathology:sinisch
group:ischemia
title:Sinus rhythm ischemia aVF ES2
name:Синусовый ритм при ишемии
leads:12

lead:I
count:830
points:1024,1024,1024,1024,1024,1024,1024,1024,1024,1024,1024,1024,1024,1024,1024,1024,1024,1024,1024,1024,1024,1024,1024,1024,1024,1024,1024,1024,1024,1024,1024,1024,1024,1024,1024,1024,1024,1024,1024,1024,1024,1024,1024,1024,1024,1024,1024,1024,1024,1024,1024,1024,1024,1024,1024,1024,1024,1024,1024,1024,1024,1024,1024,1025,1025,1026,1027,1027,1028,1030,1031,1032,1033,1035,1037,1038,1040,1042,1043,1045,1047,1049,1051,1052,1054,1056,1057,1059,1061,1062,1063,1065,1066,1067,1068,1068,1069,1069,1070,1070,1070,1070,1070,1069,1069,1068,1068,1067,1066,1065,1063,1062,1061,1059,1058,1056,1054,1052,1051,1049,1047,1045,1043,1042,1040,1038,1037,1035,1033,1032,1031,1030,1028,1027,1027,1026,1025,1025,1024,1024,1024,1024,1024,1024,1024,1024,1024,1024,1024,1024,1024,1024,1024,1024,1024,1022,1020,1018,1016,1014,1012,1010,1008,1004,1004,1004,1004,1006,1007,1009,1012,1014,1018,1021,1025,1030,1034,1040,1045,1051,1057,1063,1069,1076,1083,1090,1097,1104,1112,1126,1126,1115,1104,1093,1082,1072,1061,1051,1042,1033,1025,1017,1010,1004,999,994,990,987,985,983,983,985,988,990,992,993,995,996,997,999,999,1000,1001,1002,1002,1002,1003,1003,1003,1003,1003,1003,1004,1004,1004,1004,1004,1004,1004,1004,1004,1004,1004,1004,1004,1004,1004,1004,1004,1004,1005,1005,1005,1005,1005,1005,1005,1005,1005,1005,1005,1005,1005,1005,1005,1006,1006,1006,1006,1006,1006,1006,1006,1006,1006,1006,1006,1006,1006,1006,1006,1007,1007,1007,1007,1007,1007,1007,1007,1007,1007,1007,1007,1007,1007,1007,1007,1008,1008,1008,1008,1008,1008,1008,1008,1008,1008,1008,1008,1008,1008,1008,1009,1009,1009,1009,1009,1009,1009,1009,1009,1009,1010,1010,1010,1010,1011,1011,1012,1012,1012,1013,1013,1014,1015,1015,1016,1016,1017,1018,1018,1019,1020,1021,1021,1022,1023,1024,1025,1026,1027,1027,1028,1029,1030,1031,1032,1033,1034,1035,1036,1037,1038,1039,1040,1041,1042,1043,1044,1046,1047,1048,1049,1050,1051,1052,1053,1054,1055,1056,1057,1058,1059,1060,1061,1061,1062,1063,1064,1065,1066,1067,1068,1068,1069,1070,1071,1071,1072,1073,1073,1074,1074,1075,1076,1076,1077,1077,1077,1078,1078,1079,1079,1079,1079,1080,1080,1080,1080,1080,1080,1080,1080,1080,1080,1080,1080,1080,1079,1079,1078,1078,1077,1077,1076,1075,1075,1074,1073,1072,1071,1070,1069,1068,1067,1066,1065,1064,1062,1061,1060,1059,1057,1056,1055,1053,1052,1051,1050,1048,1047,1046,1044,1043,1042,1041,1040,1038,1037,1036,1035,1034,1033,1032,1031,1030,1030,1029,1028,1028,1027,1026,1026,1025,1025,1025,1024,1024,1024,1024,1024,1024,1024,1024,1024,1024,1024,1024,1024,1024,1024,1024,1025,1026,1028,1030,1032,1035,1038,1042,1046,1050,1055,1060,1065,1070,1076,1082,1088,1094,1100,1106,1112,1118,1124,1130,1136,1141,1147,1152,1157,1162,1166,1170,1174,1177,1180,1182,1184,1186,1187,1188,1188,1187,1186,1184,1182,1178,1174,1169,1164,1158,1151,1145,1137,1130,1122,1114,1106,1098,1090,1082,1075,1067,1060,1054,1048,1043,1038,1034,1030,1028,1026,1024,1024,1024,1024,1023,1022,1021,1020,1018,1017,1015,1013,1010,1008,1006,1003,1001,998,996,993,991,989,986,984,982,980,979,977,976,975,974,973,973,973,973,973,973,973,974,974,975,976,976,977,978,979,980,981,982,983,984,986,987,988,990,991,992,994,995,997,998,1000,1001,1003,1004,1006,1007,1009,1010,1011,1012,1014,1015,1016,1017,1018,1019,1020,1021,1021,1022,1022,1023,1023,1024,1024,1024,1024,1024,1024,1024,1024,1024,1024,1024,1024,1024,1024,1024,1025,1026,1028,1030,1032,1035,1038,1042,1046,1050,1055,1060,1065,1070,1076,1082,1088,1094,1100,1106,1112,1118,1124,1130,1136,1141,1147,1152,1157,1162,1166,1170,1174,1177,1180,1182,1184,1186,1187,1188,1188,1187,1186,1184,1182,1178,1174,1169,1164,1158,1151,1145,1137,1130,1122,1114,1106,1098,1090,1082,1075,1067,1060,1054,1048,1043,1038,1034,1030,1028,1026,1024,1024,1024,1024,1023,1022,1021,1020,1018,1017,1015,1013,1010,1008,1006,1003,1001,998,996,993,991,989,986,984,982,980,979,977,976,975,974,973,973,973,973,973,973,973,974,974,975,976,976,977,978,979,980,981,982,983,984,986,987,988,990,991,992,994,995,997,998,1000,1001,1003,1004,1006,1007,1009,1010,1011,1012,1014,1015,1016,1017,1018,1019,1020,1021,1021,1022,1022,1023,1023,1024,1024,1024

lead:II
count:830
points:1024,1024,1024,1024,1024,1024,1024,1024,1024,1024,1024,1024,1024,1024,1024,1024,1024,1024,1024,1024,1024,1024,1024,1024,1024,1024,1024,1024,1024,1024,1024,1024,1024,1024,1024,1024,1024,1024,1024,1024,1024,1024,1024,1024,1024,1024,1024,1024,1024,1024,1024,1024,1024,1024,1024,1024,1024,1024,1024,1024,1024,1024,1024,1025,1026,1027,1028,1029,1031,1033,1034,1037,1039,1041,1044,1046,1049,1051,1054,1057,1060,1063,1065,1068,1071,1074,1076,1079,1081,1083,1085,1087,1089,1090,1092,1093,1094,1095,1095,1096,1096,1096,1095,1095,1094,1093,1092,1090,1089,1087,1085,1083,1081,1079,1076,1074,1071,1068,1065,1063,1060,1057,1054,1051,1049,1046,1044,1041,1039,1037,1034,1033,1031,1029,1028,1027,1026,1025,1024,1024,1024,1024,1024,1024,1024,1023,1023,1022,1020,1018,1015,1010,1005,988,988,985,982,979,976,973,970,967,964,957,957,958,962,967,974,983,994,1007,1021,1038,1056,1076,1098,1121,1145,1171,1198,1227,1256,1286,1318,1349,1382,1415,1448,1516,1516,1458,1400,1343,1288,1233,1181,1130,1082,1037,994,955,919,887,859,834,814,799,787,781,778,798,816,832,847,861,873,884,894,902,910,916,922,926,930,933,936,938,940,941,941,942,942,942,942,943,943,944,945,945,946,947,947,948,948,949,950,950,951,952,952,953,954,954,955,956,956,957,957,958,959,959,960,961,961,962,963,963,964,964,965,966,966,967,968,968,969,970,970,971,972,972,973,973,974,975,975,976,977,977,978,979,979,980,980,981,982,982,983,984,984,985,986,986,987,988,988,989,989,990,991,991,992,993,993,993,993,994,994,994,994,995,995,995,996,996,997,998,998,999,1000,1001,1002,1002,1003,1004,1005,1007,1008,1009,1010,1011,1013,1014,1015,1017,1018,1019,1021,1022,1024,1026,1027,1029,1030,1032,1034,1035,1037,1039,1041,1042,1044,1046,1048,1049,1051,1053,1055,1057,1058,1060,1062,1064,1065,1067,1069,1071,1072,1074,1076,1077,1079,1081,1082,1084,1085,1087,1088,1090,1091,1093,1094,1096,1097,1098,1099,1101,1102,1103,1104,1105,1106,1107,1108,1109,1110,1110,1111,1112,1112,1113,1114,1114,1115,1115,1115,1116,1116,1116,1116,1116,1116,1116,1116,1116,1115,1115,1114,1114,1113,1112,1111,1110,1109,1108,1107,1106,1104,1103,1101,1100,1098,1096,1094,1093,1091,1089,1087,1085,1083,1081,1079,1076,1074,1072,1070,1068,1066,1064,1062,1060,1057,1055,1053,1051,1050,1048,1046,1044,1042,1041,1039,1037,1036,1035,1033,1032,1031,1030,1029,1028,1027,1026,1026,1025,1025,1024,1024,1024,1024,1024,1024,1024,1024,1024,1024,1024,1024,1024,1024,1025,1028,1033,1040,1049,1060,1072,1087,1103,1120,1139,1160,1182,1204,1228,1253,1279,1305,1331,1358,1385,1412,1439,1465,1491,1517,1542,1565,1588,1610,1630,1650,1667,1683,1698,1710,1721,1730,1737,1742,1745,1746,1744,1738,1729,1716,1700,1680,1658,1632,1604,1573,1540,1506,1470,1433,1395,1357,1319,1281,1244,1208,1173,1141,1110,1082,1056,1033,1014,997,984,975,970,968,967,966,963,960,955,950,944,937,929,921,912,903,893,883,873,863,852,842,832,823,813,804,796,789,782,775,770,766,762,760,758,758,758,759,760,761,763,766,769,772,776,780,784,789,794,800,805,811,818,824,831,838,845,853,860,868,875,883,891,899,906,914,922,929,936,944,951,957,964,970,976,982,988,993,998,1002,1006,1010,1013,1016,1018,1020,1022,1023,1024,1024,1024,1024,1024,1024,1024,1024,1024,1024,1024,1024,1025,1028,1033,1040,1049,1060,1072,1087,1103,1120,1139,1160,1182,1204,1228,1253,1279,1305,1331,1358,1385,1412,1439,1465,1491,1517,1542,1565,1588,1610,1630,1650,1667,1683,1698,1710,1721,1730,1737,1742,1745,1746,1744,1738,1729,1716,1700,1680,1658,1632,1604,1573,1540,1506,1470,1433,1395,1357,1319,1281,1244,1208,1173,1141,1110,1082,1056,1033,1014,997,984,975,970,968,967,966,963,960,955,950,944,937,929,921,912,903,893,883,873,863,852,842,832,823,813,804,796,789,782,775,770,766,762,760,758,758,758,759,760,761,763,766,769,772,776,780,784,789,794,800,805,811,818,824,831,838,845,853,860,868,875,883,891,899,906,914,922,929,936,944,951,957,964,970,976,982,988,993,998,1002,1006,1010,1013,1016,1018,1020,1022,1023,1024

lead:III
count:830
points:1024,1024,1024,1024,1024,1024,1024,1024,1024,1024,1024,1024,1024,1024,1024,1024,1024,1024,1024,1024,1024,1024,1024,1024,1024,1024,1024,1024,1024,1024,1024,1024,1024,1024,1024,1024,1024,1024,1024,1024,1024,1024,1024,1024,1024,1024,1024,1024,1024,1024,1024,1024,1024,1024,1024,1024,1024,1024,1024,1024,1024,1024,1024,1024,1025,1025,1025,1026,1026,1027,1028,1028,1029,1030,1031,1032,1033,1034,1035,1036,1037,1038,1039,1040,1041,1042,1043,1043,1044,1045,1046,1047,1047,1048,1048,1049,1049,1049,1049,1050,1050,1050,1049,1049,1049,1049,1048,1048,1047,1047,1046,1045,1044,1043,1043,1042,1041,1040,1039,1038,1037,1036,1035,1034,1033,1032,1031,1030,1029,1028,1028,1027,1026,1026,1025,1025,1025,1024,1024,1024,1024,1024,1024,1024,1024,1023,1023,1022,1020,1018,1015,1010,1005,988,988,987,986,985,984,983,982,981,980,978,978,979,981,985,990,997,1006,1016,1027,1040,1054,1069,1086,1104,1123,1143,1164,1186,1208,1231,1255,1280,1305,1330,1356,1408,1408,1362,1316,1271,1226,1183,1141,1100,1062,1026,992,960,932,906,883,864,848,835,826,821,819,836,852,867,880,891,902,912,920,928,934,940,945,949,952,955,957,959,960,961,962,962,962,963,963,963,964,964,965,965,966,967,967,968,968,969,969,970,971,971,972,972,973,974,974,975,975,976,976,977,978,978,979,979,980,980,981,982,982,983,983,984,984,985,986,986,987,987,988,988,989,990,990,991,991,992,993,993,994,994,995,995,996,997,997,998,998,999,999,1000,1001,1001,1002,1002,1003,1003,1004,1005,1005,1006,1006,1007,1007,1008,1009,1009,1009,1009,1009,1009,1009,1009,1009,1010,1010,1010,1010,1010,1011,1011,1011,1012,1012,1012,1013,1013,1014,1014,1015,1015,1016,1016,1017,1017,1018,1018,1019,1020,1020,1021,1021,1022,1023,1023,1024,1025,1025,1026,1027,1028,1028,1029,1030,1031,1031,1032,1033,1033,1034,1035,1036,1036,1037,1038,1039,1039,1040,1041,1042,1042,1043,1044,1044,1045,1046,1046,1047,1048,1048,1049,1050,1050,1051,1051,1052,1052,1053,1053,1054,1054,1055,1055,1056,1056,1056,1057,1057,1057,1058,1058,1058,1059,1059,1059,1059,1059,1059,1060,1060,1060,1060,1060,1060,1060,1060,1060,1060,1059,1059,1059,1059,1058,1058,1058,1057,1057,1056,1056,1055,1055,1054,1053,1053,1052,1051,1051,1050,1049,1048,1048,1047,1046,1045,1044,1044,1043,1042,1041,1040,1039,1039,1038,1037,1036,1035,1035,1034,1033,1032,1032,1031,1030,1030,1029,1029,1028,1028,1027,1027,1026,1026,1026,1025,1025,1025,1024,1024,1024,1024,1024,1024,1024,1024,1024,1024,1024,1024,1024,1024,1024,1024,1025,1027,1031,1036,1043,1052,1061,1072,1085,1098,1113,1129,1146,1164,1182,1201,1221,1241,1261,1282,1303,1324,1345,1365,1385,1405,1424,1443,1460,1477,1493,1508,1521,1534,1545,1554,1563,1570,1575,1579,1581,1582,1581,1576,1569,1559,1546,1530,1512,1492,1470,1446,1420,1392,1364,1335,1305,1275,1245,1215,1186,1157,1130,1104,1080,1058,1037,1019,1004,991,981,974,969,968,967,966,963,960,955,950,944,937,929,921,912,903,893,883,873,863,852,842,832,823,813,804,796,789,782,775,770,766,762,760,758,758,758,759,760,761,763,766,769,772,776,780,784,789,794,800,805,811,818,824,831,838,845,853,860,868,875,883,891,899,906,914,922,929,936,944,951,957,964,970,976,982,988,993,998,1002,1006,1010,1013,1016,1018,1020,1022,1023,1024,1024,1024,1024,1024,1024,1024,1024,1024,1024,1024,1024,1025,1027,1031,1036,1043,1052,1061,1072,1085,1098,1113,1129,1146,1164,1182,1201,1221,1241,1261,1282,1303,1324,1345,1365,1385,1405,1424,1443,1460,1477,1493,1508,1521,1534,1545,1554,1563,1570,1575,1579,1581,1582,1581,1576,1569,1559,1546,1530,1512,1492,1470,1446,1420,1392,1364,1335,1305,1275,1245,1215,1186,1157,1130,1104,1080,1058,1037,1019,1004,991,981,974,969,968,967,966,963,960,955,950,944,937,929,921,912,903,893,883,873,863,852,842,832,823,813,804,796,789,782,775,770,766,762,760,758,758,758,759,760,761,763,766,769,772,776,780,784,789,794,800,805,811,818,824,831,838,845,853,860,868,875,883,891,899,906,914,922,929,936,944,951,957,964,970,976,982,988,993,998,1002,1006,1010,1013,1016,1018,1020,1022,1023,1024

lead:aVR
count:830
points:1024,1024,1024,1024,1024,1024,1024,1024,1024,1024,1024,1024,1024,1024,1024,1024,1024,1024,1024,1024,1024,1024,1024,1024,1024,1024,1024,1024,1024,1024,1024,1024,1024,1024,1024,1024,1024,1024,1024,1024,1024,1024,1024,1024,1024,1024,1024,1024,1024,1024,1024,1024,1024,1024,1024,1024,1024,1024,1024,1024,1024,1024,1024,1023,1022,1021,1020,1019,1018,1016,1014,1012,1010,1008,1005,1003,1001,998,995,993,990,987,985,982,980,977,975,972,970,968,966,964,963,961,960,959,958,957,956,956,956,956,956,957,958,959,960,961,963,964,966,968,970,972,975,977,980,982,985,987,990,993,995,998,1001,1003,1005,1008,1010,1012,1014,1016,1018,1019,1020,1021,1022,1023,1024,1024,1024,1024,1024,1024,1024,1024,1025,1025,1026,1028,1029,1032,1035,1045,1045,1048,1051,1054,1057,1059,1062,1065,1068,1074,1074,1074,1071,1068,1063,1057,1049,1040,1030,1018,1005,991,976,960,943,925,906,887,866,845,823,801,778,755,732,685,685,725,764,803,841,878,914,949,982,1013,1042,1069,1093,1115,1135,1151,1165,1176,1183,1188,1190,1177,1165,1154,1145,1136,1128,1121,1115,1109,1104,1100,1096,1093,1091,1089,1087,1086,1085,1084,1084,1083,1083,1083,1083,1083,1082,1082,1081,1081,1081,1080,1080,1079,1079,1079,1078,1078,1077,1077,1077,1076,1076,1075,1075,1075,1074,1074,1073,1073,1073,1072,1072,1071,1071,1071,1070,1070,1069,1069,1068,1068,1068,1067,1067,1066,1066,1066,1065,1065,1064,1064,1064,1063,1063,1062,1062,1062,1061,1061,1060,1060,1060,1059,1059,1058,1058,1058,1057,1057,1056,1056,1055,1055,1055,1054,1054,1053,1053,1053,1052,1052,1051,1051,1051,1051,1051,1050,1050,1050,1050,1049,1049,1049,1048,1048,1047,1047,1046,1045,1045,1044,1043,1042,1041,1040,1039,1038,1037,1036,1035,1034,1033,1032,1031,1029,1028,1027,1025,1024,1023,1021,1020,1018,1017,1015,1014,1012,1011,1009,1007,1006,1004,1003,1001,999,998,996,994,993,991,990,988,986,985,983,981,980,978,977,975,974,972,971,969,968,966,965,964,962,961,960,958,957,956,955,954,952,951,950,949,948,948,947,946,945,944,944,943,942,942,941,941,940,940,939,939,939,939,938,938,938,938,938,938,939,939,939,940,940,941,942,943,944,945,946,947,948,949,951,952,954,955,957,959,960,962,964,966,968,969,971,973,975,977,979,981,983,985,987,989,991,993,995,997,998,1000,1002,1004,1005,1007,1009,1010,1011,1013,1014,1015,1016,1018,1019,1020,1020,1021,1022,1022,1023,1023,1024,1024,1024,1024,1024,1024,1024,1024,1024,1024,1024,1024,1024,1024,1023,1022,1018,1014,1009,1002,994,985,976,965,953,940,927,913,898,883,867,851,835,819,802,785,769,753,737,721,706,691,677,664,651,639,628,619,610,602,595,590,586,583,581,580,581,585,590,598,608,620,633,649,666,685,704,725,747,769,792,815,838,861,883,905,926,946,964,981,997,1011,1022,1032,1040,1046,1049,1050,1051,1052,1053,1055,1058,1062,1065,1070,1075,1080,1086,1092,1098,1104,1111,1117,1124,1130,1137,1143,1149,1155,1160,1165,1169,1173,1176,1179,1181,1183,1184,1184,1184,1184,1183,1182,1181,1179,1178,1176,1174,1171,1168,1166,1162,1159,1156,1152,1148,1144,1140,1136,1132,1127,1123,1118,1113,1109,1104,1099,1095,1090,1086,1081,1077,1072,1068,1064,1060,1056,1053,1049,1046,1043,1040,1037,1035,1033,1031,1029,1027,1026,1025,1025,1024,1024,1024,1024,1024,1024,1024,1024,1024,1024,1024,1024,1023,1022,1018,1014,1009,1002,994,985,976,965,953,940,927,913,898,883,867,851,835,819,802,785,769,753,737,721,706,691,677,664,651,639,628,619,610,602,595,590,586,583,581,580,581,585,590,598,608,620,633,649,666,685,704,725,747,769,792,815,838,861,883,905,926,946,964,981,997,1011,1022,1032,1040,1046,1049,1050,1051,1052,1053,1055,1058,1062,1065,1070,1075,1080,1086,1092,1098,1104,1111,1117,1124,1130,1137,1143,1149,1155,1160,1165,1169,1173,1176,1179,1181,1183,1184,1184,1184,1184,1183,1182,1181,1179,1178,1176,1174,1171,1168,1166,1162,1159,1156,1152,1148,1144,1140,1136,1132,1127,1123,1118,1113,1109,1104,1099,1095,1090,1086,1081,1077,1072,1068,1064,1060,1056,1053,1049,1046,1043,1040,1037,1035,1033,1031,1029,1027,1026,1025,1025,1024

lead:aVL
count:830
points:1024,1024,1024,1024,1024,1024,1024,1024,1024,1024,1024,1024,1024,1024,1024,1024,1024,1024,1024,1024,1024,1024,1024,1024,1024,1024,1024,1024,1024,1024,1024,1024,1024,1024,1024,1024,1024,1024,1024,1024,1024,1024,1024,1024,1024,1024,1024,1024,1024,1024,1024,1024,1024,1024,1024,1024,1024,1024,1024,1024,1024,1024,1024,1024,1024,1024,1025,1025,1025,1025,1026,1026,1026,1027,1027,1028,1028,1029,1029,1029,1030,1030,1031,1031,1032,1032,1033,1033,1033,1034,1034,1034,1035,1035,1035,1035,1036,1036,1036,1036,1036,1036,1036,1036,1036,1035,1035,1035,1035,1034,1034,1034,1033,1033,1033,1032,1032,1031,1031,1030,1030,1029,1029,1029,1028,1028,1027,1027,1026,1026,1026,1025,1025,1025,1025,1024,1024,1024,1024,1024,1024,1024,1024,1024,1024,1024,1025,1025,1026,1028,1029,1032,1035,1045,1045,1044,1044,1043,1042,1042,1041,1041,1040,1039,1039,1038,1037,1036,1034,1031,1027,1023,1019,1013,1008,1001,994,987,979,971,963,954,945,935,925,915,905,894,884,863,863,883,903,922,942,961,979,996,1013,1029,1044,1057,1070,1081,1091,1099,1106,1112,1115,1118,1119,1110,1102,1095,1089,1083,1078,1073,1069,1065,1062,1059,1057,1054,1053,1051,1050,1049,1049,1048,1048,1048,1048,1048,1048,1047,1047,1047,1046,1046,1046,1046,1045,1045,1045,1044,1044,1044,1044,1043,1043,1043,1042,1042,1042,1041,1041,1041,1041,1040,1040,1040,1039,1039,1039,1038,1038,1038,1038,1037,1037,1037,1036,1036,1036,1036,1035,1035,1035,1034,1034,1034,1033,1033,1033,1033,1032,1032,1032,1031,1031,1031,1031,1030,1030,1030,1029,1029,1029,1028,1028,1028,1028,1027,1027,1027,1026,1026,1026,1025,1025,1025,1025,1024,1024,1024,1024,1024,1024,1024,1024,1024,1024,1024,1024,1024,1024,1024,1024,1025,1025,1025,1025,1025,1025,1025,1025,1025,1025,1025,1026,1026,1026,1026,1026,1026,1026,1027,1027,1027,1027,1027,1027,1027,1028,1028,1028,1028,1028,1028,1029,1029,1029,1029,1029,1029,1030,1030,1030,1030,1030,1030,1031,1031,1031,1031,1031,1031,1032,1032,1032,1032,1032,1032,1033,1033,1033,1033,1033,1033,1033,1034,1034,1034,1034,1034,1034,1034,1034,1035,1035,1035,1035,1035,1035,1035,1035,1035,1035,1035,1035,1036,1036,1036,1036,1036,1036,1036,1036,1036,1036,1036,1036,1036,1036,1036,1036,1036,1036,1036,1035,1035,1035,1035,1035,1035,1035,1034,1034,1034,1034,1034,1033,1033,1033,1033,1033,1032,1032,1032,1032,1031,1031,1031,1030,1030,1030,1030,1029,1029,1029,1029,1028,1028,1028,1028,1027,1027,1027,1027,1026,1026,1026,1026,1026,1025,1025,1025,1025,1025,1025,1025,1024,1024,1024,1024,1024,1024,1024,1024,1024,1024,1024,1024,1024,1024,1024,1024,1024,1024,1024,1024,1023,1022,1020,1017,1014,1011,1007,1002,997,992,987,981,974,968,961,954,947,939,932,925,917,910,903,895,888,882,875,869,863,857,852,847,843,839,835,832,830,828,826,826,825,826,828,830,834,839,845,851,859,867,876,886,896,906,917,928,940,951,962,973,983,993,1003,1012,1020,1028,1034,1040,1045,1049,1052,1053,1054,1054,1054,1055,1056,1057,1058,1060,1062,1064,1066,1069,1071,1074,1076,1079,1082,1085,1087,1090,1093,1095,1098,1100,1102,1104,1105,1107,1108,1109,1110,1110,1110,1110,1110,1110,1109,1108,1108,1107,1106,1104,1103,1102,1100,1098,1097,1095,1093,1091,1089,1086,1084,1082,1079,1077,1075,1072,1070,1067,1065,1062,1060,1057,1055,1052,1050,1048,1046,1043,1041,1039,1038,1036,1034,1033,1031,1030,1029,1028,1027,1026,1025,1025,1024,1024,1024,1024,1024,1024,1024,1024,1024,1024,1024,1024,1024,1024,1023,1022,1020,1017,1014,1011,1007,1002,997,992,987,981,974,968,961,954,947,939,932,925,917,910,903,895,888,882,875,869,863,857,852,847,843,839,835,832,830,828,826,826,825,826,828,830,834,839,845,851,859,867,876,886,896,906,917,928,940,951,962,973,983,993,1003,1012,1020,1028,1034,1040,1045,1049,1052,1053,1054,1054,1054,1055,1056,1057,1058,1060,1062,1064,1066,1069,1071,1074,1076,1079,1082,1085,1087,1090,1093,1095,1098,1100,1102,1104,1105,1107,1108,1109,1110,1110,1110,1110,1110,1110,1109,1108,1108,1107,1106,1104,1103,1102,1100,1098,1097,1095,1093,1091,1089,1086,1084,1082,1079,1077,1075,1072,1070,1067,1065,1062,1060,1057,1055,1052,1050,1048,1046,1043,1041,1039,1038,1036,1034,1033,1031,1030,1029,1028,1027,1026,1025,1025,1024,1024

lead:aVF
count:830
points:1024,1024,1024,1024,1024,1024,1024,1024,1024,1024,1024,1024,1024,1024,1024,1024,1024,1024,1024,1024,1024,1024,1024,1024,1024,1024,1024,1024,1024,1024,1024,1024,1024,1024,1024,1024,1024,1024,1024,1024,1024,1024,1024,1024,1024,1024,1024,1024,1024,1024,1024,1024,1024,1024,1024,1024,1024,1024,1024,1024,1024,1024,1024,1025,1025,1026,1027,1028,1029,1031,1032,1034,1036,1037,1039,1041,1043,1046,1048,1050,1052,1054,1056,1059,1061,1063,1065,1067,1069,1070,1072,1073,1075,1076,1077,1078,1079,1079,1080,1080,1080,1080,1080,1079,1079,1078,1077,1076,1075,1073,1072,1070,1069,1067,1065,1063,1061,1059,1056,1054,1052,1050,1048,1046,1043,1041,1039,1037,1036,1034,1032,1031,1029,1028,1027,1026,1025,1025,1024,1024,1024,1024,1024,1024,1024,1023,1023,1021,1020,1017,1013,1008,1002,983,983,980,978,976,973,971,968,966,964,959,959,960,963,968,975,985,996,1009,1024,1040,1059,1079,1101,1124,1149,1176,1203,1232,1261,1292,1324,1356,1389,1422,1456,1524,1524,1464,1405,1347,1289,1233,1179,1127,1077,1030,987,946,909,876,847,822,801,785,773,766,764,785,805,822,839,853,866,878,889,898,906,913,919,924,928,932,935,937,938,940,940,941,941,941,941,942,943,943,944,945,945,946,947,948,948,949,950,950,951,952,952,953,954,955,955,956,957,957,958,959,959,960,961,962,962,963,964,964,965,966,967,967,968,969,969,970,971,971,972,973,974,974,975,976,976,977,978,978,979,980,981,981,982,983,983,984,985,985,986,987,988,988,989,990,990,991,992,992,993,994,995,995,996,997,997,997,997,998,998,998,998,998,999,999,1000,1000,1000,1001,1002,1002,1003,1003,1004,1005,1006,1006,1007,1008,1009,1010,1011,1012,1013,1014,1015,1016,1018,1019,1020,1021,1023,1024,1025,1026,1028,1029,1030,1032,1033,1035,1036,1037,1039,1040,1042,1043,1045,1046,1048,1049,1051,1052,1053,1055,1056,1058,1059,1061,1062,1063,1065,1066,1068,1069,1070,1071,1073,1074,1075,1076,1078,1079,1080,1081,1082,1083,1084,1085,1086,1087,1088,1089,1090,1090,1091,1092,1093,1093,1094,1094,1095,1095,1096,1096,1097,1097,1097,1097,1098,1098,1098,1098,1098,1098,1098,1098,1097,1097,1096,1096,1095,1095,1094,1093,1092,1091,1090,1089,1088,1087,1086,1085,1083,1082,1080,1079,1077,1076,1074,1073,1071,1069,1068,1066,1064,1063,1061,1059,1058,1056,1054,1052,1051,1049,1048,1046,1044,1043,1041,1040,1039,1037,1036,1035,1034,1033,1031,1030,1030,1029,1028,1027,1026,1026,1025,1025,1025,1024,1024,1024,1024,1024,1024,1024,1024,1024,1024,1024,1024,1024,1024,1025,1028,1032,1038,1046,1056,1067,1080,1094,1110,1127,1145,1164,1185,1206,1228,1251,1274,1297,1321,1345,1369,1393,1417,1440,1463,1485,1506,1526,1546,1564,1581,1597,1611,1624,1635,1644,1652,1659,1663,1666,1667,1665,1660,1651,1640,1625,1607,1587,1564,1538,1510,1481,1449,1417,1383,1349,1315,1280,1246,1213,1180,1149,1119,1092,1066,1043,1022,1004,990,978,970,965,963,962,961,959,956,952,948,942,937,930,923,915,907,899,890,882,873,864,855,847,838,830,823,816,809,803,798,793,789,786,784,783,783,783,783,784,786,788,790,792,795,799,802,806,811,816,820,826,831,837,843,849,855,862,869,875,882,889,896,903,910,917,924,931,938,945,951,957,964,970,975,981,986,991,996,1000,1004,1008,1011,1014,1017,1019,1021,1022,1023,1024,1024,1024,1024,1024,1024,1024,1024,1024,1024,1024,1024,1025,1028,1032,1038,1046,1056,1067,1080,1094,1110,1127,1145,1164,1185,1206,1228,1251,1274,1297,1321,1345,1369,1393,1417,1440,1463,1485,1506,1526,1546,1564,1581,1597,1611,1624,1635,1644,1652,1659,1663,1666,1667,1665,1660,1651,1640,1625,1607,1587,1564,1538,1510,1481,1449,1417,1383,1349,1315,1280,1246,1213,1180,1149,1119,1092,1066,1043,1022,1004,990,978,970,965,963,962,961,959,956,952,948,942,937,930,923,915,907,899,890,882,873,864,855,847,838,830,823,816,809,803,798,793,789,786,784,783,783,783,783,784,786,788,790,792,795,799,802,806,811,816,820,826,831,837,843,849,855,862,869,875,882,889,896,903,910,917,924,931,938,945,951,957,964,970,975,981,986,991,996,1000,1004,1008,1011,1014,1017,1019,1021,1022,1023,1024

lead:V1
count:820
points:1024,1024,1024,1024,1024,1024,1024,1024,1024,1024,1024,1024,1024,1024,1024,1024,1024,1024,1024,1024,1024,1024,1024,1024,1024,1024,1024,1024,1024,1024,1024,1024,1024,1024,1024,1024,1024,1024,1024,1024,1024,1024,1024,1024,1024,1024,1024,1024,1024,1024,1024,1024,1024,1023,1022,1021,1020,1019,1017,1016,1014,1012,1010,1008,1005,1003,1000,998,995,992,990,987,984,982,979,976,974,972,969,967,965,964,962,960,959,958,957,956,956,955,955,955,956,956,957,958,959,960,962,964,965,967,969,972,974,976,979,982,984,987,990,992,995,998,1000,1003,1005,1008,1010,1012,1014,1016,1017,1019,1020,1021,1022,1023,1024,1024,1024,1024,1024,1024,1024,1025,1025,1026,1027,1030,1033,1036,1042,1048,1057,1061,1065,1068,1072,1076,1080,1084,1088,1096,1096,1094,1090,1083,1073,1060,1045,1027,1006,983,957,929,899,866,832,796,757,718,677,634,590,546,500,454,407,313,313,368,423,477,531,583,633,681,727,771,811,849,883,914,941,964,983,998,1009,1018,1018,1019,1020,1021,1022,1023,1024,1025,1025,1026,1026,1027,1027,1027,1028,1028,1028,1028,1028,1028,1028,1028,1028,1028,1028,1029,1029,1030,1030,1030,1031,1031,1032,1032,1033,1033,1033,1034,1034,1035,1035,1035,1036,1036,1037,1037,1037,1038,1038,1039,1039,1039,1040,1040,1041,1041,1041,1042,1042,1043,1043,1043,1044,1044,1045,1045,1045,1046,1046,1047,1047,1047,1048,1048,1049,1049,1049,1050,1050,1051,1051,1051,1052,1052,1053,1053,1054,1054,1054,1055,1055,1056,1056,1056,1057,1057,1058,1058,1058,1059,1059,1060,1060,1061,1061,1061,1061,1061,1061,1061,1061,1061,1062,1062,1062,1062,1063,1063,1064,1064,1064,1065,1065,1066,1066,1067,1067,1068,1069,1069,1070,1070,1071,1072,1073,1073,1074,1075,1076,1077,1077,1078,1079,1080,1081,1082,1083,1083,1084,1085,1086,1087,1088,1089,1090,1091,1092,1093,1094,1095,1096,1097,1098,1099,1100,1101,1102,1102,1103,1104,1105,1106,1107,1108,1109,1110,1110,1111,1112,1113,1114,1114,1115,1116,1117,1117,1118,1119,1119,1120,1120,1121,1122,1122,1123,1123,1123,1124,1124,1125,1125,1125,1126,1126,1126,1126,1126,1127,1127,1127,1127,1127,1127,1127,1127,1126,1126,1126,1125,1124,1123,1123,1122,1120,1119,1118,1117,1115,1114,1112,1110,1108,1106,1105,1103,1101,1098,1096,1094,1092,1090,1087,1085,1083,1080,1078,1075,1073,1071,1068,1066,1064,1061,1059,1057,1055,1053,1050,1048,1046,1044,1043,1041,1039,1037,1036,1034,1033,1032,1031,1029,1028,1027,1027,1026,1025,1025,1024,1024,1024,1024,1024,1024,1023,1023,1023,1023,1023,1023,1022,1022,1007,991,975,960,944,929,914,899,884,869,854,840,826,812,799,786,773,761,748,737,725,715,704,694,685,675,667,659,651,644,638,632,626,621,617,613,610,607,605,604,603,602,603,604,607,610,614,619,624,631,638,647,656,666,676,688,700,712,726,740,754,769,785,801,817,834,851,869,886,904,922,941,959,977,978,979,981,984,988,992,997,1003,1009,1016,1023,1031,1039,1047,1056,1064,1073,1081,1089,1097,1105,1112,1119,1125,1131,1136,1140,1144,1147,1149,1150,1151,1151,1150,1150,1149,1148,1147,1146,1144,1142,1140,1138,1136,1133,1131,1128,1125,1122,1119,1116,1112,1109,1106,1102,1098,1095,1091,1087,1084,1080,1076,1073,1069,1066,1062,1059,1056,1053,1050,1047,1044,1041,1039,1037,1034,1032,1031,1029,1028,1027,1026,1025,1024,1024,1024,1024,1024,1023,1023,1023,1023,1023,1023,1022,1022,1007,991,975,960,944,929,914,899,884,869,854,840,826,812,799,786,773,761,748,737,725,715,704,694,685,675,667,659,651,644,638,632,626,621,617,613,610,607,605,604,603,602,603,604,607,610,614,619,624,631,638,647,656,666,676,688,700,712,726,740,754,769,785,801,817,834,851,869,886,904,922,941,959,977,978,979,981,984,988,992,997,1003,1009,1016,1023,1031,1039,1047,1056,1064,1073,1081,1089,1097,1105,1112,1119,1125,1131,1136,1140,1144,1147,1149,1150,1151,1151,1150,1150,1149,1148,1147,1146,1144,1142,1140,1138,1136,1133,1131,1128,1125,1122,1119,1116,1112,1109,1106,1102,1098,1095,1091,1087,1084,1080,1076,1073,1069,1066,1062,1059,1056,1053,1050,1047,1044,1041,1039,1037,1034,1032,1031,1029,1028,1027,1026,1025,1024,1024

lead:V2
count:820
points:1024,1024,1024,1024,1024,1024,1024,1024,1024,1024,1024,1024,1024,1024,1024,1024,1024,1024,1024,1024,1024,1024,1024,1024,1024,1024,1024,1024,1024,1024,1024,1024,1024,1024,1024,1024,1024,1024,1024,1024,1024,1024,1024,1024,1024,1024,1024,1024,1024,1024,1024,1024,1024,1023,1022,1021,1020,1019,1018,1016,1014,1012,1010,1008,1005,1003,1001,998,995,993,990,987,985,982,980,977,975,972,970,968,966,964,963,961,960,959,958,957,956,956,956,956,956,957,958,959,960,961,963,964,966,968,970,972,975,977,980,982,985,987,990,993,995,998,1001,1003,1005,1008,1010,1012,1014,1016,1018,1019,1020,1021,1022,1023,1024,1024,1024,1024,1024,1024,1024,1024,1025,1025,1026,1028,1029,1032,1035,1039,1045,1048,1051,1054,1057,1059,1062,1065,1068,1074,1074,1073,1070,1065,1058,1048,1037,1024,1009,992,973,952,930,906,881,855,827,798,767,736,704,672,638,604,570,501,501,536,570,604,638,670,702,732,761,789,814,838,859,879,896,910,922,932,938,944,944,949,955,959,964,968,971,974,977,979,982,983,985,986,988,988,989,990,990,991,991,991,991,991,991,991,992,992,993,993,994,994,995,995,996,996,997,997,998,998,999,999,1000,1000,1001,1001,1002,1002,1003,1003,1004,1004,1005,1005,1006,1006,1007,1007,1008,1008,1009,1009,1010,1010,1011,1011,1012,1012,1013,1013,1013,1014,1014,1015,1015,1016,1016,1017,1017,1018,1018,1019,1019,1020,1020,1021,1021,1022,1022,1023,1023,1024,1024,1025,1025,1026,1026,1027,1027,1028,1028,1029,1029,1030,1030,1030,1030,1030,1031,1031,1031,1031,1032,1032,1033,1033,1034,1035,1035,1036,1037,1038,1039,1040,1041,1042,1043,1044,1045,1046,1048,1049,1050,1052,1053,1054,1056,1057,1059,1061,1062,1064,1065,1067,1069,1071,1072,1074,1076,1078,1079,1081,1083,1085,1087,1089,1091,1092,1094,1096,1098,1100,1102,1104,1105,1107,1109,1111,1113,1114,1116,1118,1120,1121,1123,1125,1126,1128,1130,1131,1133,1134,1136,1137,1138,1140,1141,1142,1143,1145,1146,1147,1148,1149,1150,1151,1152,1152,1153,1154,1155,1155,1156,1156,1157,1157,1157,1158,1158,1158,1158,1158,1158,1158,1158,1158,1157,1157,1156,1155,1154,1153,1151,1150,1148,1147,1145,1143,1141,1139,1137,1134,1132,1129,1127,1124,1121,1118,1115,1113,1110,1107,1104,1101,1097,1094,1091,1088,1085,1082,1079,1076,1073,1070,1067,1064,1061,1059,1056,1053,1051,1048,1046,1044,1042,1040,1038,1036,1034,1032,1031,1030,1029,1027,1027,1026,1025,1025,1024,1024,1024,1024,1024,1024,1024,1024,1024,1024,1024,1024,1024,1024,1025,1026,1028,1030,1032,1035,1038,1042,1046,1050,1055,1060,1065,1070,1076,1082,1088,1094,1100,1106,1112,1118,1124,1130,1136,1141,1147,1152,1157,1162,1166,1170,1174,1177,1180,1182,1184,1186,1187,1188,1188,1187,1186,1184,1182,1178,1174,1169,1164,1158,1151,1145,1137,1130,1122,1114,1106,1098,1090,1082,1075,1067,1060,1054,1048,1043,1038,1034,1030,1028,1026,1024,1024,1024,1024,1023,1022,1021,1020,1018,1017,1015,1013,1010,1008,1006,1003,1001,998,996,993,991,989,986,984,982,980,979,977,976,975,974,973,973,973,973,973,973,973,974,974,975,976,976,977,978,979,980,981,982,983,984,986,987,988,990,991,992,994,995,997,998,1000,1001,1003,1004,1006,1007,1009,1010,1011,1012,1014,1015,1016,1017,1018,1019,1020,1021,1021,1022,1022,1023,1023,1024,1024,1024,1024,1024,1024,1024,1024,1024,1024,1024,1024,1024,1024,1024,1025,1026,1028,1030,1032,1035,1038,1042,1046,1050,1055,1060,1065,1070,1076,1082,1088,1094,1100,1106,1112,1118,1124,1130,1136,1141,1147,1152,1157,1162,1166,1170,1174,1177,1180,1182,1184,1186,1187,1188,1188,1187,1186,1184,1182,1178,1174,1169,1164,1158,1151,1145,1137,1130,1122,1114,1106,1098,1090,1082,1075,1067,1060,1054,1048,1043,1038,1034,1030,1028,1026,1024,1024,1024,1024,1023,1022,1021,1020,1018,1017,1015,1013,1010,1008,1006,1003,1001,998,996,993,991,989,986,984,982,980,979,977,976,975,974,973,973,973,973,973,973,973,974,974,975,976,976,977,978,979,980,981,982,983,984,986,987,988,990,991,992,994,995,997,998,1000,1001,1003,1004,1006,1007,1009,1010,1011,1012,1014,1015,1016,1017,1018,1019,1020,1021,1021,1022,1022,1023,1023,1024,1024,1024

lead:V3
count:820
points:1024,1024,1024,1024,1024,1024,1024,1024,1024,1024,1024,1024,1024,1024,1024,1024,1024,1024,1024,1024,1024,1024,1024,1024,1024,1024,1024,1024,1024,1024,1024,1024,1024,1024,1024,1024,1024,1024,1024,1024,1024,1024,1024,1024,1024,1024,1024,1024,1024,1024,1024,1024,1024,1023,1023,1022,1021,1020,1019,1017,1016,1014,1012,1010,1008,1006,1004,1002,1000,998,995,993,991,989,987,985,983,981,979,977,975,974,972,971,970,969,968,968,967,967,967,967,967,968,968,969,970,971,972,974,975,977,979,981,983,985,987,989,991,993,995,998,1000,1002,1004,1006,1008,1010,1012,1014,1016,1017,1019,1020,1021,1022,1023,1023,1024,1024,1024,1024,1024,1024,1024,1024,1024,1024,1025,1025,1025,1026,1027,1028,1030,1031,1033,1034,1036,1037,1039,1040,1042,1045,1045,1045,1043,1041,1037,1033,1027,1021,1013,1005,996,986,975,964,952,939,925,911,897,882,866,850,834,818,801,768,768,777,786,794,803,811,820,827,835,842,848,854,860,865,869,873,876,879,880,882,882,891,899,907,914,920,926,931,936,940,943,946,949,951,953,954,956,957,957,958,958,958,958,958,958,959,959,960,960,961,961,962,962,963,963,964,964,965,965,966,966,967,967,968,968,969,969,970,970,971,971,972,972,973,973,974,974,975,975,976,976,977,977,978,978,979,979,980,980,981,981,982,982,983,983,984,984,985,985,986,987,987,988,988,989,989,990,990,991,991,992,992,993,993,994,994,995,995,996,996,997,997,998,999,999,999,999,999,999,999,1000,1000,1001,1001,1002,1003,1004,1005,1006,1007,1008,1009,1010,1011,1013,1014,1015,1017,1019,1020,1022,1024,1025,1027,1029,1031,1033,1035,1037,1039,1041,1044,1046,1048,1050,1053,1055,1057,1060,1062,1064,1067,1069,1072,1074,1077,1079,1082,1084,1087,1089,1092,1094,1097,1099,1101,1104,1106,1109,1111,1113,1116,1118,1120,1123,1125,1127,1129,1131,1133,1135,1137,1139,1141,1143,1145,1146,1148,1150,1151,1153,1154,1156,1157,1158,1159,1161,1162,1163,1164,1165,1165,1166,1167,1167,1168,1168,1169,1169,1169,1170,1170,1170,1170,1169,1169,1169,1168,1167,1166,1165,1164,1162,1161,1159,1157,1155,1153,1151,1148,1146,1143,1141,1138,1135,1132,1129,1126,1123,1120,1117,1114,1110,1107,1104,1100,1097,1094,1090,1087,1083,1080,1077,1074,1071,1067,1064,1061,1059,1056,1053,1050,1048,1045,1043,1041,1039,1037,1035,1033,1032,1030,1029,1028,1027,1026,1025,1025,1024,1024,1024,1028,1041,1061,1087,1114,1142,1168,1188,1201,1205,1182,1160,1137,1115,1093,1071,1049,1027,1006,985,964,944,923,904,884,866,847,829,812,795,779,763,748,734,720,707,695,683,672,662,653,644,636,629,623,618,613,609,606,604,603,602,623,643,663,683,702,722,741,760,778,796,814,831,847,863,878,893,907,920,932,944,955,965,974,982,989,995,1001,1005,1009,1011,1013,1013,1013,1014,1015,1016,1018,1020,1022,1025,1028,1032,1035,1039,1043,1047,1051,1055,1059,1063,1067,1071,1074,1078,1081,1084,1087,1089,1091,1093,1094,1095,1096,1096,1096,1096,1096,1095,1095,1094,1093,1092,1091,1090,1089,1088,1086,1085,1083,1082,1080,1078,1076,1074,1072,1070,1068,1066,1064,1062,1060,1058,1056,1054,1052,1050,1048,1046,1044,1042,1040,1039,1037,1035,1034,1032,1031,1030,1029,1028,1027,1026,1026,1025,1025,1024,1024,1024,1028,1041,1061,1087,1114,1142,1168,1188,1201,1205,1182,1160,1137,1115,1093,1071,1049,1027,1006,985,964,944,923,904,884,866,847,829,812,795,779,763,748,734,720,707,695,683,672,662,653,644,636,629,623,618,613,609,606,604,603,602,623,643,663,683,702,722,741,760,778,796,814,831,847,863,878,893,907,920,932,944,955,965,974,982,989,995,1001,1005,1009,1011,1013,1013,1013,1014,1015,1016,1018,1020,1022,1025,1028,1032,1035,1039,1043,1047,1051,1055,1059,1063,1067,1071,1074,1078,1081,1084,1087,1089,1091,1093,1094,1095,1096,1096,1096,1096,1096,1095,1095,1094,1093,1092,1091,1090,1089,1088,1086,1085,1083,1082,1080,1078,1076,1074,1072,1070,1068,1066,1064,1062,1060,1058,1056,1054,1052,1050,1048,1046,1044,1042,1040,1039,1037,1035,1034,1032,1031,1030,1029,1028,1027,1026,1026,1025,1025,1024,1024

lead:V4
count:820
points:1024,1024,1024,1024,1024,1024,1024,1024,1024,1024,1024,1024,1024,1024,1024,1024,1024,1024,1024,1024,1024,1024,1024,1024,1024,1024,1024,1024,1024,1024,1024,1024,1024,1024,1024,1024,1024,1024,1024,1024,1024,1024,1024,1024,1024,1024,1024,1024,1024,1024,1024,1024,1024,1023,1023,1023,1022,1021,1020,1020,1019,1018,1016,1015,1014,1013,1011,1010,1008,1007,1006,1004,1003,1001,1000,998,997,996,995,994,992,991,991,990,989,988,988,988,987,987,987,987,987,988,988,988,989,990,991,991,992,994,995,996,997,998,1000,1001,1003,1004,1006,1007,1008,1010,1011,1013,1014,1015,1016,1018,1019,1020,1020,1021,1022,1023,1023,1023,1024,1024,1024,1024,1024,1024,1024,1024,1024,1023,1023,1022,1021,1020,1018,1016,1013,1013,1013,1013,1013,1013,1013,1012,1012,1012,1012,1012,1013,1013,1014,1015,1017,1018,1020,1022,1024,1027,1029,1032,1035,1039,1042,1045,1049,1053,1057,1061,1065,1069,1073,1081,1081,1062,1043,1025,1007,989,972,955,940,925,911,898,886,876,867,859,852,847,843,840,840,852,862,872,880,888,895,902,907,912,916,920,923,926,928,930,932,933,934,934,935,935,935,935,935,936,936,937,937,937,938,938,939,939,940,940,941,941,941,942,942,943,943,944,944,944,945,945,946,946,947,947,948,948,948,949,949,950,950,951,951,951,952,952,953,953,954,954,954,955,955,956,956,957,957,958,958,958,959,959,960,960,961,961,961,962,962,963,963,964,964,964,965,965,966,966,967,967,968,968,968,969,969,970,970,970,970,971,971,971,972,972,973,973,974,975,976,977,978,979,980,981,983,984,986,987,989,990,992,994,996,998,1000,1002,1004,1006,1008,1010,1013,1015,1017,1020,1022,1025,1027,1030,1032,1035,1037,1040,1043,1045,1048,1051,1053,1056,1059,1062,1064,1067,1070,1073,1075,1078,1081,1083,1086,1089,1091,1094,1097,1099,1102,1104,1107,1109,1112,1114,1116,1118,1121,1123,1125,1127,1129,1131,1133,1135,1137,1138,1140,1142,1143,1145,1146,1147,1149,1150,1151,1152,1153,1154,1155,1155,1156,1157,1157,1158,1158,1158,1158,1159,1159,1159,1158,1158,1157,1157,1156,1155,1154,1153,1152,1150,1149,1147,1145,1143,1141,1139,1137,1134,1132,1129,1127,1124,1121,1119,1116,1113,1110,1107,1104,1101,1098,1094,1091,1088,1085,1082,1079,1076,1073,1070,1067,1064,1061,1059,1056,1053,1051,1048,1046,1044,1042,1040,1038,1036,1034,1033,1031,1030,1029,1027,1027,1026,1025,1025,1024,1024,1024,1032,1056,1094,1141,1193,1245,1292,1330,1354,1362,1361,1358,1354,1347,1339,1329,1318,1305,1290,1274,1257,1238,1218,1197,1176,1153,1130,1106,1082,1057,1033,1008,984,959,936,912,890,868,847,827,809,791,775,760,747,736,726,718,711,707,704,703,718,733,748,763,778,792,807,821,834,848,861,874,886,898,909,920,931,941,950,959,967,974,981,987,992,997,1001,1004,1007,1009,1010,1010,1010,1011,1012,1013,1015,1017,1020,1023,1026,1029,1033,1036,1040,1044,1048,1053,1057,1061,1065,1069,1073,1076,1079,1082,1085,1088,1090,1092,1093,1094,1095,1095,1095,1095,1094,1094,1093,1093,1092,1091,1090,1089,1088,1087,1085,1084,1082,1081,1079,1077,1075,1073,1072,1070,1068,1066,1064,1062,1059,1057,1055,1053,1051,1049,1047,1045,1044,1042,1040,1038,1037,1035,1034,1032,1031,1030,1029,1028,1027,1026,1025,1025,1025,1024,1024,1024,1032,1056,1094,1141,1193,1245,1292,1330,1354,1362,1361,1358,1354,1347,1339,1329,1318,1305,1290,1274,1257,1238,1218,1197,1176,1153,1130,1106,1082,1057,1033,1008,984,959,936,912,890,868,847,827,809,791,775,760,747,736,726,718,711,707,704,703,718,733,748,763,778,792,807,821,834,848,861,874,886,898,909,920,931,941,950,959,967,974,981,987,992,997,1001,1004,1007,1009,1010,1010,1010,1011,1012,1013,1015,1017,1020,1023,1026,1029,1033,1036,1040,1044,1048,1053,1057,1061,1065,1069,1073,1076,1079,1082,1085,1088,1090,1092,1093,1094,1095,1095,1095,1095,1094,1094,1093,1093,1092,1091,1090,1089,1088,1087,1085,1084,1082,1081,1079,1077,1075,1073,1072,1070,1068,1066,1064,1062,1059,1057,1055,1053,1051,1049,1047,1045,1044,1042,1040,1038,1037,1035,1034,1032,1031,1030,1029,1028,1027,1026,1025,1025,1025,1024,1024

lead:V5
count:820
points:1024,1024,1024,1024,1024,1024,1024,1024,1024,1024,1024,1024,1024,1024,1024,1024,1024,1024,1024,1024,1024,1024,1024,1024,1024,1024,1024,1024,1024,1024,1024,1024,1024,1024,1024,1024,1024,1024,1024,1024,1024,1024,1024,1024,1024,1024,1024,1024,1024,1024,1024,1024,1024,1024,1024,1024,1023,1023,1023,1023,1022,1022,1022,1021,1021,1020,1020,1020,1019,1019,1018,1018,1017,1017,1016,1016,1015,1015,1015,1014,1014,1014,1013,1013,1013,1013,1013,1012,1012,1012,1012,1012,1012,1012,1013,1013,1013,1013,1013,1014,1014,1014,1015,1015,1015,1016,1016,1017,1017,1018,1018,1019,1019,1020,1020,1020,1021,1021,1022,1022,1022,1023,1023,1023,1023,1024,1024,1024,1024,1024,1024,1024,1024,1024,1024,1024,1023,1022,1021,1020,1017,1014,1010,1005,999,997,995,994,992,990,988,987,985,982,982,982,984,988,993,1000,1007,1017,1027,1039,1052,1066,1081,1098,1115,1134,1153,1173,1194,1216,1238,1261,1284,1307,1331,1379,1379,1336,1293,1250,1209,1168,1129,1091,1055,1021,989,960,933,909,888,870,855,843,834,828,828,839,850,860,869,877,885,891,897,902,907,911,914,917,919,921,923,924,925,925,926,926,926,926,926,926,927,927,927,928,928,928,929,929,929,930,930,930,930,931,931,931,932,932,932,933,933,933,933,934,934,934,935,935,935,936,936,936,937,937,937,937,938,938,938,939,939,939,940,940,940,940,941,941,941,942,942,942,943,943,943,944,944,944,944,945,945,945,946,946,946,947,947,947,948,948,948,948,949,949,949,950,950,951,951,951,951,951,951,951,952,952,953,954,954,955,956,957,958,959,960,961,962,964,965,967,968,970,971,973,975,976,978,980,982,984,986,988,990,993,995,997,999,1002,1004,1006,1009,1011,1014,1016,1019,1021,1024,1026,1029,1031,1034,1036,1039,1042,1044,1047,1049,1052,1054,1057,1059,1062,1064,1067,1069,1072,1074,1076,1079,1081,1083,1085,1088,1090,1092,1094,1096,1098,1100,1101,1103,1105,1107,1108,1110,1111,1113,1114,1115,1117,1118,1119,1120,1121,1122,1123,1124,1124,1125,1125,1126,1126,1127,1127,1127,1127,1127,1127,1127,1127,1126,1126,1125,1125,1124,1123,1122,1121,1120,1118,1117,1115,1114,1112,1110,1109,1107,1105,1103,1101,1099,1097,1094,1092,1090,1087,1085,1083,1080,1078,1076,1073,1071,1069,1066,1064,1062,1059,1057,1055,1053,1051,1048,1046,1045,1043,1041,1039,1037,1036,1034,1033,1032,1031,1029,1028,1027,1027,1026,1025,1025,1024,1024,1024,1024,1035,1066,1115,1176,1244,1312,1374,1422,1454,1464,1464,1461,1457,1451,1443,1434,1423,1411,1397,1382,1366,1349,1330,1311,1291,1270,1248,1226,1203,1180,1157,1134,1112,1089,1067,1045,1024,1004,984,966,949,932,917,904,892,881,872,864,858,854,851,850,859,867,876,884,892,901,909,917,924,932,939,947,954,960,967,973,979,984,989,994,999,1003,1007,1010,1013,1016,1018,1020,1022,1023,1023,1024,1024,1024,1025,1026,1028,1030,1032,1034,1037,1040,1043,1046,1049,1053,1056,1060,1063,1067,1070,1074,1077,1080,1083,1085,1088,1090,1092,1093,1094,1095,1096,1096,1096,1096,1095,1095,1094,1094,1093,1092,1091,1090,1089,1088,1086,1085,1083,1081,1080,1078,1076,1074,1072,1070,1068,1066,1064,1062,1060,1058,1056,1054,1052,1050,1048,1046,1044,1042,1040,1038,1037,1035,1034,1032,1031,1030,1029,1028,1027,1026,1026,1025,1025,1024,1024,1024,1035,1066,1115,1176,1244,1312,1374,1422,1454,1464,1464,1461,1457,1451,1443,1434,1424,1412,1398,1383,1367,1350,1331,1312,1292,1271,1250,1228,1205,1183,1160,1137,1115,1092,1070,1049,1028,1008,988,970,953,937,922,908,896,886,877,869,863,859,856,856,864,872,880,888,896,904,912,920,927,935,942,949,956,962,968,974,980,985,990,995,1000,1004,1007,1011,1014,1016,1019,1020,1022,1023,1023,1024,1024,1024,1025,1026,1028,1030,1032,1034,1037,1040,1043,1046,1049,1053,1056,1060,1063,1067,1070,1074,1077,1080,1083,1085,1088,1090,1092,1093,1094,1095,1096,1096,1096,1096,1095,1095,1094,1094,1093,1092,1091,1090,1089,1088,1086,1085,1083,1081,1080,1078,1076,1074,1072,1070,1068,1066,1064,1062,1060,1058,1056,1054,1052,1050,1048,1046,1044,1042,1040,1038,1037,1035,1034,1032,1031,1030,1029,1028,1027,1026,1026,1025,1025,1024,1024

lead:V6
count:830
points:1024,1024,1024,1024,1024,1024,1024,1024,1024,1024,1024,1024,1024,1024,1024,1024,1024,1024,1024,1024,1024,1024,1024,1024,1024,1024,1024,1024,1024,1024,1024,1024,1024,1024,1024,1024,1024,1024,1024,1024,1024,1024,1024,1024,1024,1024,1024,1024,1024,1024,1024,1024,1024,1024,1024,1024,1024,1024,1024,1024,1024,1024,1024,1024,1024,1025,1025,1025,1025,1026,1026,1027,1027,1028,1028,1029,1029,1030,1030,1031,1032,1032,1033,1033,1034,1035,1035,1036,1036,1037,1037,1038,1038,1038,1039,1039,1039,1039,1039,1039,1039,1039,1039,1039,1039,1039,1039,1038,1038,1038,1037,1037,1036,1036,1035,1035,1034,1033,1033,1032,1032,1031,1030,1030,1029,1029,1028,1028,1027,1027,1026,1026,1025,1025,1025,1025,1024,1024,1024,1024,1024,1024,1024,1024,1024,1023,1023,1022,1020,1018,1015,1010,1005,988,988,985,982,979,976,973,970,967,964,957,957,959,962,968,977,988,1001,1016,1034,1053,1075,1099,1125,1152,1182,1213,1245,1279,1314,1350,1387,1425,1464,1503,1543,1623,1623,1562,1501,1441,1383,1325,1270,1216,1166,1118,1073,1031,993,959,930,904,883,866,854,847,845,855,865,874,881,889,895,901,906,911,915,918,921,923,926,927,929,930,930,931,931,932,932,932,932,932,932,932,932,932,933,933,933,933,933,933,933,934,934,934,934,934,934,934,934,935,935,935,935,935,935,935,935,936,936,936,936,936,936,936,936,937,937,937,937,937,937,937,937,938,938,938,938,938,938,938,938,939,939,939,939,939,939,939,940,940,940,940,940,940,940,940,941,941,941,941,941,941,941,941,942,942,942,942,942,942,942,942,943,943,943,944,944,944,945,946,946,947,948,949,949,950,951,952,953,955,956,957,958,960,961,962,964,965,967,968,970,972,973,975,977,978,980,982,984,986,988,989,991,993,995,997,999,1001,1003,1005,1007,1009,1011,1013,1015,1017,1019,1021,1023,1025,1027,1029,1031,1033,1035,1037,1039,1040,1042,1044,1046,1047,1049,1051,1052,1054,1056,1057,1059,1060,1061,1063,1064,1065,1067,1068,1069,1070,1071,1072,1073,1074,1075,1075,1076,1077,1077,1078,1078,1079,1079,1080,1080,1080,1080,1080,1080,1080,1080,1080,1080,1080,1079,1079,1078,1078,1077,1077,1076,1075,1075,1074,1073,1072,1071,1070,1069,1068,1067,1066,1065,1064,1062,1061,1060,1059,1057,1056,1055,1053,1052,1051,1050,1048,1047,1046,1044,1043,1042,1041,1040,1038,1037,1036,1035,1034,1033,1032,1031,1030,1030,1029,1028,1028,1027,1026,1026,1025,1025,1025,1024,1024,1024,1024,1024,1025,1029,1036,1045,1058,1075,1097,1126,1168,1280,1280,1281,1283,1285,1288,1291,1295,1299,1304,1309,1315,1321,1328,1335,1342,1350,1358,1366,1374,1382,1390,1398,1406,1415,1423,1430,1438,1445,1452,1459,1465,1471,1476,1481,1485,1489,1493,1495,1497,1499,1500,1500,1456,1414,1374,1338,1304,1272,1243,1216,1191,1168,1148,1129,1112,1096,1082,1070,1059,1050,1042,1035,1029,1024,1020,1016,1014,1012,1011,1010,1009,1009,1009,1009,1009,1009,1008,1008,1008,1007,1006,1005,1004,1002,999,997,994,990,985,980,976,971,967,964,961,959,957,956,955,954,953,953,953,952,952,952,952,953,953,953,954,954,955,956,957,958,959,961,962,964,965,967,968,970,972,974,976,978,980,982,984,986,988,990,992,994,996,998,1000,1002,1004,1006,1008,1010,1011,1013,1014,1016,1017,1018,1019,1020,1021,1022,1022,1023,1023,1024,1024,1024,1025,1029,1036,1045,1058,1075,1097,1126,1168,1280,1280,1281,1283,1285,1288,1291,1295,1299,1304,1309,1315,1321,1328,1335,1342,1350,1358,1366,1374,1382,1390,1398,1406,1415,1423,1430,1438,1445,1452,1459,1465,1471,1476,1481,1485,1489,1493,1495,1497,1499,1500,1500,1456,1414,1374,1338,1304,1272,1243,1216,1191,1168,1148,1129,1112,1096,1082,1070,1059,1050,1042,1035,1029,1024,1020,1016,1014,1012,1011,1010,1009,1009,1009,1009,1009,1009,1008,1008,1008,1007,1006,1005,1004,1002,999,997,994,990,985,980,976,971,967,964,961,959,957,956,955,954,953,953,953,952,952,952,952,953,953,953,954,954,955,956,957,958,959,961,962,964,965,967,968,970,972,974,976,978,980,982,984,986,988,990,992,994,996,998,1000,1002,1004,1006,1008,1010,1011,1013,1014,1016,1017,1018,1019,1020,1021,1022,1022,1023,1023,1024,1024

