pathology:sinlongqt
group:syndromes
title:The prolongation of the QT interval in sinus rhythm aVF ES2
name:Синусовый ритм с удлинением QT-интервала
leads:12

lead:I
count:920
points:1024,1024,1024,1025,1025,1026,1026,1027,1028,1029,1030,1032,1033,1034,1036,1038,1039,1041,1043,1045,1047,1049,1051,1053,1055,1057,1059,1061,1064,1066,1068,1070,1071,1073,1075,1077,1078,1080,1082,1083,1084,1085,1086,1087,1088,1089,1090,1090,1090,1090,1091,1090,1090,1090,1090,1089,1088,1087,1086,1085,1084,1083,1082,1080,1078,1077,1075,1073,1071,1070,1068,1066,1064,1061,1059,1057,1055,1053,1051,1049,1047,1045,1043,1041,1039,1038,1036,1034,1033,1032,1030,1029,1028,1027,1026,1026,1025,1025,1024,1024,1024,1024,1024,1024,1024,1024,1024,1024,1024,1024,1024,1024,1024,1024,1024,1024,1024,1024,1024,1024,1024,1024,1024,1024,1024,1024,1024,1024,1024,1024,1024,1024,1023,1023,1023,1023,1022,1022,1022,1021,1021,1020,1020,1019,1018,1017,1016,1015,1014,1012,1011,1009,1008,1004,1004,1001,999,997,995,993,991,989,987,985,983,999,1015,1031,1048,1064,1080,1096,1112,1128,1145,1161,1177,1193,1209,1225,1241,1258,1274,1290,1306,1322,1338,1354,1371,1403,1403,1390,1377,1364,1352,1339,1326,1313,1301,1288,1276,1263,1251,1239,1227,1215,1203,1191,1180,1168,1157,1146,1135,1124,1113,1103,1093,1083,1073,1063,1054,1044,1035,1027,1018,1010,1002,994,987,980,973,966,960,954,948,942,937,932,928,923,919,916,912,909,906,904,902,900,899,897,897,896,896,902,908,914,920,925,931,936,941,945,950,954,958,962,966,970,974,977,980,983,986,989,991,994,996,999,1001,1003,1005,1006,1008,1010,1011,1012,1014,1015,1016,1017,1018,1019,1019,1020,1021,1021,1022,1022,1022,1023,1023,1023,1023,1024,1024,1024,1024,1024,1024,1024,1024,1024,1024,1024,1024,1024,1024,1024,1024,1024,1024,1024,1024,1024,1024,1024,1024,1024,1024,1024,1024,1024,1024,1024,1024,1024,1024,1024,1024,1024,1024,1024,1024,1024,1024,1024,1024,1024,1024,1024,1024,1024,1024,1024,1024,1024,1024,1024,1024,1024,1024,1024,1024,1024,1024,1024,1024,1024,1024,1024,1024,1024,1024,1024,1024,1024,1024,1024,1024,1024,1024,1024,1024,1024,1024,1024,1024,1025,1025,1025,1026,1026,1026,1027,1028,1028,1029,1030,1030,1031,1032,1033,1034,1035,1036,1037,1038,1039,1040,1041,1043,1044,1045,1047,1048,1049,1051,1052,1054,1055,1057,1058,1060,1062,1063,1065,1066,1068,1070,1072,1073,1075,1077,1078,1080,1082,1084,1085,1087,1089,1091,1092,1094,1096,1098,1099,1101,1103,1104,1106,1108,1109,1111,1113,1114,1116,1117,1119,1120,1122,1123,1124,1126,1127,1128,1130,1131,1132,1133,1134,1135,1136,1137,1138,1139,1140,1141,1141,1142,1143,1143,1144,1144,1145,1145,1146,1146,1146,1146,1147,1147,1147,1147,1147,1147,1146,1146,1145,1145,1144,1143,1142,1140,1139,1138,1136,1134,1133,1131,1129,1127,1125,1122,1120,1118,1115,1113,1110,1108,1105,1102,1100,1097,1094,1091,1088,1085,1083,1080,1077,1074,1071,1069,1066,1063,1061,1058,1056,1053,1051,1048,1046,1044,1042,1040,1038,1036,1035,1033,1032,1030,1029,1028,1027,1026,1026,1025,1025,1024,1024,1024,1024,1024,1024,1024,1024,1024,1024,1024,1024,1024,1024,1024,1024,1024,1024,1024,1024,1024,1024,1024,1024,1024,1024,1024,1024,1024,1024,1024,1024,1024,1024,1025,1026,1028,1030,1032,1035,1038,1042,1046,1050,1055,1060,1065,1070,1076,1082,1088,1094,1100,1106,1112,1118,1124,1130,1136,1141,1147,1152,1157,1162,1166,1170,1174,1177,1180,1182,1184,1186,1187,1188,1188,1187,1186,1184,1182,1178,1174,1169,1164,1158,1151,1145,1137,1130,1122,1114,1106,1098,1090,1082,1075,1067,1060,1054,1048,1043,1038,1034,1030,1028,1026,1024,1024,1024,1024,1023,1022,1021,1020,1018,1017,1015,1013,1010,1008,1006,1003,1001,998,996,993,991,989,986,984,982,980,979,977,976,975,974,973,973,973,973,973,973,973,974,974,975,976,976,977,978,979,980,981,982,983,984,986,987,988,990,991,992,994,995,997,998,1000,1001,1003,1004,1006,1007,1009,1010,1011,1012,1014,1015,1016,1017,1018,1019,1020,1021,1021,1022,1022,1023,1023,1024,1024,1024,1024,1024,1024,1024,1024,1024,1024,1024,1024,1024,1024,1024,1025,1026,1028,1030,1032,1035,1038,1042,1046,1050,1055,1060,1065,1070,1076,1082,1088,1094,1100,1106,1112,1118,1124,1130,1136,1141,1147,1152,1157,1162,1166,1170,1174,1177,1180,1182,1184,1186,1187,1188,1188,1187,1186,1184,1182,1178,1174,1169,1164,1158,1151,1145,1137,1130,1122,1114,1106,1098,1090,1082,1075,1067,1060,1054,1048,1043,1038,1034,1030,1028,1026,1024,1024,1024,1024,1023,1022,1021,1020,1018,1017,1015,1013,1010,1008,1006,1003,1001,998,996,993,991,989,986,984,982,980,979,977,976,975,974,973,973,973,973,973,973,973,974,974,975,976,976,977,978,979,980,981,982,983,984,986,987,988,990,991,992,994,995,997,998,1000,1001,1003,1004,1006,1007,1009,1010,1011,1012,1014,1015,1016,1017,1018,1019,1020,1021,1021,1022,1022,1023,1023,1024,1024,1024

lead:II
count:920
points:1024,1024,1024,1025,1026,1027,1028,1029,1030,1032,1034,1036,1038,1040,1043,1045,1048,1051,1053,1056,1059,1062,1066,1069,1072,1075,1078,1082,1085,1088,1091,1094,1097,1100,1103,1105,1108,1110,1113,1115,1117,1118,1120,1122,1123,1124,1125,1125,1126,1126,1126,1126,1126,1125,1125,1124,1123,1122,1120,1118,1117,1115,1113,1110,1108,1105,1103,1100,1097,1094,1091,1088,1085,1082,1078,1075,1072,1069,1066,1062,1059,1056,1053,1051,1048,1045,1043,1040,1038,1036,1034,1032,1030,1029,1028,1027,1026,1025,1024,1024,1024,1024,1024,1024,1024,1024,1024,1024,1024,1024,1024,1024,1024,1024,1024,1024,1024,1024,1024,1024,1024,1024,1024,1024,1024,1024,1024,1024,1024,1024,1023,1023,1023,1023,1022,1022,1021,1021,1020,1019,1018,1017,1016,1015,1013,1012,1010,1008,1006,1004,1001,998,995,988,988,983,977,971,966,960,954,949,943,937,932,958,983,1009,1035,1061,1087,1112,1138,1164,1190,1216,1241,1267,1293,1319,1345,1370,1396,1422,1448,1474,1499,1525,1551,1603,1603,1585,1568,1550,1533,1515,1498,1481,1463,1446,1429,1412,1396,1379,1363,1346,1330,1314,1298,1283,1267,1252,1237,1222,1208,1193,1179,1166,1152,1139,1126,1114,1102,1090,1078,1067,1056,1045,1035,1025,1016,1007,998,990,982,974,967,961,954,949,943,938,933,929,926,922,919,917,915,913,912,911,911,917,922,927,932,937,942,946,951,955,959,963,966,970,973,976,980,983,985,988,991,993,995,998,1000,1002,1004,1005,1007,1008,1010,1011,1013,1014,1015,1016,1017,1018,1018,1019,1020,1020,1021,1021,1022,1022,1023,1023,1023,1023,1023,1024,1024,1024,1024,1024,1024,1024,1024,1024,1024,1024,1024,1024,1024,1024,1024,1024,1024,1024,1024,1024,1024,1024,1024,1024,1024,1024,1024,1024,1024,1024,1024,1024,1024,1024,1024,1024,1024,1024,1024,1024,1024,1024,1024,1024,1024,1024,1024,1024,1024,1024,1024,1024,1024,1024,1024,1024,1024,1024,1024,1024,1024,1024,1024,1024,1024,1024,1024,1024,1024,1024,1024,1024,1024,1024,1024,1024,1024,1024,1024,1024,1024,1024,1025,1025,1025,1026,1026,1027,1027,1028,1029,1030,1030,1031,1032,1033,1035,1036,1037,1038,1040,1041,1043,1044,1046,1047,1049,1051,1052,1054,1056,1058,1060,1062,1064,1066,1068,1070,1072,1074,1076,1078,1081,1083,1085,1087,1090,1092,1094,1097,1099,1101,1104,1106,1108,1111,1113,1115,1118,1120,1122,1124,1127,1129,1131,1133,1136,1138,1140,1142,1144,1146,1148,1150,1152,1154,1156,1158,1160,1161,1163,1165,1166,1168,1169,1171,1172,1174,1175,1176,1177,1178,1179,1180,1181,1182,1183,1184,1185,1185,1186,1186,1187,1187,1187,1188,1188,1188,1188,1188,1187,1187,1186,1186,1185,1184,1182,1181,1179,1177,1176,1174,1171,1169,1166,1164,1161,1158,1155,1152,1149,1146,1142,1139,1136,1132,1128,1125,1121,1117,1113,1110,1106,1102,1098,1095,1091,1087,1084,1080,1076,1073,1069,1066,1063,1060,1057,1054,1051,1048,1045,1043,1041,1038,1036,1034,1033,1031,1030,1028,1027,1026,1025,1025,1024,1024,1024,1024,1024,1024,1024,1024,1024,1024,1024,1024,1024,1024,1024,1024,1024,1024,1024,1024,1024,1024,1024,1024,1024,1024,1024,1024,1024,1024,1024,1024,1024,1025,1028,1033,1040,1049,1060,1072,1087,1103,1120,1139,1160,1182,1204,1228,1253,1279,1305,1331,1358,1385,1412,1439,1465,1491,1517,1542,1565,1588,1610,1630,1650,1667,1683,1698,1710,1721,1730,1737,1742,1745,1746,1744,1738,1729,1716,1700,1680,1658,1632,1604,1573,1540,1506,1470,1433,1395,1357,1319,1281,1244,1208,1173,1141,1110,1082,1056,1033,1014,997,984,975,970,968,967,966,963,960,955,950,944,937,929,921,912,903,893,883,873,863,852,842,832,823,813,804,796,789,782,775,770,766,762,760,758,758,758,759,760,761,763,766,769,772,776,780,784,789,794,800,805,811,818,824,831,838,845,853,860,868,875,883,891,899,906,914,922,929,936,944,951,957,964,970,976,982,988,993,998,1002,1006,1010,1013,1016,1018,1020,1022,1023,1024,1024,1024,1024,1024,1024,1024,1024,1024,1024,1024,1024,1025,1028,1033,1040,1049,1060,1072,1087,1103,1120,1139,1160,1182,1204,1228,1253,1279,1305,1331,1358,1385,1412,1439,1465,1491,1517,1542,1565,1588,1610,1630,1650,1667,1683,1698,1710,1721,1730,1737,1742,1745,1746,1744,1738,1729,1716,1700,1680,1658,1632,1604,1573,1540,1506,1470,1433,1395,1357,1319,1281,1244,1208,1173,1141,1110,1082,1056,1033,1014,997,984,975,970,968,967,966,963,960,955,950,944,937,929,921,912,903,893,883,873,863,852,842,832,823,813,804,796,789,782,775,770,766,762,760,758,758,758,759,760,761,763,766,769,772,776,780,784,789,794,800,805,811,818,824,831,838,845,853,860,868,875,883,891,899,906,914,922,929,936,944,951,957,964,970,976,982,988,993,998,1002,1006,1010,1013,1016,1018,1020,1022,1023,1024

lead:III
count:920
points:1024,1024,1024,1024,1025,1025,1025,1026,1026,1027,1027,1028,1029,1030,1030,1031,1032,1033,1034,1035,1036,1037,1039,1040,1041,1042,1043,1044,1045,1046,1047,1049,1050,1051,1052,1052,1053,1054,1055,1056,1056,1057,1058,1058,1059,1059,1059,1060,1060,1060,1060,1060,1060,1060,1059,1059,1059,1058,1058,1057,1056,1056,1055,1054,1053,1052,1052,1051,1050,1049,1047,1046,1045,1044,1043,1042,1041,1040,1039,1037,1036,1035,1034,1033,1032,1031,1030,1030,1029,1028,1027,1027,1026,1026,1025,1025,1025,1024,1024,1024,1024,1024,1024,1024,1024,1024,1024,1024,1024,1024,1024,1024,1024,1024,1024,1024,1024,1024,1024,1024,1024,1024,1024,1024,1024,1024,1024,1024,1024,1024,1024,1024,1024,1023,1023,1023,1023,1023,1022,1022,1022,1021,1021,1020,1019,1019,1018,1017,1016,1015,1014,1013,1012,1009,1009,1005,1001,998,994,991,987,984,980,976,973,982,992,1002,1011,1021,1031,1040,1050,1060,1069,1079,1089,1098,1108,1118,1127,1137,1146,1156,1166,1175,1185,1195,1204,1224,1224,1219,1214,1210,1205,1200,1196,1191,1187,1182,1177,1173,1169,1164,1160,1155,1151,1147,1143,1138,1134,1130,1126,1122,1118,1115,1111,1107,1104,1100,1097,1093,1090,1087,1084,1081,1078,1075,1072,1070,1067,1065,1063,1060,1058,1056,1054,1053,1051,1049,1048,1046,1045,1044,1043,1042,1041,1041,1040,1040,1040,1039,1039,1039,1038,1037,1036,1036,1035,1035,1034,1033,1033,1032,1032,1031,1031,1030,1030,1030,1029,1029,1029,1028,1028,1028,1027,1027,1027,1027,1026,1026,1026,1026,1026,1025,1025,1025,1025,1025,1025,1025,1025,1024,1024,1024,1024,1024,1024,1024,1024,1024,1024,1024,1024,1024,1024,1024,1024,1024,1024,1024,1024,1024,1024,1024,1024,1024,1024,1024,1024,1024,1024,1024,1024,1024,1024,1024,1024,1024,1024,1024,1024,1024,1024,1024,1024,1024,1024,1024,1024,1024,1024,1024,1024,1024,1024,1024,1024,1024,1024,1024,1024,1024,1024,1024,1024,1024,1024,1024,1024,1024,1024,1024,1024,1024,1024,1024,1024,1024,1024,1024,1024,1024,1024,1024,1024,1024,1024,1024,1024,1024,1024,1024,1024,1024,1024,1024,1024,1024,1025,1025,1025,1025,1025,1025,1026,1026,1026,1026,1027,1027,1027,1028,1028,1028,1029,1029,1029,1030,1030,1031,1031,1032,1032,1032,1033,1033,1034,1034,1035,1035,1036,1037,1037,1038,1038,1039,1039,1040,1040,1041,1042,1042,1043,1043,1044,1044,1045,1046,1046,1047,1047,1048,1049,1049,1050,1050,1051,1051,1052,1052,1053,1054,1054,1055,1055,1056,1056,1057,1057,1057,1058,1058,1059,1059,1060,1060,1060,1061,1061,1061,1062,1062,1062,1063,1063,1063,1063,1064,1064,1064,1064,1064,1064,1065,1065,1065,1065,1065,1065,1065,1065,1065,1065,1065,1065,1064,1064,1064,1064,1063,1063,1062,1062,1061,1061,1060,1060,1059,1058,1058,1057,1056,1055,1054,1054,1053,1052,1051,1050,1049,1048,1047,1046,1045,1044,1044,1043,1042,1041,1040,1039,1038,1037,1036,1035,1035,1034,1033,1032,1031,1031,1030,1029,1029,1028,1028,1027,1027,1026,1026,1025,1025,1025,1025,1024,1024,1024,1024,1024,1024,1024,1024,1024,1024,1024,1024,1024,1024,1024,1024,1024,1024,1024,1024,1024,1024,1024,1024,1024,1024,1024,1024,1024,1024,1024,1024,1024,1024,1024,1025,1027,1031,1036,1043,1052,1061,1072,1085,1098,1113,1129,1146,1164,1182,1201,1221,1241,1261,1282,1303,1324,1345,1365,1385,1405,1424,1443,1460,1477,1493,1508,1521,1534,1545,1554,1563,1570,1575,1579,1581,1582,1581,1576,1569,1559,1546,1530,1512,1492,1470,1446,1420,1392,1364,1335,1305,1275,1245,1215,1186,1157,1130,1104,1080,1058,1037,1019,1004,991,981,974,969,968,967,966,964,962,958,954,950,944,939,932,926,919,911,904,896,888,881,873,865,858,851,844,838,832,827,822,818,815,812,810,809,809,809,810,811,812,813,815,818,820,823,827,830,834,838,843,847,852,857,863,868,874,880,886,892,898,904,910,916,923,929,935,941,947,953,959,965,970,976,981,986,990,995,999,1003,1006,1010,1013,1015,1018,1019,1021,1022,1023,1024,1024,1024,1024,1024,1024,1024,1024,1024,1024,1024,1024,1025,1027,1031,1036,1043,1052,1061,1072,1085,1098,1113,1129,1146,1164,1182,1201,1221,1241,1261,1282,1303,1324,1345,1365,1385,1405,1424,1443,1460,1477,1493,1508,1521,1534,1545,1554,1563,1570,1575,1579,1581,1582,1581,1576,1569,1559,1546,1530,1512,1492,1470,1446,1420,1392,1364,1335,1305,1275,1245,1215,1186,1157,1130,1104,1080,1058,1037,1019,1004,991,981,974,969,968,967,966,965,962,959,956,952,947,942,936,930,924,917,910,903,896,888,881,874,867,860,853,847,840,835,830,825,821,817,814,812,810,809,809,809,810,811,812,814,816,818,821,824,828,832,836,840,845,850,855,861,867,872,878,884,891,897,904,910,916,923,929,936,942,948,955,961,966,972,978,983,988,993,997,1001,1005,1008,1012,1015,1017,1019,1021,1022,1023,1024

lead:aVR
count:920
points:1024,1024,1024,1023,1022,1022,1021,1019,1018,1016,1015,1013,1011,1009,1006,1004,1001,999,996,993,990,987,984,981,978,975,972,969,966,963,960,957,954,952,949,947,944,942,940,938,936,934,932,931,930,929,928,927,927,927,926,927,927,927,928,929,930,931,932,934,936,938,940,942,944,947,949,952,954,957,960,963,966,969,972,975,978,981,984,987,990,993,996,999,1001,1004,1006,1009,1011,1013,1015,1016,1018,1019,1021,1022,1022,1023,1024,1024,1024,1024,1024,1024,1024,1024,1024,1024,1024,1024,1024,1024,1024,1024,1024,1024,1024,1024,1024,1024,1024,1024,1024,1024,1024,1024,1024,1024,1024,1024,1025,1025,1025,1025,1026,1026,1026,1027,1028,1028,1029,1030,1031,1032,1034,1035,1037,1038,1040,1042,1045,1047,1050,1057,1057,1061,1065,1070,1074,1079,1083,1088,1092,1096,1101,1077,1052,1028,1004,980,956,931,907,883,859,834,810,786,762,738,713,689,665,641,617,592,568,544,520,471,471,489,506,524,541,559,576,593,610,628,645,662,678,695,711,728,744,760,776,791,807,822,837,852,866,881,895,908,922,935,948,960,973,984,996,1007,1018,1029,1039,1049,1058,1067,1076,1084,1092,1100,1107,1114,1120,1126,1131,1136,1141,1145,1149,1152,1155,1157,1159,1161,1162,1163,1163,1156,1149,1143,1137,1131,1125,1120,1114,1109,1104,1100,1095,1091,1087,1083,1079,1075,1072,1068,1065,1062,1059,1057,1054,1052,1049,1047,1045,1043,1041,1040,1038,1037,1035,1034,1033,1032,1031,1030,1029,1028,1028,1027,1027,1026,1026,1025,1025,1025,1025,1024,1024,1024,1024,1024,1024,1024,1024,1024,1024,1024,1024,1024,1024,1024,1024,1024,1024,1024,1024,1024,1024,1024,1024,1024,1024,1024,1024,1024,1024,1024,1024,1024,1024,1024,1024,1024,1024,1024,1024,1024,1024,1024,1024,1024,1024,1024,1024,1024,1024,1024,1024,1024,1024,1024,1024,1024,1024,1024,1024,1024,1024,1024,1024,1024,1024,1024,1024,1024,1024,1024,1024,1024,1024,1024,1024,1024,1024,1024,1024,1024,1024,1024,1023,1023,1023,1022,1022,1021,1021,1020,1019,1018,1017,1017,1016,1014,1013,1012,1011,1010,1008,1007,1005,1004,1002,1001,999,997,995,994,992,990,988,986,984,982,980,978,976,973,971,969,967,965,962,960,958,955,953,951,948,946,944,941,939,937,934,932,929,927,925,922,920,918,916,913,911,909,907,905,903,901,898,896,895,893,891,889,887,885,884,882,880,879,877,876,874,873,872,870,869,868,867,866,865,864,863,863,862,861,861,860,860,859,859,859,859,858,858,859,859,859,860,861,862,863,864,866,867,869,871,873,875,878,880,883,885,888,891,894,898,901,904,908,911,915,919,922,926,930,934,937,941,945,949,953,956,960,964,968,971,975,978,982,985,988,991,994,997,1000,1002,1005,1007,1010,1012,1014,1015,1017,1018,1020,1021,1022,1023,1023,1024,1024,1024,1024,1024,1024,1024,1024,1024,1024,1024,1024,1024,1024,1024,1024,1024,1024,1024,1024,1024,1024,1024,1024,1024,1024,1024,1024,1024,1024,1024,1024,1024,1023,1022,1018,1014,1009,1002,994,985,976,965,953,940,927,913,898,883,867,851,835,819,802,785,769,753,737,721,706,691,677,664,651,639,628,619,610,602,595,590,586,583,581,580,581,585,590,598,608,620,633,649,666,685,704,725,747,769,792,815,838,861,883,905,926,946,964,981,997,1011,1022,1032,1040,1046,1049,1050,1051,1052,1053,1055,1058,1062,1065,1070,1075,1080,1086,1092,1098,1104,1111,1117,1124,1130,1137,1143,1149,1155,1160,1165,1169,1173,1176,1179,1181,1183,1184,1184,1184,1184,1183,1182,1181,1179,1178,1176,1174,1171,1168,1166,1162,1159,1156,1152,1148,1144,1140,1136,1132,1127,1123,1118,1113,1109,1104,1099,1095,1090,1086,1081,1077,1072,1068,1064,1060,1056,1053,1049,1046,1043,1040,1037,1035,1033,1031,1029,1027,1026,1025,1025,1024,1024,1024,1024,1024,1024,1024,1024,1024,1024,1024,1024,1023,1022,1018,1014,1009,1002,994,985,976,965,953,940,927,913,898,883,867,851,835,819,802,785,769,753,737,721,706,691,677,664,651,639,628,619,610,602,595,590,586,583,581,580,581,585,590,598,608,620,633,649,666,685,704,725,747,769,792,815,838,861,883,905,926,946,964,981,997,1011,1022,1032,1040,1046,1049,1050,1051,1052,1053,1055,1058,1062,1065,1070,1075,1080,1086,1092,1098,1104,1111,1117,1124,1130,1137,1143,1149,1155,1160,1165,1169,1173,1176,1179,1181,1183,1184,1184,1184,1184,1183,1182,1181,1179,1178,1176,1174,1171,1168,1166,1162,1159,1156,1152,1148,1144,1140,1136,1132,1127,1123,1118,1113,1109,1104,1099,1095,1090,1086,1081,1077,1072,1068,1064,1060,1056,1053,1049,1046,1043,1040,1037,1035,1033,1031,1029,1027,1026,1025,1025,1024

lead:aVL
count:920
points:1024,1024,1024,1024,1024,1024,1025,1025,1025,1025,1026,1026,1026,1027,1027,1028,1028,1029,1029,1030,1030,1031,1031,1032,1032,1033,1033,1034,1035,1035,1036,1036,1037,1037,1038,1038,1039,1039,1039,1040,1040,1040,1041,1041,1041,1041,1041,1042,1042,1042,1042,1042,1042,1042,1041,1041,1041,1041,1041,1040,1040,1040,1039,1039,1039,1038,1038,1037,1037,1036,1036,1035,1035,1034,1033,1033,1032,1032,1031,1031,1030,1030,1029,1029,1028,1028,1027,1027,1026,1026,1026,1025,1025,1025,1025,1024,1024,1024,1024,1024,1024,1024,1024,1024,1024,1024,1024,1024,1024,1024,1024,1024,1024,1024,1024,1024,1024,1024,1024,1024,1024,1024,1024,1024,1024,1024,1024,1024,1024,1024,1024,1024,1024,1024,1024,1024,1024,1024,1024,1024,1024,1023,1023,1023,1023,1023,1023,1023,1023,1022,1022,1022,1022,1021,1021,1022,1023,1024,1025,1025,1026,1027,1028,1029,1030,1034,1037,1041,1045,1049,1052,1056,1060,1064,1067,1071,1075,1079,1082,1086,1090,1094,1097,1101,1105,1109,1112,1116,1120,1127,1127,1123,1118,1113,1109,1104,1099,1095,1090,1085,1081,1076,1072,1067,1063,1058,1054,1050,1045,1041,1037,1033,1029,1025,1021,1017,1013,1010,1006,1003,999,996,992,989,986,983,980,977,975,972,969,967,965,962,960,958,956,955,953,951,950,948,947,946,945,944,943,943,942,942,941,941,941,945,949,953,957,960,964,967,970,973,976,979,982,984,987,989,991,994,996,998,999,1001,1003,1005,1006,1008,1009,1010,1011,1013,1014,1015,1016,1016,1017,1018,1019,1019,1020,1020,1021,1021,1022,1022,1022,1023,1023,1023,1023,1023,1024,1024,1024,1024,1024,1024,1024,1024,1024,1024,1024,1024,1024,1024,1024,1024,1024,1024,1024,1024,1024,1024,1024,1024,1024,1024,1024,1024,1024,1024,1024,1024,1024,1024,1024,1024,1024,1024,1024,1024,1024,1024,1024,1024,1024,1024,1024,1024,1024,1024,1024,1024,1024,1024,1024,1024,1024,1024,1024,1024,1024,1024,1024,1024,1024,1024,1024,1024,1024,1024,1024,1024,1024,1024,1024,1024,1024,1024,1024,1024,1024,1024,1024,1024,1024,1024,1024,1024,1025,1025,1025,1025,1025,1026,1026,1026,1026,1027,1027,1027,1028,1028,1029,1029,1029,1030,1030,1031,1031,1032,1032,1033,1033,1034,1034,1035,1035,1036,1037,1037,1038,1038,1039,1040,1040,1041,1042,1042,1043,1044,1044,1045,1046,1046,1047,1048,1048,1049,1050,1050,1051,1052,1052,1053,1054,1054,1055,1056,1056,1057,1057,1058,1059,1059,1060,1060,1061,1062,1062,1063,1063,1064,1064,1065,1065,1066,1066,1066,1067,1067,1068,1068,1068,1069,1069,1069,1069,1070,1070,1070,1070,1071,1071,1071,1071,1071,1071,1071,1071,1071,1071,1071,1071,1071,1071,1071,1070,1070,1070,1069,1069,1068,1068,1067,1067,1066,1065,1064,1064,1063,1062,1061,1060,1059,1058,1057,1056,1055,1054,1053,1052,1051,1050,1049,1048,1047,1045,1044,1043,1042,1041,1040,1039,1038,1037,1036,1035,1034,1033,1033,1032,1031,1030,1029,1029,1028,1028,1027,1026,1026,1026,1025,1025,1025,1024,1024,1024,1024,1024,1024,1024,1024,1024,1024,1024,1024,1024,1024,1024,1024,1024,1024,1024,1024,1024,1024,1024,1024,1024,1024,1024,1024,1024,1024,1024,1024,1024,1024,1024,1024,1023,1022,1020,1017,1014,1011,1007,1002,997,992,987,981,974,968,961,954,947,939,932,925,917,910,903,895,888,882,875,869,863,857,852,847,843,839,835,832,830,828,826,826,825,826,828,830,834,839,845,851,859,867,876,886,896,906,917,928,940,951,962,973,983,993,1003,1012,1020,1028,1034,1040,1045,1049,1052,1053,1054,1054,1054,1055,1056,1057,1058,1060,1062,1064,1066,1069,1071,1074,1076,1079,1082,1085,1087,1090,1093,1095,1098,1100,1102,1104,1105,1107,1108,1109,1110,1110,1110,1110,1110,1110,1109,1108,1108,1107,1106,1104,1103,1102,1100,1098,1097,1095,1093,1091,1089,1086,1084,1082,1079,1077,1075,1072,1070,1067,1065,1062,1060,1057,1055,1052,1050,1048,1046,1043,1041,1039,1038,1036,1034,1033,1031,1030,1029,1028,1027,1026,1025,1025,1024,1024,1024,1024,1024,1024,1024,1024,1024,1024,1024,1024,1024,1024,1023,1022,1020,1017,1014,1011,1007,1002,997,992,987,981,974,968,961,954,947,939,932,925,917,910,903,895,888,882,875,869,863,857,852,847,843,839,835,832,830,828,826,826,825,826,827,829,832,836,841,846,853,860,867,875,884,893,902,912,922,932,942,952,962,972,982,991,1000,1009,1017,1025,1032,1038,1043,1048,1052,1055,1057,1058,1059,1059,1059,1060,1061,1063,1064,1066,1069,1071,1073,1076,1079,1082,1085,1087,1090,1093,1096,1098,1101,1103,1105,1106,1108,1109,1110,1110,1110,1110,1110,1110,1109,1108,1108,1107,1106,1104,1103,1102,1100,1098,1097,1095,1093,1091,1089,1086,1084,1082,1079,1077,1075,1072,1070,1067,1065,1062,1060,1057,1055,1052,1050,1048,1046,1043,1041,1039,1038,1036,1034,1033,1031,1030,1029,1028,1027,1026,1025,1025,1024,1024

lead:aVF
count:920
points:1024,1024,1024,1025,1025,1026,1027,1028,1029,1030,1032,1033,1035,1037,1038,1040,1043,1045,1047,1049,1052,1054,1056,1059,1061,1064,1066,1069,1071,1074,1076,1079,1081,1083,1085,1087,1089,1091,1093,1095,1096,1098,1099,1100,1101,1102,1103,1103,1103,1104,1104,1104,1103,1103,1103,1102,1101,1100,1099,1098,1096,1095,1093,1091,1089,1087,1085,1083,1081,1079,1076,1074,1071,1069,1066,1064,1061,1059,1056,1054,1052,1049,1047,1045,1043,1040,1038,1037,1035,1033,1032,1030,1029,1028,1027,1026,1025,1025,1024,1024,1024,1024,1024,1024,1024,1024,1024,1024,1024,1024,1024,1024,1024,1024,1024,1024,1024,1024,1024,1024,1024,1024,1024,1024,1024,1024,1024,1024,1024,1024,1023,1023,1023,1023,1023,1022,1022,1021,1021,1020,1019,1018,1018,1016,1015,1014,1013,1011,1009,1007,1005,1003,1000,994,994,989,984,978,973,968,963,957,952,947,941,962,982,1003,1023,1044,1064,1084,1105,1125,1146,1166,1187,1207,1228,1248,1269,1289,1310,1330,1351,1371,1391,1412,1432,1473,1473,1461,1448,1435,1422,1409,1397,1384,1372,1359,1347,1334,1322,1310,1298,1286,1274,1262,1251,1239,1228,1217,1206,1195,1185,1174,1164,1154,1144,1134,1125,1116,1107,1098,1090,1082,1074,1066,1058,1051,1044,1038,1031,1025,1019,1014,1009,1004,999,995,991,987,984,981,978,976,974,972,970,969,968,968,968,971,973,976,978,981,983,985,987,990,991,993,995,997,999,1000,1002,1003,1005,1006,1007,1009,1010,1011,1012,1013,1014,1015,1015,1016,1017,1018,1018,1019,1019,1020,1020,1021,1021,1022,1022,1022,1022,1023,1023,1023,1023,1023,1024,1024,1024,1024,1024,1024,1024,1024,1024,1024,1024,1024,1024,1024,1024,1024,1024,1024,1024,1024,1024,1024,1024,1024,1024,1024,1024,1024,1024,1024,1024,1024,1024,1024,1024,1024,1024,1024,1024,1024,1024,1024,1024,1024,1024,1024,1024,1024,1024,1024,1024,1024,1024,1024,1024,1024,1024,1024,1024,1024,1024,1024,1024,1024,1024,1024,1024,1024,1024,1024,1024,1024,1024,1024,1024,1024,1024,1024,1024,1024,1024,1024,1024,1024,1024,1024,1024,1025,1025,1025,1026,1026,1026,1027,1027,1028,1029,1029,1030,1031,1032,1032,1033,1034,1035,1036,1037,1038,1040,1041,1042,1043,1044,1046,1047,1048,1050,1051,1053,1054,1056,1057,1059,1060,1062,1063,1065,1066,1068,1070,1071,1073,1075,1076,1078,1080,1081,1083,1085,1086,1088,1090,1092,1093,1095,1097,1098,1100,1101,1103,1105,1106,1108,1109,1111,1112,1114,1115,1116,1118,1119,1121,1122,1123,1124,1126,1127,1128,1129,1130,1131,1132,1133,1134,1135,1135,1136,1137,1138,1138,1139,1139,1140,1140,1141,1141,1141,1142,1142,1142,1142,1142,1142,1142,1142,1142,1141,1141,1140,1139,1138,1137,1136,1135,1133,1132,1130,1129,1127,1125,1123,1121,1119,1117,1114,1112,1109,1107,1104,1102,1099,1097,1094,1091,1089,1086,1083,1080,1078,1075,1072,1070,1067,1064,1062,1059,1057,1054,1052,1050,1047,1045,1043,1041,1039,1038,1036,1034,1033,1031,1030,1029,1028,1027,1026,1026,1025,1025,1024,1024,1024,1024,1024,1024,1024,1024,1024,1024,1024,1024,1024,1024,1024,1024,1024,1024,1024,1024,1024,1024,1024,1024,1024,1024,1024,1024,1024,1024,1024,1024,1024,1025,1028,1032,1038,1046,1056,1067,1080,1094,1110,1127,1145,1164,1185,1206,1228,1251,1274,1297,1321,1345,1369,1393,1417,1440,1463,1485,1506,1526,1546,1564,1581,1597,1611,1624,1635,1644,1652,1659,1663,1666,1667,1665,1660,1651,1640,1625,1607,1587,1564,1538,1510,1481,1449,1417,1383,1349,1315,1280,1246,1213,1180,1149,1119,1092,1066,1043,1022,1004,990,978,970,965,963,962,961,959,956,952,948,942,937,930,923,915,907,899,890,882,873,864,855,847,838,830,823,816,809,803,798,793,789,786,784,783,783,783,783,784,786,788,790,792,795,799,802,806,811,816,820,826,831,837,843,849,855,862,869,875,882,889,896,903,910,917,924,931,938,945,951,957,964,970,975,981,986,991,996,1000,1004,1008,1011,1014,1017,1019,1021,1022,1023,1024,1024,1024,1024,1024,1024,1024,1024,1024,1024,1024,1024,1025,1028,1032,1038,1046,1056,1067,1080,1094,1110,1127,1145,1164,1185,1206,1228,1251,1274,1297,1321,1345,1369,1393,1417,1440,1463,1485,1506,1526,1546,1564,1581,1597,1611,1624,1635,1644,1652,1659,1663,1666,1667,1665,1660,1651,1640,1625,1607,1587,1564,1538,1510,1481,1449,1417,1383,1349,1315,1280,1246,1213,1180,1149,1119,1092,1066,1043,1022,1004,990,978,970,965,963,962,961,959,956,952,948,942,937,930,923,915,907,899,890,882,873,864,855,847,838,830,823,816,809,803,798,793,789,786,784,783,783,783,783,784,786,788,790,792,795,799,802,806,811,816,820,826,831,837,843,849,855,862,869,875,882,889,896,903,910,917,924,931,938,945,951,957,964,970,975,981,986,991,996,1000,1004,1008,1011,1014,1017,1019,1021,1022,1023,1024

lead:V1
count:920
points:1024,1024,1024,1024,1025,1025,1025,1026,1026,1027,1027,1028,1028,1029,1030,1031,1032,1032,1033,1034,1035,1036,1037,1038,1039,1040,1041,1042,1043,1044,1045,1046,1047,1048,1049,1050,1051,1051,1052,1053,1054,1054,1055,1055,1055,1056,1056,1056,1057,1057,1057,1057,1057,1056,1056,1056,1055,1055,1055,1054,1054,1053,1052,1051,1051,1050,1049,1048,1047,1046,1045,1044,1043,1042,1041,1040,1039,1038,1037,1036,1035,1034,1033,1032,1032,1031,1030,1029,1028,1028,1027,1027,1026,1026,1025,1025,1025,1024,1024,1024,1024,1024,1024,1024,1024,1024,1024,1024,1024,1024,1024,1024,1024,1024,1024,1024,1024,1024,1024,1024,1024,1024,1024,1024,1024,1024,1024,1024,1024,1025,1025,1025,1025,1026,1026,1027,1027,1028,1029,1030,1031,1032,1033,1035,1036,1038,1040,1043,1045,1048,1051,1054,1058,1066,1066,1071,1075,1080,1085,1089,1094,1099,1103,1108,1113,1081,1048,1016,984,951,919,887,855,822,790,758,726,693,661,629,596,564,532,500,467,435,403,371,338,274,274,298,323,347,370,393,416,438,460,482,503,523,544,563,583,602,621,639,657,674,691,708,724,740,756,771,785,800,813,827,840,852,865,877,888,899,910,920,930,939,948,957,965,973,980,987,994,1000,1006,1011,1016,1021,1025,1029,1033,1036,1038,1040,1042,1044,1045,1045,1045,1045,1044,1044,1043,1043,1042,1042,1041,1041,1040,1040,1040,1039,1039,1039,1038,1038,1038,1037,1037,1037,1037,1036,1036,1036,1036,1035,1035,1035,1035,1035,1035,1035,1034,1034,1034,1034,1034,1034,1034,1034,1034,1034,1034,1034,1034,1034,1034,1034,1034,1034,1034,1033,1033,1033,1033,1033,1033,1033,1033,1033,1033,1032,1032,1032,1031,1031,1031,1030,1030,1030,1029,1029,1029,1028,1028,1028,1027,1027,1027,1026,1026,1026,1025,1025,1025,1024,1024,1024,1023,1023,1023,1022,1022,1022,1021,1021,1021,1020,1020,1020,1019,1019,1019,1018,1018,1018,1017,1017,1017,1016,1016,1016,1015,1015,1015,1014,1014,1014,1013,1013,1012,1012,1012,1011,1011,1011,1010,1010,1010,1007,1004,1002,999,996,994,991,988,986,983,980,978,975,972,970,967,964,962,959,957,954,951,949,946,944,941,939,936,934,931,929,927,924,922,919,917,915,912,910,908,906,903,901,899,897,895,892,890,888,886,884,882,880,878,876,874,873,871,869,867,865,864,862,860,859,857,856,854,853,851,850,848,847,845,844,843,842,840,839,838,837,836,835,834,833,832,831,830,830,829,828,827,827,826,825,825,824,824,823,823,823,822,822,822,822,821,821,821,821,821,821,822,822,823,824,825,826,828,830,832,834,836,839,842,844,848,851,854,858,861,865,869,873,877,882,886,890,895,899,904,909,913,918,923,927,932,937,941,946,950,955,959,964,968,972,976,980,984,987,991,994,998,1001,1004,1006,1009,1011,1013,1015,1017,1019,1020,1021,1022,1023,1024,1024,1024,1024,1024,1024,1024,1024,1024,1024,1024,1024,1024,1024,1024,1024,1024,1024,1024,1024,1024,1024,1024,1024,1024,1024,1024,1024,1024,1024,1024,1024,1024,1008,993,977,961,946,930,915,900,885,870,855,841,827,813,800,787,774,761,749,737,726,715,705,694,685,676,667,659,651,644,638,632,626,621,617,613,610,607,605,604,603,602,603,604,607,610,614,619,624,631,638,646,655,665,676,687,699,712,725,739,753,768,783,799,816,832,849,867,884,902,920,938,956,975,983,992,1001,1009,1017,1026,1034,1042,1050,1058,1065,1072,1080,1086,1093,1099,1105,1111,1116,1121,1126,1130,1134,1137,1140,1143,1145,1147,1149,1150,1150,1151,1151,1150,1150,1149,1148,1147,1146,1144,1142,1140,1138,1136,1133,1131,1128,1125,1122,1119,1116,1112,1109,1106,1102,1098,1095,1091,1087,1084,1080,1076,1073,1069,1066,1062,1059,1056,1053,1050,1047,1044,1041,1039,1037,1034,1032,1031,1029,1028,1027,1026,1025,1024,1024,1024,1024,1024,1024,1024,1024,1024,1024,1024,1024,1024,1008,993,977,961,946,930,915,900,885,870,855,841,827,813,800,787,774,761,749,737,726,715,705,694,685,676,667,659,651,644,638,632,626,621,617,613,610,607,605,604,603,602,603,604,607,610,614,619,624,631,638,646,655,665,676,687,699,712,725,739,753,768,783,799,816,832,849,867,884,902,920,938,956,975,983,992,1001,1009,1017,1026,1034,1042,1050,1058,1065,1072,1080,1086,1093,1099,1105,1111,1116,1121,1126,1130,1134,1137,1140,1143,1145,1147,1149,1150,1150,1151,1151,1150,1150,1149,1148,1147,1146,1144,1142,1140,1138,1136,1133,1131,1128,1125,1122,1119,1116,1112,1109,1106,1102,1098,1095,1091,1087,1084,1080,1076,1073,1069,1066,1062,1059,1056,1053,1050,1047,1044,1041,1039,1037,1034,1032,1031,1029,1028,1027,1026,1025,1024,1024

lead:V2
count:920
points:1024,1024,1024,1024,1025,1025,1026,1027,1027,1028,1029,1030,1032,1033,1034,1036,1037,1039,1040,1042,1043,1045,1047,1049,1050,1052,1054,1056,1057,1059,1061,1063,1064,1066,1067,1069,1070,1071,1073,1074,1075,1076,1077,1078,1078,1079,1079,1080,1080,1080,1080,1080,1080,1080,1079,1079,1078,1078,1077,1076,1075,1074,1073,1071,1070,1069,1067,1066,1064,1063,1061,1059,1057,1056,1054,1052,1050,1049,1047,1045,1043,1042,1040,1039,1037,1036,1034,1033,1032,1030,1029,1028,1027,1027,1026,1025,1025,1024,1024,1024,1024,1024,1024,1024,1024,1024,1024,1024,1024,1024,1024,1024,1024,1024,1024,1024,1024,1024,1024,1024,1024,1024,1024,1024,1024,1024,1024,1024,1024,1024,1025,1025,1025,1025,1026,1026,1026,1027,1027,1028,1029,1030,1031,1032,1033,1034,1036,1038,1039,1041,1044,1046,1049,1055,1055,1058,1062,1065,1069,1073,1076,1080,1083,1087,1091,1067,1044,1021,998,974,951,928,905,881,858,835,812,788,765,742,719,696,672,649,626,603,579,556,533,486,486,504,521,537,554,570,585,601,616,631,646,660,674,688,702,715,728,741,753,765,777,789,800,811,822,833,843,853,862,872,881,890,898,906,914,922,929,937,943,950,956,962,968,974,979,984,988,993,997,1000,1004,1007,1010,1013,1015,1017,1019,1021,1022,1023,1023,1024,1024,1025,1025,1025,1026,1026,1027,1027,1028,1028,1028,1029,1029,1029,1030,1030,1030,1030,1031,1031,1031,1031,1032,1032,1032,1032,1032,1033,1033,1033,1033,1033,1033,1033,1033,1033,1034,1034,1034,1034,1034,1034,1034,1034,1034,1034,1034,1034,1034,1034,1034,1034,1034,1034,1034,1034,1034,1034,1034,1034,1034,1034,1034,1033,1033,1032,1032,1032,1031,1031,1031,1030,1030,1029,1029,1029,1028,1028,1028,1027,1027,1027,1026,1026,1025,1025,1025,1024,1024,1024,1023,1023,1023,1022,1022,1021,1021,1021,1020,1020,1020,1019,1019,1019,1018,1018,1017,1017,1017,1016,1016,1016,1015,1015,1014,1014,1014,1013,1013,1013,1012,1012,1012,1011,1011,1010,1010,1010,1009,1009,1009,1007,1005,1004,1002,1000,999,997,995,994,992,990,989,987,985,984,982,980,979,977,975,974,972,971,969,967,966,964,963,961,960,958,957,955,954,952,951,949,948,946,945,944,942,941,939,938,937,935,934,933,932,930,929,928,927,925,924,923,922,921,920,919,917,916,915,914,913,912,911,910,910,909,908,907,906,905,904,904,903,902,902,901,900,900,899,898,898,897,897,896,896,895,895,894,894,894,893,893,893,892,892,892,892,891,891,891,891,891,891,891,891,891,891,892,892,893,893,894,895,897,898,899,901,903,904,906,908,910,913,915,917,920,922,925,928,931,933,936,939,942,945,948,951,954,957,961,964,967,970,973,976,979,981,984,987,990,992,995,998,1000,1002,1005,1007,1009,1011,1012,1014,1016,1017,1018,1020,1021,1021,1022,1023,1023,1024,1024,1024,1024,1024,1024,1024,1024,1024,1024,1024,1024,1024,1024,1024,1024,1024,1024,1024,1024,1024,1024,1024,1024,1024,1024,1024,1024,1024,1024,1024,1024,1024,1007,990,973,956,939,923,906,890,873,858,842,826,811,796,782,767,753,740,727,714,702,690,679,668,657,647,638,629,621,613,606,600,594,589,584,580,576,573,571,570,569,568,569,570,573,576,581,586,593,600,608,617,627,638,650,662,676,690,705,720,736,753,770,788,806,824,843,863,882,902,922,942,963,983,990,998,1005,1012,1019,1026,1033,1040,1047,1053,1059,1066,1071,1077,1083,1088,1093,1098,1102,1106,1110,1114,1117,1120,1123,1125,1127,1129,1130,1131,1131,1132,1131,1131,1131,1130,1129,1128,1127,1126,1124,1123,1121,1119,1117,1115,1112,1110,1107,1105,1102,1099,1096,1093,1090,1087,1084,1081,1078,1075,1072,1068,1065,1062,1059,1056,1054,1051,1048,1046,1043,1041,1039,1037,1035,1033,1031,1030,1028,1027,1026,1025,1025,1024,1024,1024,1024,1024,1024,1024,1024,1024,1024,1024,1024,1024,1007,990,973,956,939,923,906,890,873,858,842,826,811,796,782,767,753,740,727,714,702,690,679,668,657,647,638,629,621,613,606,600,594,589,584,580,576,573,571,570,569,568,569,570,573,576,581,586,593,600,608,617,627,638,650,662,676,690,705,720,736,753,770,788,806,824,843,863,882,902,922,942,963,983,990,998,1005,1012,1019,1026,1033,1040,1047,1053,1059,1066,1071,1077,1083,1088,1093,1098,1102,1106,1110,1114,1117,1120,1123,1125,1127,1129,1130,1131,1131,1132,1131,1131,1131,1130,1129,1128,1127,1126,1124,1123,1121,1119,1117,1115,1112,1110,1107,1105,1102,1099,1096,1093,1090,1087,1084,1081,1078,1075,1072,1068,1065,1062,1059,1056,1054,1051,1048,1046,1043,1041,1039,1037,1035,1033,1031,1030,1028,1027,1026,1025,1025,1024,1024

lead:V3
count:920
points:1024,1024,1024,1025,1025,1026,1027,1027,1028,1030,1031,1032,1034,1035,1037,1039,1041,1043,1045,1047,1049,1051,1053,1055,1058,1060,1062,1064,1066,1069,1071,1073,1075,1077,1079,1081,1083,1084,1086,1087,1089,1090,1091,1092,1093,1094,1094,1095,1095,1095,1096,1095,1095,1095,1094,1094,1093,1092,1091,1090,1089,1087,1086,1084,1083,1081,1079,1077,1075,1073,1071,1069,1066,1064,1062,1060,1058,1055,1053,1051,1049,1047,1045,1043,1041,1039,1037,1035,1034,1032,1031,1030,1028,1027,1027,1026,1025,1025,1024,1024,1024,1024,1024,1024,1024,1024,1024,1024,1024,1024,1024,1024,1024,1024,1024,1024,1024,1024,1024,1024,1024,1024,1024,1024,1024,1024,1024,1024,1024,1024,1024,1024,1024,1025,1025,1025,1025,1025,1026,1026,1026,1027,1027,1028,1028,1029,1030,1031,1031,1032,1033,1035,1036,1039,1039,1041,1043,1045,1047,1049,1051,1052,1054,1056,1058,1048,1037,1026,1015,1005,994,983,973,962,951,940,930,919,908,898,887,876,865,855,844,833,823,812,801,780,780,787,794,801,807,814,821,827,833,840,846,852,858,863,869,874,880,885,890,895,900,905,910,914,919,923,927,932,936,939,943,947,950,954,957,960,963,966,969,972,975,977,979,982,984,986,988,990,991,993,994,996,997,998,999,1000,1001,1001,1002,1002,1002,1003,1003,1004,1006,1007,1008,1010,1011,1012,1013,1015,1016,1017,1018,1019,1020,1020,1021,1022,1023,1024,1024,1025,1026,1026,1027,1027,1028,1028,1029,1029,1030,1030,1030,1031,1031,1031,1031,1032,1032,1032,1032,1032,1033,1033,1033,1033,1033,1033,1033,1033,1033,1033,1033,1033,1033,1033,1033,1033,1033,1033,1033,1033,1033,1032,1032,1032,1031,1031,1031,1030,1030,1030,1029,1029,1029,1028,1028,1028,1027,1027,1027,1026,1026,1026,1025,1025,1025,1024,1024,1024,1023,1023,1023,1022,1022,1022,1021,1021,1021,1020,1020,1020,1019,1019,1019,1018,1018,1018,1017,1017,1017,1016,1016,1016,1015,1015,1015,1014,1014,1014,1013,1013,1012,1012,1012,1011,1011,1011,1010,1010,1010,1009,1009,1009,1008,1008,1007,1007,1006,1006,1006,1005,1005,1004,1004,1004,1003,1003,1002,1002,1002,1001,1001,1000,1000,1000,999,999,998,998,998,997,997,997,996,996,995,995,995,994,994,994,993,993,993,992,992,992,991,991,991,990,990,990,989,989,989,989,988,988,988,987,987,987,987,986,986,986,986,985,985,985,985,985,984,984,984,984,984,983,983,983,983,983,983,982,982,982,982,982,982,982,982,981,981,981,981,981,981,981,981,981,981,981,981,981,981,981,981,981,981,981,981,981,981,981,981,982,982,982,983,983,984,984,985,986,986,987,988,988,989,990,991,992,993,994,994,995,996,997,998,999,1000,1001,1002,1003,1004,1005,1006,1007,1008,1009,1010,1011,1012,1013,1014,1015,1015,1016,1017,1018,1018,1019,1020,1020,1021,1021,1022,1022,1023,1023,1023,1023,1024,1024,1024,1024,1024,1024,1024,1024,1024,1024,1024,1024,1024,1024,1024,1024,1024,1024,1024,1024,1024,1024,1024,1024,1024,1028,1041,1061,1087,1114,1142,1168,1188,1201,1205,1182,1160,1137,1115,1093,1071,1049,1027,1006,985,964,944,923,904,884,866,847,829,812,795,779,763,748,734,720,707,695,683,672,662,653,644,636,629,623,618,613,609,606,604,603,602,623,643,663,682,702,721,740,759,777,795,813,830,846,862,877,892,906,919,931,943,953,963,972,981,988,994,999,1004,1007,1010,1011,1012,1012,1013,1014,1015,1017,1019,1022,1024,1028,1031,1035,1038,1042,1047,1051,1055,1059,1064,1068,1072,1075,1079,1083,1086,1089,1091,1093,1095,1097,1098,1098,1098,1098,1098,1098,1097,1097,1096,1095,1094,1093,1092,1091,1090,1088,1087,1085,1083,1082,1080,1078,1076,1074,1072,1070,1068,1066,1063,1061,1059,1057,1055,1053,1051,1048,1046,1045,1043,1041,1039,1037,1036,1034,1033,1031,1030,1029,1028,1027,1026,1026,1025,1025,1024,1024,1024,1028,1041,1061,1087,1114,1142,1168,1188,1201,1205,1182,1160,1137,1115,1093,1071,1049,1027,1006,985,964,944,923,904,884,866,847,829,812,795,779,763,748,734,720,707,695,683,672,662,653,644,636,629,623,618,613,609,606,604,603,602,623,643,663,682,702,721,740,759,777,795,813,830,846,862,877,892,906,919,931,943,953,963,972,981,988,994,999,1004,1007,1010,1011,1012,1012,1013,1014,1015,1017,1019,1022,1024,1028,1031,1035,1038,1042,1047,1051,1055,1059,1064,1068,1072,1075,1079,1083,1086,1089,1091,1093,1095,1097,1098,1098,1098,1098,1098,1098,1097,1097,1096,1095,1094,1093,1092,1091,1090,1088,1087,1085,1083,1082,1080,1078,1076,1074,1072,1070,1068,1066,1063,1061,1059,1057,1055,1053,1051,1048,1046,1045,1043,1041,1039,1037,1036,1034,1033,1031,1030,1029,1028,1027,1026,1026,1025,1025,1024,1024

lead:V4
count:920
points:1024,1024,1024,1025,1025,1026,1027,1028,1029,1030,1031,1033,1034,1036,1038,1040,1042,1044,1046,1048,1050,1053,1055,1057,1060,1062,1064,1067,1069,1071,1074,1076,1078,1080,1082,1084,1086,1088,1090,1091,1093,1094,1095,1096,1097,1098,1099,1099,1100,1100,1100,1100,1100,1099,1099,1098,1097,1096,1095,1094,1093,1091,1090,1088,1086,1084,1082,1080,1078,1076,1074,1071,1069,1067,1064,1062,1060,1057,1055,1053,1050,1048,1046,1044,1042,1040,1038,1036,1034,1033,1031,1030,1029,1028,1027,1026,1025,1025,1024,1024,1024,1024,1024,1024,1024,1024,1024,1024,1024,1024,1024,1024,1024,1024,1024,1024,1024,1024,1024,1024,1024,1024,1024,1024,1024,1024,1024,1024,1024,1024,1024,1024,1024,1024,1024,1024,1024,1024,1024,1023,1023,1023,1023,1023,1023,1023,1023,1022,1022,1022,1022,1021,1021,1020,1020,1020,1020,1020,1020,1020,1020,1020,1020,1020,1020,1024,1028,1031,1035,1039,1043,1046,1050,1054,1058,1061,1065,1069,1073,1077,1080,1084,1088,1092,1095,1099,1103,1107,1111,1118,1118,1114,1110,1105,1101,1097,1093,1090,1086,1082,1078,1075,1071,1068,1064,1061,1058,1055,1052,1049,1046,1043,1040,1037,1034,1032,1029,1027,1024,1022,1020,1018,1015,1013,1011,1009,1008,1006,1004,1002,1001,999,998,997,995,994,993,992,991,990,989,988,988,987,986,986,985,985,985,984,984,984,984,986,989,991,993,995,997,999,1000,1002,1004,1006,1007,1009,1010,1011,1013,1014,1015,1016,1017,1018,1019,1020,1021,1022,1023,1023,1024,1025,1025,1026,1026,1027,1027,1028,1028,1029,1029,1029,1029,1030,1030,1030,1030,1030,1031,1031,1031,1031,1031,1031,1031,1031,1031,1031,1031,1031,1031,1031,1031,1031,1031,1030,1030,1030,1030,1029,1029,1029,1029,1028,1028,1028,1028,1027,1027,1027,1027,1026,1026,1026,1026,1025,1025,1025,1025,1024,1024,1024,1023,1023,1023,1023,1022,1022,1022,1022,1021,1021,1021,1021,1020,1020,1020,1020,1019,1019,1019,1019,1018,1018,1018,1018,1017,1017,1017,1017,1016,1016,1016,1016,1015,1015,1015,1014,1014,1014,1014,1013,1013,1014,1015,1016,1017,1018,1019,1020,1021,1022,1023,1024,1024,1025,1026,1027,1028,1029,1030,1031,1032,1033,1034,1035,1035,1036,1037,1038,1039,1040,1041,1042,1042,1043,1044,1045,1046,1047,1047,1048,1049,1050,1051,1051,1052,1053,1054,1054,1055,1056,1056,1057,1058,1059,1059,1060,1061,1061,1062,1063,1063,1064,1064,1065,1066,1066,1067,1067,1068,1068,1069,1069,1070,1070,1071,1071,1072,1072,1073,1073,1073,1074,1074,1074,1075,1075,1075,1076,1076,1076,1077,1077,1077,1077,1078,1078,1078,1078,1078,1079,1079,1079,1079,1079,1079,1079,1079,1079,1079,1079,1079,1079,1079,1079,1079,1079,1078,1078,1077,1077,1076,1076,1075,1074,1074,1073,1072,1071,1070,1069,1068,1067,1066,1065,1064,1063,1062,1060,1059,1058,1057,1055,1054,1053,1052,1050,1049,1048,1047,1045,1044,1043,1042,1040,1039,1038,1037,1036,1035,1034,1033,1032,1031,1030,1030,1029,1028,1027,1027,1026,1026,1025,1025,1025,1024,1024,1024,1024,1024,1024,1024,1024,1024,1024,1024,1024,1024,1024,1024,1024,1024,1024,1024,1024,1024,1024,1024,1024,1024,1032,1056,1094,1141,1193,1245,1292,1330,1354,1362,1361,1358,1354,1347,1339,1329,1318,1305,1290,1274,1257,1238,1218,1197,1176,1153,1130,1106,1082,1057,1033,1008,984,959,936,912,890,868,847,827,809,791,775,760,747,736,726,718,711,707,704,703,718,734,749,764,779,793,808,822,836,850,863,876,888,900,912,923,933,943,953,962,970,977,984,990,996,1001,1005,1008,1011,1013,1014,1014,1014,1015,1016,1017,1019,1021,1023,1025,1028,1031,1035,1038,1042,1045,1049,1053,1057,1061,1064,1068,1071,1075,1078,1081,1083,1086,1088,1089,1090,1091,1092,1092,1092,1092,1092,1091,1091,1090,1089,1089,1088,1087,1085,1084,1083,1081,1080,1078,1077,1075,1073,1072,1070,1068,1066,1064,1062,1060,1058,1056,1054,1052,1050,1048,1046,1045,1043,1041,1039,1038,1036,1035,1033,1032,1031,1030,1029,1028,1027,1026,1025,1025,1025,1024,1024,1024,1032,1056,1094,1141,1193,1245,1292,1330,1354,1362,1361,1358,1354,1347,1339,1329,1318,1305,1290,1274,1257,1238,1218,1197,1176,1153,1130,1106,1082,1057,1033,1008,984,959,936,912,890,868,847,827,809,791,775,760,747,736,726,718,711,707,704,703,718,734,749,764,779,793,808,822,836,850,863,876,888,900,912,923,933,943,953,962,970,977,984,990,996,1001,1005,1008,1011,1013,1014,1014,1014,1015,1016,1017,1019,1021,1023,1025,1028,1031,1035,1038,1042,1045,1049,1053,1057,1061,1064,1068,1071,1075,1078,1081,1083,1086,1088,1089,1090,1091,1092,1092,1092,1092,1092,1091,1091,1090,1089,1089,1088,1087,1085,1084,1083,1081,1080,1078,1077,1075,1073,1072,1070,1068,1066,1064,1062,1060,1058,1056,1054,1052,1050,1048,1046,1045,1043,1041,1039,1038,1036,1035,1033,1032,1031,1030,1029,1028,1027,1026,1025,1025,1025,1024,1024

lead:V5
count:920
points:1024,1024,1024,1025,1025,1026,1026,1027,1028,1029,1031,1032,1033,1035,1036,1038,1040,1042,1044,1046,1048,1050,1052,1054,1056,1058,1061,1063,1065,1067,1069,1071,1073,1075,1077,1079,1080,1082,1083,1085,1086,1087,1089,1090,1090,1091,1092,1092,1093,1093,1093,1093,1093,1092,1092,1091,1090,1090,1089,1087,1086,1085,1083,1082,1080,1079,1077,1075,1073,1071,1069,1067,1065,1063,1061,1058,1056,1054,1052,1050,1048,1046,1044,1042,1040,1038,1036,1035,1033,1032,1031,1029,1028,1027,1026,1026,1025,1025,1024,1024,1024,1024,1024,1024,1024,1024,1024,1024,1024,1024,1024,1024,1024,1024,1024,1024,1024,1024,1024,1024,1024,1024,1024,1024,1024,1024,1024,1024,1024,1024,1024,1023,1023,1023,1023,1023,1022,1022,1022,1021,1021,1020,1019,1019,1018,1017,1016,1015,1013,1012,1010,1009,1007,1003,1003,1001,999,997,995,993,991,989,987,985,983,1000,1018,1035,1053,1070,1087,1105,1122,1139,1157,1174,1192,1209,1226,1244,1261,1278,1296,1313,1331,1348,1365,1383,1400,1435,1435,1420,1405,1391,1377,1363,1350,1336,1323,1310,1298,1285,1273,1261,1249,1238,1227,1216,1205,1195,1184,1174,1165,1155,1146,1137,1128,1119,1111,1103,1095,1088,1080,1073,1066,1060,1053,1047,1041,1036,1030,1025,1020,1015,1011,1007,1003,999,996,992,989,986,984,982,980,978,976,975,974,973,972,972,972,975,977,980,982,985,987,989,991,994,995,997,999,1001,1003,1004,1006,1007,1009,1010,1011,1013,1014,1015,1016,1017,1018,1019,1019,1020,1021,1022,1022,1023,1023,1024,1024,1025,1025,1026,1026,1026,1026,1027,1027,1027,1027,1027,1027,1028,1028,1028,1028,1028,1028,1028,1028,1028,1028,1028,1028,1028,1028,1027,1027,1027,1027,1027,1027,1027,1027,1026,1026,1026,1026,1026,1026,1026,1025,1025,1025,1025,1025,1025,1025,1024,1024,1024,1024,1024,1024,1024,1023,1023,1023,1023,1023,1023,1023,1022,1022,1022,1022,1022,1022,1022,1021,1021,1021,1021,1021,1021,1021,1021,1020,1020,1020,1020,1020,1020,1020,1019,1019,1019,1019,1019,1019,1019,1018,1018,1018,1020,1022,1025,1027,1029,1031,1033,1035,1037,1039,1042,1044,1046,1048,1050,1052,1054,1056,1058,1060,1062,1064,1066,1068,1070,1072,1074,1076,1078,1080,1082,1084,1086,1088,1090,1092,1093,1095,1097,1099,1101,1102,1104,1106,1108,1109,1111,1113,1114,1116,1118,1119,1121,1122,1124,1125,1127,1128,1130,1131,1132,1134,1135,1136,1138,1139,1140,1141,1143,1144,1145,1146,1147,1148,1149,1150,1151,1152,1153,1154,1155,1156,1156,1157,1158,1159,1159,1160,1161,1161,1162,1163,1163,1164,1164,1164,1165,1165,1166,1166,1166,1166,1167,1167,1167,1167,1167,1167,1167,1167,1167,1167,1167,1166,1166,1165,1164,1163,1161,1160,1158,1157,1155,1153,1151,1149,1146,1144,1142,1139,1136,1133,1131,1128,1125,1122,1119,1115,1112,1109,1106,1102,1099,1096,1092,1089,1086,1083,1079,1076,1073,1070,1067,1064,1061,1058,1055,1053,1050,1047,1045,1043,1041,1038,1037,1035,1033,1032,1030,1029,1028,1027,1026,1025,1025,1024,1024,1024,1024,1024,1024,1024,1024,1024,1024,1024,1024,1024,1024,1024,1024,1024,1024,1024,1024,1024,1024,1024,1035,1066,1115,1176,1244,1312,1374,1422,1454,1464,1464,1461,1457,1451,1443,1434,1423,1411,1397,1382,1366,1349,1330,1311,1291,1270,1248,1226,1203,1180,1157,1134,1112,1089,1067,1045,1024,1004,984,966,949,932,917,904,892,881,872,864,858,854,851,850,859,868,876,885,893,902,910,918,926,934,941,949,956,963,969,975,981,987,992,997,1002,1006,1010,1014,1017,1020,1022,1024,1025,1026,1027,1027,1027,1028,1029,1030,1031,1033,1035,1037,1040,1042,1045,1048,1051,1055,1058,1061,1065,1068,1071,1075,1078,1080,1083,1086,1088,1090,1092,1093,1094,1095,1096,1096,1096,1095,1095,1095,1094,1094,1093,1092,1091,1090,1089,1087,1086,1084,1083,1081,1080,1078,1076,1074,1072,1070,1068,1066,1064,1062,1060,1058,1056,1054,1052,1050,1048,1046,1044,1042,1040,1038,1037,1035,1034,1032,1031,1030,1029,1028,1027,1026,1026,1025,1025,1024,1024,1024,1035,1066,1115,1176,1244,1312,1374,1422,1454,1464,1464,1461,1457,1451,1443,1434,1423,1411,1397,1382,1366,1349,1330,1311,1291,1270,1248,1226,1203,1180,1157,1134,1112,1089,1067,1045,1024,1004,984,966,949,932,917,904,892,881,872,864,858,854,851,850,859,867,876,884,892,900,908,916,924,931,939,946,953,959,966,972,978,983,988,993,998,1002,1006,1009,1012,1015,1017,1019,1020,1021,1022,1022,1022,1023,1024,1025,1026,1028,1030,1033,1035,1038,1041,1045,1048,1052,1055,1059,1062,1066,1070,1073,1076,1079,1082,1085,1087,1089,1091,1093,1094,1095,1096,1096,1096,1095,1095,1095,1094,1094,1093,1092,1091,1090,1089,1087,1086,1084,1083,1081,1080,1078,1076,1074,1072,1070,1068,1066,1064,1062,1060,1058,1056,1054,1052,1050,1048,1046,1044,1042,1040,1038,1037,1035,1034,1032,1031,1030,1029,1028,1027,1026,1026,1025,1025,1024,1024

lead:V6
count:920
points:1024,1024,1024,1024,1025,1025,1026,1026,1027,1028,1029,1030,1031,1032,1033,1035,1036,1037,1039,1040,1042,1043,1045,1046,1048,1050,1051,1053,1054,1056,1058,1059,1061,1062,1063,1065,1066,1067,1068,1069,1070,1071,1072,1073,1073,1074,1074,1075,1075,1075,1075,1075,1075,1075,1074,1074,1073,1073,1072,1071,1070,1069,1068,1067,1066,1065,1063,1062,1061,1059,1058,1056,1054,1053,1051,1050,1048,1046,1045,1043,1042,1040,1039,1037,1036,1035,1033,1032,1031,1030,1029,1028,1027,1026,1026,1025,1025,1024,1024,1024,1024,1024,1024,1024,1024,1024,1024,1024,1024,1024,1024,1024,1024,1024,1024,1024,1024,1024,1024,1024,1024,1024,1024,1024,1024,1024,1024,1024,1024,1024,1023,1023,1023,1023,1022,1022,1021,1021,1020,1019,1018,1017,1016,1015,1013,1012,1010,1008,1006,1004,1001,998,995,988,988,985,981,977,974,970,967,963,959,956,952,981,1009,1037,1066,1094,1122,1151,1179,1208,1236,1264,1293,1321,1349,1378,1406,1434,1463,1491,1519,1548,1576,1605,1633,1690,1690,1671,1653,1635,1617,1598,1580,1562,1544,1526,1509,1491,1473,1456,1439,1422,1405,1388,1372,1355,1339,1323,1308,1292,1277,1262,1248,1233,1219,1206,1192,1179,1166,1154,1142,1130,1119,1108,1097,1087,1077,1067,1058,1050,1041,1034,1026,1019,1013,1006,1001,996,991,986,982,979,976,973,971,970,969,968,968,970,973,976,978,981,983,985,987,989,991,993,995,997,999,1000,1002,1003,1005,1006,1007,1009,1010,1011,1012,1013,1014,1015,1015,1016,1017,1018,1018,1019,1019,1020,1020,1021,1021,1022,1022,1022,1022,1023,1023,1023,1023,1023,1024,1024,1024,1024,1024,1024,1024,1024,1024,1024,1024,1024,1024,1024,1024,1024,1024,1024,1024,1024,1024,1024,1024,1024,1024,1024,1024,1024,1024,1024,1024,1024,1024,1024,1024,1024,1024,1024,1024,1024,1024,1024,1024,1024,1024,1024,1024,1024,1024,1024,1024,1024,1024,1024,1024,1024,1024,1024,1024,1024,1024,1024,1024,1024,1024,1024,1024,1024,1024,1024,1024,1024,1024,1024,1024,1024,1024,1024,1024,1024,1024,1024,1024,1024,1024,1024,1025,1025,1026,1026,1027,1027,1028,1029,1030,1031,1032,1033,1035,1036,1038,1039,1041,1042,1044,1046,1048,1050,1052,1054,1056,1058,1060,1063,1065,1067,1070,1072,1075,1077,1080,1083,1085,1088,1091,1094,1097,1099,1102,1105,1108,1111,1114,1117,1120,1123,1126,1129,1132,1135,1138,1141,1144,1147,1150,1153,1156,1159,1161,1164,1167,1170,1173,1175,1178,1181,1183,1186,1188,1191,1193,1195,1198,1200,1202,1204,1206,1208,1210,1212,1214,1216,1217,1219,1220,1222,1223,1224,1226,1227,1228,1229,1230,1230,1231,1232,1232,1233,1233,1234,1234,1234,1234,1234,1233,1233,1232,1231,1230,1228,1227,1225,1223,1221,1218,1216,1213,1210,1207,1203,1200,1196,1192,1188,1184,1180,1176,1171,1167,1162,1158,1153,1148,1143,1139,1134,1129,1124,1119,1114,1110,1105,1100,1096,1091,1087,1082,1078,1074,1070,1066,1062,1058,1055,1051,1048,1045,1042,1040,1037,1035,1033,1031,1029,1028,1027,1026,1025,1024,1024,1024,1024,1024,1024,1024,1024,1024,1024,1024,1024,1024,1024,1024,1024,1024,1024,1024,1024,1024,1024,1024,1025,1029,1036,1045,1058,1075,1097,1126,1168,1280,1280,1281,1283,1285,1288,1291,1295,1299,1304,1309,1315,1321,1328,1335,1342,1350,1358,1366,1374,1382,1390,1398,1406,1415,1423,1430,1438,1445,1452,1459,1465,1471,1476,1481,1485,1489,1493,1495,1497,1499,1500,1500,1456,1414,1374,1338,1304,1272,1243,1216,1191,1168,1148,1129,1112,1096,1082,1070,1059,1050,1042,1035,1029,1024,1020,1016,1014,1012,1011,1010,1009,1009,1009,1009,1009,1009,1008,1008,1008,1007,1006,1005,1004,1002,999,997,994,990,985,980,976,971,967,964,961,959,957,956,955,954,953,953,953,952,952,952,952,953,953,953,954,954,955,956,957,958,959,961,962,964,965,967,968,970,972,974,976,978,980,982,984,986,988,990,992,994,996,998,1000,1002,1004,1006,1008,1010,1011,1013,1014,1016,1017,1018,1019,1020,1021,1022,1022,1023,1023,1024,1024,1024,1025,1029,1036,1045,1058,1075,1097,1126,1168,1280,1280,1281,1283,1285,1288,1291,1295,1299,1304,1309,1315,1321,1328,1335,1342,1350,1358,1366,1374,1382,1390,1398,1406,1415,1423,1430,1438,1445,1452,1459,1465,1471,1476,1481,1485,1489,1493,1495,1497,1499,1500,1500,1456,1414,1374,1338,1304,1272,1243,1216,1191,1168,1148,1129,1112,1096,1082,1070,1059,1050,1042,1035,1029,1024,1020,1016,1014,1012,1011,1010,1009,1009,1009,1009,1009,1009,1008,1008,1008,1007,1006,1005,1004,1002,999,997,994,990,985,980,976,971,967,964,961,959,957,956,955,954,953,953,953,952,952,952,952,953,953,953,954,954,955,956,957,958,959,961,962,964,965,967,968,970,972,974,976,978,980,982,984,986,988,990,992,994,996,998,1000,1002,1004,1006,1008,1010,1011,1013,1014,1016,1017,1018,1019,1020,1021,1022,1022,1023,1023,1024,1024

