pathology:synblg
group:conduction
title:Sinus rhythm with LBBB
name:Синусовый ритм при блокаде левой ножки пучка Гиса
leads:12

lead:I
count:526
points:1024,1024,1024,1024,1024,1024,1024,1024,1024,1024,1024,1024,1024,1024,1024,1024,1024,1024,1024,1024,1024,1024,1024,1024,1024,1024,1024,1024,1024,1024,1024,1024,1024,1024,1024,1024,1024,1024,1024,1025,1025,1026,1027,1027,1028,1030,1031,1032,1034,1035,1037,1039,1041,1043,1045,1047,1049,1051,1053,1055,1058,1060,1062,1064,1067,1069,1071,1073,1075,1077,1079,1081,1083,1084,1086,1087,1089,1090,1091,1092,1093,1094,1095,1095,1095,1096,1096,1096,1095,1095,1095,1094,1093,1092,1091,1090,1089,1087,1086,1084,1083,1081,1079,1077,1075,1073,1071,1069,1067,1064,1062,1060,1058,1055,1053,1051,1049,1047,1045,1043,1041,1039,1037,1035,1034,1032,1031,1030,1028,1027,1027,1026,1025,1025,1024,1024,1024,1024,1024,1024,1024,1024,1024,1024,1024,1024,1024,1024,1024,1024,1024,1024,1024,1024,1024,1024,1024,1024,1024,1024,1024,1024,1024,1024,1024,1024,1024,1026,1033,1044,1060,1080,1103,1130,1161,1194,1230,1267,1307,1388,1388,1448,1508,1564,1616,1663,1702,1734,1758,1777,1777,1777,1776,1776,1775,1774,1773,1772,1771,1770,1768,1766,1764,1762,1760,1757,1754,1752,1749,1745,1742,1739,1735,1731,1728,1724,1719,1715,1711,1706,1701,1697,1692,1687,1682,1676,1671,1666,1660,1654,1649,1643,1637,1631,1625,1619,1613,1607,1600,1594,1588,1581,1575,1568,1562,1556,1549,1536,1536,1527,1518,1509,1499,1490,1481,1472,1463,1454,1445,1435,1426,1417,1408,1399,1390,1381,1371,1362,1353,1344,1335,1326,1317,1307,1298,1280,1280,1272,1265,1257,1249,1242,1234,1226,1219,1211,1203,1196,1188,1180,1172,1165,1157,1144,1131,1118,1106,1094,1083,1073,1063,1054,1046,1040,1034,1030,1027,1024,1024,1022,1020,1018,1016,1014,1012,1010,1008,1006,1004,1002,1001,999,997,995,994,992,990,989,987,986,984,983,981,980,979,978,977,976,975,974,973,972,971,971,970,969,969,969,968,968,968,968,968,968,968,967,967,967,967,966,966,966,965,964,964,963,962,962,961,960,959,958,957,956,955,954,953,952,950,949,948,946,945,944,942,941,939,937,936,934,933,931,929,928,926,924,922,921,919,917,915,914,912,910,908,906,904,903,901,899,897,895,894,892,890,888,887,885,883,881,880,878,877,875,873,872,870,869,868,866,865,863,862,861,860,859,857,856,855,854,853,852,852,851,850,849,849,848,847,847,847,846,846,845,845,845,845,845,845,845,845,846,846,847,848,849,851,852,854,856,858,860,863,865,868,871,874,877,880,884,887,891,894,898,902,906,910,914,918,922,926,930,934,939,943,947,951,955,959,963,967,971,974,978,982,985,988,992,995,998,1001,1003,1006,1008,1011,1013,1015,1016,1018,1019,1021,1022,1022,1023,1024,1024

lead:II
count:526
points:1024,1024,1024,1024,1024,1024,1024,1024,1024,1024,1024,1024,1024,1024,1024,1024,1024,1024,1024,1024,1024,1024,1024,1024,1024,1024,1024,1024,1024,1024,1024,1024,1024,1024,1024,1024,1024,1024,1024,1024,1025,1025,1026,1027,1027,1028,1029,1030,1032,1033,1034,1036,1037,1039,1040,1042,1043,1045,1047,1049,1050,1052,1054,1056,1057,1059,1061,1063,1064,1066,1067,1069,1070,1071,1073,1074,1075,1076,1077,1078,1078,1079,1079,1080,1080,1080,1080,1080,1080,1080,1079,1079,1078,1078,1077,1076,1075,1074,1073,1071,1070,1069,1067,1066,1064,1063,1061,1059,1057,1056,1054,1052,1050,1049,1047,1045,1043,1042,1040,1039,1037,1036,1034,1033,1032,1030,1029,1028,1027,1027,1026,1025,1025,1024,1024,1024,1024,1024,1024,1024,1024,1024,1024,1024,1024,1024,1024,1024,1024,1024,1024,1024,1024,1024,1024,1024,1024,1024,1024,1024,1024,1024,1024,1024,1024,1024,1024,1024,1025,1025,1025,1026,1028,1030,1034,1040,1051,1068,1096,1219,1219,1381,1443,1485,1518,1542,1561,1575,1585,1592,1592,1592,1592,1591,1590,1588,1586,1584,1582,1579,1576,1572,1568,1564,1560,1555,1550,1544,1539,1533,1526,1520,1513,1506,1498,1491,1483,1475,1466,1457,1448,1439,1430,1420,1410,1400,1390,1380,1369,1358,1347,1336,1325,1314,1302,1290,1279,1267,1255,1243,1231,1218,1206,1194,1181,1169,1156,1132,1132,1120,1108,1097,1085,1074,1062,1051,1039,1028,1016,1005,993,982,970,959,947,936,924,913,901,890,878,867,855,844,832,809,809,814,819,823,828,833,838,843,847,852,857,862,867,871,876,881,886,892,899,905,911,917,923,928,933,937,941,944,947,949,951,952,952,952,952,952,952,952,951,951,951,950,950,949,949,948,948,947,946,946,945,944,944,943,942,941,941,940,939,939,938,937,937,936,935,935,934,934,933,933,933,932,932,932,932,932,932,932,932,932,932,933,933,933,934,934,935,935,936,937,937,938,939,940,941,942,943,944,945,946,947,949,950,951,953,954,956,957,959,960,962,963,965,967,968,970,972,974,975,977,979,981,983,985,986,988,990,992,994,996,998,1000,1002,1003,1005,1007,1009,1011,1013,1015,1016,1018,1020,1022,1023,1025,1027,1028,1030,1032,1033,1035,1036,1038,1039,1040,1042,1043,1044,1046,1047,1048,1049,1050,1051,1052,1053,1054,1054,1055,1056,1056,1057,1058,1058,1058,1059,1059,1059,1060,1060,1060,1060,1060,1060,1060,1060,1059,1059,1059,1059,1058,1058,1058,1057,1057,1056,1056,1055,1055,1054,1053,1053,1052,1051,1051,1050,1049,1048,1048,1047,1046,1045,1044,1044,1043,1042,1041,1040,1039,1039,1038,1037,1036,1035,1035,1034,1033,1032,1032,1031,1030,1030,1029,1029,1028,1028,1027,1027,1026,1026,1026,1025,1025,1025,1024,1024,1024,1024,1024

lead:III
count:526
points:1024,1024,1024,1024,1024,1024,1024,1024,1024,1024,1024,1024,1024,1024,1024,1024,1024,1024,1024,1024,1024,1024,1024,1024,1024,1024,1024,1024,1024,1024,1024,1024,1024,1024,1024,1024,1024,1024,1024,1024,1024,1024,1023,1023,1023,1023,1023,1022,1022,1022,1021,1021,1020,1020,1020,1019,1019,1018,1018,1017,1017,1016,1016,1015,1015,1014,1014,1013,1013,1013,1012,1012,1011,1011,1011,1010,1010,1010,1010,1009,1009,1009,1009,1009,1009,1009,1009,1009,1009,1009,1009,1009,1009,1009,1010,1010,1010,1010,1011,1011,1011,1012,1012,1013,1013,1013,1014,1014,1015,1015,1016,1016,1017,1017,1018,1018,1019,1019,1020,1020,1020,1021,1021,1022,1022,1022,1023,1023,1023,1023,1023,1024,1024,1024,1024,1024,1024,1024,1024,1024,1024,1024,1024,1024,1024,1024,1024,1024,1024,1024,1024,1024,1024,1024,1024,1024,1024,1024,1024,1024,1024,1024,1024,1024,1024,1024,1024,1023,1020,1015,1007,998,987,975,960,945,928,911,893,855,855,853,850,848,846,844,843,841,840,840,840,836,832,828,824,821,817,813,809,806,802,798,794,790,787,783,779,775,771,768,764,760,756,752,749,745,741,737,733,730,726,722,718,714,711,707,703,699,695,692,688,684,680,676,673,669,665,661,657,654,650,646,642,638,635,631,627,620,620,617,615,612,610,608,605,603,601,598,596,593,591,589,586,584,581,579,577,574,572,570,567,565,562,560,558,553,553,565,578,590,603,615,628,640,653,665,678,690,703,715,728,740,753,772,792,811,829,847,864,879,894,907,919,929,937,944,948,952,952,954,955,956,957,959,960,961,962,964,965,966,967,968,969,971,972,973,974,975,976,977,978,979,979,980,981,982,982,983,984,984,985,985,986,986,987,987,987,988,988,988,988,988,988,988,988,989,989,990,990,991,992,993,994,995,996,997,999,1000,1002,1004,1006,1008,1010,1012,1014,1016,1019,1021,1024,1026,1029,1032,1035,1037,1040,1044,1047,1050,1053,1056,1060,1063,1066,1070,1073,1077,1081,1084,1088,1091,1095,1099,1102,1106,1110,1114,1117,1121,1125,1128,1132,1136,1139,1143,1147,1150,1154,1157,1161,1164,1168,1171,1174,1177,1181,1184,1187,1190,1193,1195,1198,1201,1204,1206,1209,1211,1213,1216,1218,1220,1222,1223,1225,1227,1228,1230,1231,1232,1234,1235,1236,1236,1237,1238,1238,1239,1239,1239,1239,1239,1239,1238,1237,1236,1235,1233,1232,1230,1228,1225,1223,1220,1217,1214,1211,1208,1204,1200,1196,1192,1188,1184,1179,1175,1170,1166,1161,1156,1151,1146,1141,1136,1132,1127,1122,1117,1112,1107,1102,1097,1093,1088,1084,1079,1075,1071,1067,1063,1059,1055,1052,1049,1046,1043,1040,1038,1035,1033,1031,1030,1028,1027,1026,1025,1024,1024

lead:aVR
count:526
points:1024,1024,1024,1024,1024,1024,1024,1024,1024,1024,1024,1024,1024,1024,1024,1024,1024,1024,1024,1024,1024,1024,1024,1024,1024,1024,1024,1024,1024,1024,1024,1024,1024,1024,1024,1024,1024,1024,1024,1023,1023,1022,1021,1020,1019,1018,1017,1016,1014,1012,1011,1009,1007,1005,1003,1001,998,996,994,992,989,987,985,982,980,978,976,973,971,969,967,965,963,962,960,959,957,956,955,954,953,952,951,951,950,950,950,950,950,951,951,952,953,954,955,956,957,959,960,962,963,965,967,969,971,973,976,978,980,982,985,987,989,992,994,996,998,1001,1003,1005,1007,1009,1011,1012,1014,1016,1017,1018,1019,1020,1021,1022,1023,1023,1024,1024,1024,1024,1024,1024,1024,1024,1024,1024,1024,1024,1024,1024,1024,1024,1024,1024,1024,1024,1024,1024,1024,1024,1024,1024,1024,1024,1024,1024,1024,1024,1024,1022,1016,1006,992,975,954,930,903,873,842,808,773,702,702,633,566,502,443,390,345,309,283,261,261,268,275,282,289,296,303,310,317,324,331,338,345,352,359,366,373,380,387,394,401,408,415,422,429,436,443,450,457,464,471,478,485,492,499,506,513,520,527,534,541,548,555,562,569,576,583,590,596,603,610,617,624,631,638,645,652,666,666,678,690,702,714,726,738,750,762,774,786,798,809,821,833,845,857,869,881,893,905,917,929,941,953,965,976,1000,1000,1002,1004,1005,1007,1009,1010,1012,1014,1015,1017,1019,1020,1022,1024,1025,1027,1031,1034,1038,1042,1045,1048,1051,1054,1057,1059,1061,1062,1064,1065,1065,1065,1067,1069,1070,1072,1073,1075,1076,1078,1079,1081,1082,1084,1085,1087,1088,1089,1091,1092,1093,1094,1096,1097,1098,1099,1100,1101,1102,1103,1104,1104,1105,1106,1106,1107,1107,1108,1108,1109,1109,1109,1109,1110,1110,1110,1110,1110,1110,1110,1110,1110,1110,1110,1110,1110,1110,1110,1110,1110,1110,1110,1110,1110,1109,1109,1109,1109,1109,1109,1109,1109,1109,1109,1109,1109,1109,1109,1109,1109,1109,1109,1109,1109,1109,1109,1109,1109,1109,1109,1109,1109,1109,1108,1108,1108,1108,1108,1108,1108,1108,1108,1108,1108,1108,1108,1108,1108,1108,1108,1108,1108,1108,1108,1108,1108,1107,1107,1107,1107,1107,1107,1107,1107,1107,1107,1107,1107,1107,1107,1107,1107,1107,1107,1107,1107,1107,1107,1107,1107,1107,1107,1107,1107,1107,1107,1107,1107,1107,1107,1107,1107,1107,1107,1106,1106,1106,1105,1105,1104,1103,1102,1102,1101,1100,1098,1097,1096,1095,1093,1092,1090,1089,1087,1086,1084,1082,1080,1079,1077,1075,1073,1071,1069,1067,1065,1063,1062,1060,1058,1056,1054,1052,1050,1049,1047,1045,1044,1042,1040,1039,1038,1036,1035,1034,1032,1031,1030,1029,1028,1028,1027,1026,1026,1025,1025,1024,1024,1024

lead:aVL
count:526
points:1024,1024,1024,1024,1024,1024,1024,1024,1024,1024,1024,1024,1024,1024,1024,1024,1024,1024,1024,1024,1024,1024,1024,1024,1024,1024,1024,1024,1024,1024,1024,1024,1024,1024,1024,1024,1024,1024,1024,1024,1025,1025,1026,1026,1027,1028,1029,1030,1031,1032,1033,1034,1036,1037,1038,1040,1041,1043,1044,1046,1048,1049,1051,1052,1054,1055,1057,1058,1060,1061,1063,1064,1065,1066,1067,1068,1069,1070,1071,1072,1072,1073,1073,1074,1074,1074,1074,1074,1074,1074,1073,1073,1072,1072,1071,1070,1069,1068,1067,1066,1065,1064,1063,1061,1060,1058,1057,1055,1054,1052,1051,1049,1048,1046,1044,1043,1041,1040,1038,1037,1036,1034,1033,1032,1031,1030,1029,1028,1027,1026,1026,1025,1025,1024,1024,1024,1024,1024,1024,1024,1024,1024,1024,1024,1024,1024,1024,1024,1024,1024,1024,1024,1024,1024,1024,1024,1024,1024,1024,1024,1024,1024,1024,1024,1024,1024,1024,1026,1032,1041,1054,1071,1091,1114,1140,1168,1198,1230,1263,1331,1331,1368,1404,1437,1469,1497,1520,1540,1554,1565,1565,1565,1565,1564,1564,1564,1564,1564,1563,1563,1563,1563,1563,1562,1562,1562,1562,1561,1561,1561,1561,1561,1560,1560,1560,1560,1560,1559,1559,1559,1559,1559,1558,1558,1558,1558,1558,1557,1557,1557,1557,1557,1556,1556,1556,1556,1556,1555,1555,1555,1555,1555,1554,1554,1554,1554,1554,1553,1553,1549,1545,1541,1538,1534,1530,1526,1522,1518,1514,1510,1506,1502,1498,1495,1491,1487,1483,1479,1475,1471,1467,1463,1459,1455,1452,1444,1444,1432,1420,1409,1397,1386,1374,1362,1351,1339,1327,1316,1304,1292,1281,1269,1258,1239,1220,1202,1184,1167,1151,1136,1122,1109,1098,1088,1080,1074,1069,1065,1065,1063,1062,1060,1058,1056,1054,1052,1050,1049,1047,1045,1043,1042,1040,1038,1037,1035,1033,1032,1031,1029,1028,1026,1025,1024,1023,1022,1021,1020,1019,1018,1017,1016,1016,1015,1014,1014,1013,1013,1013,1012,1012,1012,1012,1012,1012,1012,1011,1011,1010,1010,1009,1008,1007,1006,1005,1004,1003,1002,1000,999,997,996,994,992,990,988,986,984,982,979,977,975,972,970,967,965,962,959,956,954,951,948,945,942,939,936,933,930,927,923,920,917,914,911,907,904,901,898,895,892,888,885,882,879,876,873,870,867,864,861,858,855,852,849,847,844,841,839,836,834,831,829,827,825,823,820,819,817,815,813,811,810,808,807,806,804,803,802,801,800,799,799,798,798,797,797,797,796,796,797,797,797,798,799,801,802,804,806,808,811,813,816,819,823,826,830,834,837,842,846,850,855,859,864,869,874,879,884,889,894,900,905,910,915,921,926,931,936,941,946,951,956,961,966,970,975,979,983,987,991,994,998,1001,1004,1007,1010,1012,1014,1016,1018,1020,1021,1022,1023,1024,1024

lead:aVF
count:526
points:1024,1024,1024,1024,1024,1024,1024,1024,1024,1024,1024,1024,1024,1024,1024,1024,1024,1024,1024,1024,1024,1024,1024,1024,1024,1024,1024,1024,1024,1024,1024,1024,1024,1024,1024,1024,1024,1024,1024,1024,1024,1025,1025,1025,1025,1026,1026,1027,1027,1028,1028,1029,1029,1030,1031,1031,1032,1033,1034,1034,1035,1036,1037,1037,1038,1039,1039,1040,1041,1042,1042,1043,1043,1044,1044,1045,1045,1046,1046,1047,1047,1047,1047,1047,1048,1048,1048,1048,1048,1047,1047,1047,1047,1047,1046,1046,1045,1045,1044,1044,1043,1043,1042,1042,1041,1040,1039,1039,1038,1037,1037,1036,1035,1034,1034,1033,1032,1031,1031,1030,1029,1029,1028,1028,1027,1027,1026,1026,1025,1025,1025,1025,1024,1024,1024,1024,1024,1024,1024,1024,1024,1024,1024,1024,1024,1024,1024,1024,1024,1024,1024,1024,1024,1024,1024,1024,1024,1024,1024,1024,1024,1024,1024,1024,1024,1024,1024,1024,1024,1025,1025,1026,1027,1028,1030,1031,1032,1034,1035,1039,1039,1071,1103,1133,1160,1185,1206,1223,1236,1246,1246,1246,1245,1244,1243,1242,1241,1239,1237,1234,1231,1228,1225,1222,1218,1214,1209,1205,1200,1195,1189,1184,1178,1172,1166,1159,1152,1145,1138,1131,1123,1115,1107,1099,1090,1082,1073,1064,1055,1046,1037,1027,1018,1008,998,988,978,968,958,947,937,927,916,906,895,884,874,853,853,845,837,828,820,812,804,796,788,780,772,764,756,748,740,732,724,716,708,700,692,684,676,668,660,652,644,628,628,638,648,658,668,678,688,698,708,718,728,738,748,758,768,778,788,803,818,832,846,860,873,885,896,906,915,923,930,935,938,941,941,942,942,942,942,943,943,943,944,944,944,945,945,945,945,946,946,946,947,947,947,947,948,948,948,948,948,949,949,949,949,949,949,949,950,950,950,950,950,950,950,950,950,950,950,950,950,951,951,951,952,952,953,954,955,956,957,958,959,961,962,964,965,967,969,971,973,975,977,979,981,983,986,988,991,993,996,998,1001,1004,1007,1010,1012,1015,1018,1021,1024,1028,1031,1034,1037,1040,1043,1047,1050,1053,1056,1059,1063,1066,1069,1072,1076,1079,1082,1085,1088,1091,1095,1098,1101,1104,1107,1109,1112,1115,1118,1121,1123,1126,1128,1131,1133,1136,1138,1140,1142,1144,1146,1148,1150,1152,1154,1155,1157,1158,1160,1161,1162,1163,1164,1165,1166,1167,1167,1168,1168,1168,1169,1169,1169,1169,1169,1168,1168,1167,1166,1165,1164,1163,1161,1160,1158,1156,1154,1152,1150,1148,1145,1143,1140,1137,1135,1132,1129,1126,1123,1119,1116,1113,1110,1106,1103,1100,1096,1093,1090,1086,1083,1080,1077,1073,1070,1067,1064,1061,1058,1055,1053,1050,1048,1045,1043,1041,1039,1037,1035,1033,1032,1030,1029,1028,1027,1026,1025,1025,1024,1024

lead:V1
count:526
points:1024,1024,1024,1024,1024,1024,1024,1024,1024,1024,1024,1024,1024,1024,1024,1024,1024,1024,1024,1024,1024,1024,1024,1024,1024,1024,1024,1024,1024,1024,1024,1024,1024,1024,1024,1024,1024,1024,1024,1024,1025,1025,1025,1026,1026,1027,1027,1028,1029,1029,1030,1031,1032,1033,1034,1035,1036,1037,1038,1039,1040,1041,1042,1043,1044,1046,1047,1048,1049,1050,1050,1051,1052,1053,1054,1055,1055,1056,1056,1057,1057,1058,1058,1058,1058,1058,1058,1058,1058,1058,1058,1058,1057,1057,1056,1056,1055,1055,1054,1053,1052,1051,1050,1050,1049,1048,1047,1046,1044,1043,1042,1041,1040,1039,1038,1037,1036,1035,1034,1033,1032,1031,1030,1029,1029,1028,1027,1027,1026,1026,1025,1025,1025,1024,1024,1024,1024,1024,1023,1022,1021,1019,1016,1013,1010,1007,1003,998,994,989,983,977,971,965,958,952,944,937,930,922,914,906,898,890,882,873,865,863,857,847,832,815,793,769,742,712,679,645,610,537,537,504,472,441,413,388,366,349,336,326,326,337,348,359,369,380,391,402,413,424,435,446,457,467,478,489,500,511,522,533,544,555,566,576,587,598,609,620,631,642,653,664,674,685,696,707,718,729,740,751,762,773,783,794,805,816,827,838,849,860,871,881,892,903,914,925,936,958,958,962,966,970,975,979,983,987,991,994,998,1002,1005,1008,1011,1014,1017,1020,1022,1024,1026,1028,1029,1031,1032,1033,1033,1034,1034,1038,1042,1046,1050,1054,1058,1062,1066,1069,1073,1077,1081,1085,1089,1093,1097,1103,1108,1113,1118,1123,1129,1134,1139,1144,1150,1155,1160,1165,1170,1181,1181,1190,1198,1207,1216,1224,1233,1241,1250,1258,1266,1274,1282,1290,1298,1305,1313,1320,1327,1334,1340,1347,1353,1359,1365,1371,1376,1381,1386,1390,1395,1399,1403,1406,1409,1412,1415,1417,1419,1421,1422,1423,1424,1425,1425,1425,1424,1424,1423,1422,1421,1420,1419,1418,1416,1414,1412,1410,1408,1405,1403,1400,1397,1394,1391,1387,1384,1380,1376,1372,1368,1364,1360,1355,1351,1346,1341,1337,1332,1326,1321,1316,1311,1305,1300,1294,1289,1283,1278,1272,1266,1260,1254,1249,1243,1237,1231,1225,1219,1213,1207,1201,1196,1190,1184,1178,1172,1167,1161,1155,1150,1145,1139,1134,1129,1123,1118,1113,1109,1104,1099,1095,1090,1086,1082,1078,1074,1070,1066,1063,1059,1056,1053,1050,1047,1045,1042,1040,1038,1036,1034,1032,1031,1030,1029,1028,1027,1026,1026,1025,1025,1025,1025,1025,1025,1025,1025,1025,1025,1025,1025,1025,1025,1025,1025,1025,1025,1025,1025,1025,1025,1025,1025,1025,1025,1025,1025,1025,1025,1025,1024,1024,1024,1024,1024,1024,1024,1024,1024,1024,1024,1024,1024,1024,1024,1024,1024,1024,1024,1024,1024,1024,1024,1024,1024,1024,1024,1024,1024,1024,1024,1024,1024,1024,1024,1024,1024,1024

lead:V2
count:526
points:1024,1024,1024,1024,1024,1024,1024,1024,1024,1024,1024,1024,1024,1024,1024,1024,1024,1024,1024,1024,1024,1024,1024,1024,1024,1024,1024,1024,1024,1024,1024,1024,1024,1024,1024,1024,1024,1024,1024,1024,1025,1025,1026,1027,1027,1028,1029,1030,1031,1033,1034,1035,1037,1038,1040,1041,1043,1044,1046,1048,1049,1051,1053,1054,1056,1058,1059,1061,1063,1064,1066,1067,1068,1070,1071,1072,1073,1074,1075,1076,1076,1077,1077,1078,1078,1078,1078,1078,1078,1078,1077,1077,1076,1076,1075,1074,1073,1072,1071,1070,1068,1067,1066,1064,1063,1061,1059,1058,1056,1054,1053,1051,1049,1048,1046,1044,1043,1041,1040,1038,1037,1035,1034,1033,1031,1030,1029,1028,1027,1027,1026,1025,1025,1024,1024,1024,1024,1024,1025,1025,1026,1027,1029,1030,1032,1035,1037,1040,1043,1046,1049,1052,1056,1060,1064,1068,1073,1077,1082,1086,1091,1096,1101,1106,1111,1116,1121,1119,1111,1098,1080,1057,1030,998,963,925,884,840,795,702,702,660,619,581,545,513,486,464,448,435,435,444,453,462,471,480,489,498,507,516,525,533,542,551,560,569,578,587,596,605,614,623,631,640,649,658,667,676,685,694,703,712,721,730,738,747,756,765,774,783,792,801,810,819,828,836,845,854,863,872,881,890,899,908,917,926,934,952,952,956,960,964,968,972,976,980,983,987,990,994,997,1000,1003,1006,1008,1011,1013,1015,1017,1019,1020,1021,1022,1023,1024,1024,1024,1028,1031,1035,1038,1042,1045,1049,1052,1056,1059,1063,1066,1070,1073,1077,1080,1084,1089,1093,1097,1101,1105,1110,1114,1118,1122,1126,1131,1135,1139,1147,1147,1155,1163,1171,1179,1187,1195,1203,1210,1218,1225,1233,1240,1247,1254,1261,1268,1275,1281,1288,1294,1300,1305,1311,1316,1321,1326,1331,1335,1340,1344,1347,1351,1354,1357,1359,1362,1364,1366,1367,1369,1370,1370,1371,1371,1371,1371,1370,1370,1369,1368,1367,1366,1365,1364,1362,1360,1359,1357,1355,1353,1350,1348,1345,1343,1340,1337,1334,1331,1328,1324,1321,1317,1313,1310,1306,1302,1298,1294,1290,1285,1281,1277,1272,1268,1263,1258,1254,1249,1244,1240,1235,1230,1225,1220,1215,1210,1206,1201,1196,1191,1186,1181,1176,1171,1167,1162,1157,1153,1148,1143,1139,1134,1130,1126,1121,1117,1113,1109,1105,1101,1098,1094,1090,1087,1084,1080,1077,1074,1071,1068,1066,1063,1061,1058,1056,1054,1052,1051,1049,1047,1046,1045,1044,1043,1042,1041,1041,1040,1040,1040,1040,1039,1039,1039,1038,1038,1038,1037,1037,1036,1036,1036,1035,1035,1035,1034,1034,1034,1033,1033,1033,1032,1032,1032,1031,1031,1031,1030,1030,1030,1030,1029,1029,1029,1028,1028,1028,1028,1028,1027,1027,1027,1027,1026,1026,1026,1026,1026,1026,1025,1025,1025,1025,1025,1025,1025,1025,1024,1024,1024,1024,1024,1024,1024,1024,1024,1024

lead:V3
count:526
points:1024,1024,1024,1024,1024,1024,1024,1024,1024,1024,1024,1024,1024,1024,1024,1024,1024,1024,1024,1024,1024,1024,1024,1024,1024,1024,1024,1024,1024,1024,1024,1024,1024,1024,1024,1024,1024,1024,1024,1025,1025,1026,1026,1027,1028,1029,1030,1032,1033,1034,1036,1038,1039,1041,1043,1045,1047,1049,1051,1053,1055,1057,1059,1061,1063,1065,1067,1069,1071,1073,1074,1076,1078,1079,1081,1082,1083,1085,1086,1086,1087,1088,1089,1089,1089,1090,1090,1090,1089,1089,1089,1088,1087,1086,1086,1085,1083,1082,1081,1079,1078,1076,1074,1073,1071,1069,1067,1065,1063,1061,1059,1057,1055,1053,1051,1049,1047,1045,1043,1041,1039,1038,1036,1034,1033,1032,1030,1029,1028,1027,1026,1026,1025,1025,1024,1024,1024,1024,1026,1028,1031,1036,1041,1047,1053,1061,1069,1079,1089,1100,1111,1123,1136,1150,1164,1178,1194,1209,1225,1242,1258,1275,1293,1310,1328,1345,1363,1360,1352,1338,1319,1294,1265,1232,1194,1153,1109,1063,1014,915,915,871,828,787,749,716,687,664,647,633,633,639,644,650,656,661,667,672,678,684,689,695,700,706,712,717,723,728,734,740,745,751,756,762,768,773,779,784,790,795,801,807,812,818,823,829,835,840,846,851,857,863,868,874,879,885,891,896,902,907,913,919,924,930,935,941,947,958,958,961,964,967,970,973,976,979,982,985,988,990,993,995,998,1000,1002,1004,1006,1007,1009,1010,1011,1012,1013,1013,1014,1014,1014,1017,1019,1022,1024,1027,1029,1032,1034,1037,1039,1042,1044,1047,1049,1052,1054,1057,1060,1062,1065,1067,1070,1072,1075,1077,1080,1083,1085,1088,1090,1095,1095,1101,1107,1113,1119,1125,1131,1137,1143,1149,1155,1160,1166,1171,1177,1182,1187,1192,1197,1202,1206,1211,1215,1220,1224,1227,1231,1235,1238,1241,1244,1247,1250,1252,1254,1256,1258,1260,1261,1262,1263,1264,1265,1265,1265,1265,1265,1265,1264,1264,1263,1263,1262,1261,1260,1259,1258,1257,1256,1255,1253,1252,1250,1249,1247,1245,1243,1241,1239,1237,1235,1233,1231,1228,1226,1223,1221,1218,1216,1213,1210,1207,1205,1202,1199,1196,1193,1190,1187,1184,1181,1178,1175,1171,1168,1165,1162,1159,1156,1153,1149,1146,1143,1140,1137,1134,1131,1128,1125,1122,1119,1116,1113,1110,1108,1105,1102,1099,1097,1094,1092,1089,1087,1085,1083,1080,1078,1076,1074,1073,1071,1069,1067,1066,1064,1063,1062,1060,1059,1058,1057,1056,1056,1055,1054,1054,1053,1053,1053,1053,1053,1052,1051,1051,1050,1049,1049,1048,1047,1047,1046,1045,1045,1044,1044,1043,1042,1042,1041,1040,1040,1039,1039,1038,1038,1037,1036,1036,1035,1035,1034,1034,1033,1033,1032,1032,1031,1031,1031,1030,1030,1029,1029,1029,1028,1028,1028,1027,1027,1027,1026,1026,1026,1026,1025,1025,1025,1025,1025,1025,1024,1024,1024,1024,1024,1024,1024,1024

lead:V4
count:526
points:1024,1024,1024,1024,1024,1024,1024,1024,1024,1024,1024,1024,1024,1024,1024,1024,1024,1024,1024,1024,1024,1024,1024,1024,1024,1024,1024,1024,1024,1024,1024,1024,1024,1024,1024,1024,1024,1024,1024,1025,1025,1026,1026,1027,1028,1029,1030,1032,1033,1035,1036,1038,1040,1041,1043,1045,1047,1049,1051,1053,1055,1058,1060,1062,1064,1066,1068,1070,1072,1074,1076,1077,1079,1081,1082,1083,1085,1086,1087,1088,1089,1090,1090,1091,1091,1091,1091,1091,1091,1091,1090,1090,1089,1088,1087,1086,1085,1083,1082,1081,1079,1077,1076,1074,1072,1070,1068,1066,1064,1062,1060,1058,1055,1053,1051,1049,1047,1045,1043,1041,1040,1038,1036,1035,1033,1032,1030,1029,1028,1027,1026,1026,1025,1025,1024,1024,1024,1025,1027,1031,1036,1042,1050,1059,1070,1082,1096,1110,1126,1143,1161,1180,1201,1222,1244,1267,1291,1315,1341,1366,1393,1420,1447,1474,1502,1530,1558,1555,1548,1535,1517,1495,1469,1438,1404,1367,1327,1285,1241,1150,1150,1110,1072,1035,1001,971,945,924,909,897,897,898,899,901,902,903,905,906,907,909,910,911,913,914,915,917,918,919,921,922,923,925,926,927,929,930,931,933,934,935,937,938,939,940,942,943,944,946,947,948,950,951,952,954,955,956,958,959,960,962,963,964,966,967,968,970,971,974,974,975,977,979,981,982,984,986,988,989,991,992,994,995,996,998,999,1000,1001,1002,1003,1003,1004,1005,1005,1005,1006,1006,1006,1007,1008,1009,1010,1011,1012,1014,1015,1016,1017,1018,1019,1020,1021,1022,1024,1024,1024,1025,1025,1026,1026,1027,1027,1028,1028,1029,1029,1029,1030,1031,1031,1034,1037,1040,1043,1047,1050,1053,1056,1059,1062,1065,1068,1070,1073,1076,1079,1081,1084,1086,1089,1091,1093,1095,1098,1100,1102,1103,1105,1107,1108,1110,1111,1112,1114,1115,1116,1116,1117,1118,1118,1119,1119,1119,1119,1119,1119,1119,1119,1119,1119,1119,1118,1118,1118,1118,1117,1117,1117,1116,1116,1116,1115,1115,1114,1114,1113,1113,1112,1111,1111,1110,1110,1109,1108,1108,1107,1106,1106,1105,1104,1103,1103,1102,1101,1100,1099,1099,1098,1097,1096,1095,1094,1093,1093,1092,1091,1090,1089,1088,1087,1087,1086,1085,1084,1083,1082,1081,1081,1080,1079,1078,1077,1077,1076,1075,1074,1074,1073,1072,1072,1071,1070,1070,1069,1068,1068,1067,1067,1066,1066,1065,1065,1064,1064,1064,1063,1063,1063,1062,1062,1062,1062,1061,1061,1061,1061,1061,1061,1061,1061,1060,1059,1058,1057,1057,1056,1055,1054,1053,1052,1052,1051,1050,1049,1048,1048,1047,1046,1045,1044,1044,1043,1042,1041,1041,1040,1039,1039,1038,1037,1037,1036,1035,1035,1034,1034,1033,1033,1032,1031,1031,1030,1030,1030,1029,1029,1028,1028,1027,1027,1027,1026,1026,1026,1026,1025,1025,1025,1025,1025,1024,1024,1024,1024,1024,1024,1024

lead:V5
count:526
points:1024,1024,1024,1024,1024,1024,1024,1024,1024,1024,1024,1024,1024,1024,1024,1024,1024,1024,1024,1024,1024,1024,1024,1024,1024,1024,1024,1024,1024,1024,1024,1024,1024,1024,1024,1024,1024,1024,1024,1025,1025,1025,1026,1027,1028,1029,1030,1031,1032,1033,1035,1036,1038,1039,1041,1042,1044,1046,1048,1050,1051,1053,1055,1057,1059,1061,1062,1064,1066,1067,1069,1070,1072,1073,1075,1076,1077,1078,1079,1080,1080,1081,1082,1082,1082,1082,1082,1082,1082,1082,1082,1081,1080,1080,1079,1078,1077,1076,1075,1073,1072,1070,1069,1067,1066,1064,1062,1061,1059,1057,1055,1053,1051,1050,1048,1046,1044,1042,1041,1039,1038,1036,1035,1033,1032,1031,1030,1029,1028,1027,1026,1025,1025,1025,1024,1024,1024,1025,1028,1032,1038,1046,1055,1067,1080,1094,1110,1128,1147,1167,1189,1212,1237,1262,1289,1317,1346,1375,1406,1437,1468,1501,1534,1567,1600,1634,1667,1665,1660,1650,1637,1620,1600,1577,1552,1524,1494,1462,1429,1361,1361,1331,1303,1276,1251,1229,1210,1194,1183,1174,1174,1171,1168,1165,1162,1159,1156,1153,1149,1146,1143,1140,1137,1134,1131,1128,1125,1122,1119,1116,1113,1110,1107,1104,1101,1098,1094,1091,1088,1085,1082,1079,1076,1073,1070,1067,1064,1061,1058,1055,1052,1049,1046,1043,1039,1036,1033,1030,1027,1024,1021,1018,1015,1012,1009,1006,1003,997,997,997,997,997,997,998,998,998,998,998,999,999,999,999,999,999,1000,1000,1000,1000,1000,1000,1000,1000,1000,1000,1000,1000,1000,1000,999,999,999,998,998,997,997,996,996,995,995,995,994,994,993,992,990,988,987,985,983,982,980,978,977,975,973,972,970,967,967,967,966,966,966,966,966,966,965,965,965,965,965,965,964,964,964,964,964,964,964,964,963,963,963,963,963,963,963,963,963,962,962,962,962,962,962,962,962,962,962,962,962,962,962,962,962,962,962,963,963,963,963,964,964,965,965,966,966,967,968,968,969,970,971,971,972,973,974,975,976,977,978,980,981,982,983,984,986,987,988,990,991,992,994,995,996,998,999,1001,1002,1004,1005,1007,1008,1010,1011,1013,1014,1016,1017,1019,1020,1022,1023,1025,1026,1027,1029,1030,1032,1033,1034,1036,1037,1038,1040,1041,1042,1043,1045,1046,1047,1048,1049,1050,1051,1052,1053,1054,1055,1056,1056,1057,1058,1058,1059,1060,1060,1061,1061,1062,1062,1062,1063,1063,1063,1063,1063,1063,1063,1062,1062,1061,1060,1059,1058,1057,1056,1055,1054,1053,1053,1052,1051,1050,1049,1048,1047,1047,1046,1045,1044,1043,1043,1042,1041,1040,1040,1039,1038,1038,1037,1036,1036,1035,1034,1034,1033,1032,1032,1031,1031,1030,1030,1029,1029,1029,1028,1028,1027,1027,1027,1026,1026,1026,1026,1025,1025,1025,1025,1025,1024,1024,1024,1024,1024,1024

lead:V6
count:526
points:1024,1024,1024,1024,1024,1024,1024,1024,1024,1024,1024,1024,1024,1024,1024,1024,1024,1024,1024,1024,1024,1024,1024,1024,1024,1024,1024,1024,1024,1024,1024,1024,1024,1024,1024,1024,1024,1024,1024,1024,1025,1025,1025,1026,1027,1027,1028,1029,1030,1030,1031,1032,1034,1035,1036,1037,1038,1039,1041,1042,1043,1044,1046,1047,1048,1050,1051,1052,1053,1054,1055,1057,1058,1058,1059,1060,1061,1062,1062,1063,1064,1064,1064,1065,1065,1065,1065,1065,1065,1065,1064,1064,1064,1063,1062,1062,1061,1060,1059,1058,1058,1057,1055,1054,1053,1052,1051,1050,1048,1047,1046,1044,1043,1042,1041,1039,1038,1037,1036,1035,1034,1032,1031,1030,1030,1029,1028,1027,1027,1026,1025,1025,1025,1024,1024,1024,1024,1026,1031,1040,1052,1068,1087,1108,1132,1159,1188,1218,1250,1284,1317,1352,1386,1420,1453,1485,1516,1544,1571,1595,1617,1635,1651,1663,1672,1678,1679,1668,1657,1645,1634,1623,1611,1600,1589,1577,1566,1555,1543,1521,1521,1511,1502,1493,1484,1475,1465,1456,1447,1428,1428,1422,1415,1408,1401,1394,1387,1380,1373,1366,1359,1352,1345,1338,1331,1324,1317,1310,1303,1296,1289,1282,1275,1268,1261,1254,1247,1240,1233,1226,1219,1212,1205,1198,1191,1184,1177,1170,1163,1157,1150,1143,1136,1129,1122,1115,1108,1101,1094,1087,1080,1073,1066,1059,1052,1045,1038,1024,1024,1023,1022,1021,1020,1019,1019,1018,1017,1016,1015,1014,1013,1012,1011,1010,1009,1008,1008,1007,1006,1005,1004,1003,1002,1001,1000,998,998,996,995,993,991,989,987,985,983,981,979,977,975,973,972,970,968,964,961,957,954,950,947,943,940,936,932,929,925,922,918,911,911,908,904,901,898,894,891,887,884,881,877,874,871,868,865,862,859,856,853,850,848,845,843,840,838,836,833,831,830,828,826,824,823,821,820,819,818,817,816,816,815,815,814,814,814,814,814,815,815,815,816,817,818,818,819,821,822,823,825,826,828,829,831,833,835,837,839,842,844,846,849,851,854,857,860,862,865,868,871,874,878,881,884,887,891,894,898,901,905,908,912,915,919,922,926,930,933,937,941,944,948,951,955,959,962,966,969,973,976,980,983,986,990,993,996,999,1003,1006,1009,1012,1014,1017,1020,1023,1025,1028,1030,1032,1035,1037,1039,1041,1043,1045,1046,1048,1049,1051,1052,1053,1054,1055,1056,1057,1058,1058,1059,1059,1060,1060,1060,1060,1060,1060,1060,1059,1059,1059,1059,1058,1058,1058,1057,1057,1056,1056,1055,1055,1054,1053,1053,1052,1051,1051,1050,1049,1048,1048,1047,1046,1045,1044,1044,1043,1042,1041,1040,1039,1039,1038,1037,1036,1035,1035,1034,1033,1032,1032,1031,1030,1030,1029,1029,1028,1028,1027,1027,1026,1026,1026,1025,1025,1025,1024,1024,1024,1024,1024

