pathology:synhy
group:electrolyte
title:Sinus rhythm of hyperkalemia aVF HD4
name:Синусовый ритм при гиперкалиемии
leads:12

lead:I
count:500
points:1024,1024,1024,1024,1024,1024,1025,1025,1025,1025,1025,1026,1026,1026,1027,1027,1028,1028,1028,1029,1029,1030,1030,1030,1031,1031,1031,1032,1032,1032,1033,1033,1033,1033,1034,1034,1034,1034,1034,1034,1034,1034,1034,1034,1034,1034,1034,1033,1033,1033,1033,1032,1032,1032,1031,1031,1031,1030,1030,1030,1029,1029,1028,1028,1028,1027,1027,1026,1026,1026,1025,1025,1025,1025,1025,1024,1024,1024,1024,1024,1024,1024,1024,1024,1024,1024,1024,1024,1024,1024,1024,1024,1024,1024,1024,1024,1024,1024,1024,1024,1024,1024,1024,1024,1024,1024,1024,1024,1024,1024,1024,1024,1024,1024,1024,1024,1024,1024,1024,1024,1024,1024,1024,1024,1024,1024,1024,1025,1025,1025,1026,1026,1027,1027,1028,1029,1031,1032,1034,1036,1038,1040,1043,1046,1050,1054,1058,1063,1068,1074,1080,1087,1094,1102,1111,1119,1127,1136,1144,1152,1160,1168,1177,1185,1193,1201,1210,1218,1226,1234,1242,1250,1257,1264,1271,1278,1285,1291,1296,1302,1307,1311,1315,1319,1322,1325,1327,1329,1330,1331,1331,1312,1293,1274,1255,1236,1218,1199,1181,1163,1145,1128,1110,1094,1077,1061,1045,1030,1015,1001,987,974,961,949,938,927,916,907,898,889,882,875,869,863,858,854,851,848,846,845,845,837,830,823,817,811,805,800,796,793,790,788,788,793,797,801,805,810,814,818,822,826,831,835,839,843,847,852,856,860,864,868,873,877,881,885,889,894,898,902,906,910,915,919,923,927,931,936,940,944,948,953,957,961,965,969,974,978,982,986,990,995,999,1003,1007,1011,1016,1020,1024,1034,1043,1053,1062,1072,1081,1091,1100,1109,1118,1128,1137,1145,1154,1163,1172,1180,1188,1196,1204,1212,1220,1227,1235,1242,1248,1255,1262,1268,1274,1280,1285,1291,1296,1300,1305,1309,1313,1317,1321,1324,1327,1330,1332,1334,1336,1338,1339,1340,1341,1341,1341,1341,1340,1339,1338,1336,1333,1330,1327,1323,1319,1315,1310,1305,1300,1294,1288,1283,1277,1271,1265,1259,1254,1248,1242,1237,1231,1226,1220,1215,1210,1204,1199,1193,1188,1183,1178,1173,1167,1162,1157,1152,1148,1143,1138,1133,1129,1124,1120,1115,1111,1107,1103,1098,1094,1091,1087,1083,1080,1076,1073,1069,1066,1063,1060,1057,1054,1052,1049,1047,1045,1042,1040,1038,1036,1035,1033,1032,1030,1029,1028,1027,1026,1026,1025,1025,1024,1024,1024,1024,1024,1024,1024,1024,1024,1024,1024,1024,1024,1024,1024,1024,1024,1024,1024,1024,1024,1024,1024,1024,1024,1024,1024,1024,1024,1024,1024,1024,1024,1024,1024,1024,1024,1024,1024,1024,1024,1024,1024,1024,1024,1024,1024,1024,1024,1024,1024,1024,1024,1024,1024,1024,1024,1024,1024,1024,1024,1024,1024,1024

lead:II
count:500
points:1024,1024,1024,1024,1024,1025,1025,1025,1025,1026,1026,1027,1027,1028,1028,1029,1029,1030,1030,1031,1032,1032,1033,1033,1034,1035,1035,1036,1036,1037,1037,1038,1038,1038,1039,1039,1039,1039,1039,1039,1039,1039,1039,1039,1039,1039,1039,1038,1038,1038,1037,1037,1036,1036,1035,1035,1034,1033,1033,1032,1032,1031,1030,1030,1029,1029,1028,1028,1027,1027,1026,1026,1025,1025,1025,1025,1024,1024,1024,1024,1024,1024,1024,1024,1024,1024,1024,1024,1024,1024,1024,1024,1024,1024,1024,1024,1024,1024,1024,1024,1024,1024,1024,1024,1024,1024,1024,1024,1024,1024,1024,1024,1024,1024,1024,1024,1024,1024,1024,1024,1024,1024,1024,1024,1024,1024,1024,1024,1024,1025,1025,1025,1025,1026,1026,1027,1027,1028,1029,1029,1031,1032,1033,1034,1036,1038,1040,1042,1045,1047,1050,1053,1057,1061,1065,1068,1071,1074,1077,1080,1083,1086,1090,1093,1096,1096,1095,1095,1094,1093,1091,1090,1088,1086,1084,1082,1079,1076,1073,1070,1067,1064,1060,1056,1053,1049,1045,1041,1037,1029,1029,1025,1021,1018,1014,1010,1006,1002,998,995,991,987,983,979,975,972,968,964,960,956,952,948,945,941,937,933,929,925,922,918,914,910,906,902,899,895,891,887,883,879,876,876,877,880,883,887,892,898,904,910,917,932,932,932,932,932,932,932,932,932,933,933,933,933,933,933,933,933,933,933,933,934,934,934,934,934,934,934,934,934,934,934,935,935,935,935,935,935,935,935,935,935,935,936,936,936,936,936,936,936,936,936,936,937,937,937,937,937,937,937,938,940,943,946,950,955,960,966,973,980,988,996,1005,1014,1024,1035,1045,1056,1067,1079,1091,1103,1115,1127,1139,1151,1164,1176,1188,1199,1211,1222,1233,1244,1254,1264,1273,1282,1291,1298,1306,1312,1318,1324,1328,1332,1336,1338,1340,1341,1341,1341,1340,1339,1338,1336,1333,1330,1327,1323,1319,1315,1310,1305,1300,1294,1288,1283,1277,1271,1265,1259,1254,1248,1242,1237,1231,1226,1220,1215,1210,1204,1199,1193,1188,1183,1178,1173,1167,1162,1157,1152,1148,1143,1138,1133,1129,1124,1120,1115,1111,1107,1103,1098,1094,1091,1087,1083,1080,1076,1073,1069,1066,1063,1060,1057,1054,1052,1049,1047,1045,1042,1040,1038,1036,1035,1033,1032,1030,1029,1028,1027,1026,1026,1025,1025,1024,1024,1024,1024,1024,1024,1024,1024,1024,1024,1024,1024,1024,1024,1024,1024,1024,1024,1024,1024,1024,1024,1024,1024,1024,1024,1024,1024,1024,1024,1024,1024,1024,1024,1024,1024,1024,1024,1024,1024,1024,1024,1024,1024,1024,1024,1024,1024,1024,1024,1024,1024,1024,1024,1024,1024,1024,1024,1024,1024,1024,1024,1024,1024

lead:III
count:500
points:1024,1024,1024,1024,1024,1024,1024,1024,1024,1025,1025,1025,1025,1025,1025,1026,1026,1026,1026,1026,1027,1027,1027,1027,1027,1028,1028,1028,1028,1028,1028,1029,1029,1029,1029,1029,1029,1029,1029,1029,1029,1029,1029,1029,1029,1029,1029,1029,1029,1029,1028,1028,1028,1028,1028,1028,1027,1027,1027,1027,1027,1026,1026,1026,1026,1026,1025,1025,1025,1025,1025,1025,1024,1024,1024,1024,1024,1024,1024,1024,1024,1024,1024,1024,1024,1024,1024,1024,1024,1024,1024,1024,1024,1024,1024,1024,1024,1024,1024,1024,1024,1024,1024,1024,1024,1024,1024,1024,1024,1024,1024,1024,1024,1024,1024,1024,1024,1024,1024,1024,1024,1024,1024,1024,1024,1024,1024,1024,1024,1023,1023,1023,1023,1022,1022,1021,1020,1020,1019,1018,1017,1015,1014,1012,1010,1008,1006,1004,1001,998,994,991,987,983,978,973,968,963,957,952,947,942,937,932,927,914,902,890,878,866,854,843,832,821,810,800,791,782,773,766,758,751,745,740,735,731,728,725,723,722,722,735,748,761,774,787,800,812,825,837,849,861,873,885,896,907,918,928,938,948,957,966,975,983,991,999,1006,1012,1018,1024,1029,1034,1038,1042,1046,1048,1051,1052,1054,1054,1055,1069,1084,1098,1111,1123,1134,1144,1152,1159,1164,1167,1167,1163,1159,1155,1151,1147,1143,1139,1134,1130,1126,1122,1118,1114,1110,1106,1102,1097,1093,1089,1085,1081,1077,1073,1069,1065,1060,1056,1052,1048,1044,1040,1036,1032,1027,1023,1019,1015,1011,1007,1003,999,995,990,986,982,978,974,970,966,962,958,953,949,945,941,937,940,942,945,947,950,953,955,958,960,963,965,968,970,973,975,977,980,982,984,986,989,991,993,995,997,999,1000,1002,1004,1005,1007,1009,1010,1011,1013,1014,1015,1016,1017,1018,1019,1020,1021,1021,1022,1023,1023,1023,1024,1024,1024,1024,1024,1024,1024,1024,1024,1024,1024,1024,1024,1024,1024,1024,1024,1024,1024,1024,1024,1024,1024,1024,1024,1024,1024,1024,1024,1024,1024,1024,1024,1024,1024,1024,1024,1024,1024,1024,1024,1024,1024,1024,1024,1024,1024,1024,1024,1024,1024,1024,1024,1024,1024,1024,1024,1024,1024,1024,1024,1024,1024,1024,1024,1024,1024,1024,1024,1024,1024,1024,1024,1024,1024,1024,1024,1024,1024,1024,1024,1024,1024,1024,1024,1024,1024,1024,1024,1024,1024,1024,1024,1024,1024,1024,1024,1024,1024,1024,1024,1024,1024,1024,1024,1024,1024,1024,1024,1024,1024,1024,1024,1024,1024,1024,1024,1024,1024,1024,1024,1024,1024,1024,1024,1024,1024,1024,1024,1024,1024,1024,1024,1024,1024,1024,1024,1024,1024,1024,1024,1024,1024,1024,1024,1024,1024,1024,1024,1024,1024,1024,1024

lead:aVR
count:500
points:1024,1024,1024,1024,1024,1023,1023,1023,1023,1022,1022,1021,1021,1020,1020,1019,1019,1018,1018,1017,1017,1016,1015,1015,1014,1014,1013,1013,1012,1012,1011,1011,1011,1010,1010,1010,1010,1009,1009,1009,1009,1009,1009,1009,1010,1010,1010,1010,1011,1011,1011,1012,1012,1013,1013,1014,1014,1015,1015,1016,1017,1017,1018,1018,1019,1019,1020,1020,1021,1021,1022,1022,1023,1023,1023,1023,1024,1024,1024,1024,1024,1024,1024,1024,1024,1024,1024,1024,1024,1024,1024,1024,1024,1024,1024,1024,1024,1024,1024,1024,1024,1024,1024,1024,1024,1024,1024,1024,1024,1024,1024,1024,1024,1024,1024,1024,1024,1024,1024,1024,1024,1024,1024,1024,1024,1024,1024,1023,1023,1023,1023,1022,1022,1021,1020,1019,1018,1017,1016,1014,1012,1010,1008,1005,1002,999,995,991,987,982,977,971,964,958,950,944,937,931,924,918,911,905,898,892,885,883,880,878,875,873,870,868,866,864,862,860,858,856,854,852,851,850,848,847,846,846,845,844,844,844,844,858,873,887,901,916,930,944,958,972,985,998,1011,1024,1037,1049,1061,1072,1084,1095,1105,1115,1125,1134,1143,1151,1159,1166,1173,1179,1185,1190,1195,1199,1203,1206,1209,1211,1212,1213,1213,1213,1213,1213,1213,1213,1213,1213,1213,1213,1213,1213,1213,1211,1208,1206,1203,1201,1198,1196,1193,1191,1188,1186,1183,1181,1178,1176,1173,1171,1169,1166,1164,1161,1159,1156,1154,1151,1149,1146,1144,1141,1139,1136,1134,1131,1129,1126,1124,1121,1119,1116,1114,1111,1109,1107,1104,1102,1099,1097,1094,1092,1089,1087,1084,1082,1079,1077,1074,1062,1049,1037,1024,1012,999,987,975,962,950,938,926,915,903,892,881,869,859,848,837,827,817,807,798,789,780,771,762,754,746,739,731,724,718,711,705,700,694,689,685,680,676,673,670,667,664,662,660,659,658,657,657,658,659,660,662,664,667,671,674,679,683,689,694,700,706,712,719,725,732,739,746,753,759,765,772,778,785,791,797,803,810,816,822,828,834,840,847,852,858,864,870,876,881,887,892,898,903,908,914,919,924,929,933,938,943,947,951,956,960,964,968,972,975,979,982,986,989,992,995,998,1000,1003,1005,1007,1010,1012,1013,1015,1017,1018,1019,1020,1021,1022,1023,1023,1024,1024,1024,1024,1024,1024,1024,1024,1024,1024,1024,1024,1024,1024,1024,1024,1024,1024,1024,1024,1024,1024,1024,1024,1024,1024,1024,1024,1024,1024,1024,1024,1024,1024,1024,1024,1024,1024,1024,1024,1024,1024,1024,1024,1024,1024,1024,1024,1024,1024,1024,1024,1024,1024,1024,1024,1024,1024,1024,1024,1024,1024,1024,1024

lead:aVL
count:500
points:1024,1024,1024,1024,1024,1024,1024,1024,1024,1024,1024,1025,1025,1025,1025,1025,1025,1025,1025,1025,1025,1026,1026,1026,1026,1026,1026,1026,1026,1026,1027,1027,1027,1027,1027,1027,1027,1027,1027,1027,1027,1027,1027,1027,1027,1027,1027,1027,1027,1027,1027,1026,1026,1026,1026,1026,1026,1026,1026,1026,1025,1025,1025,1025,1025,1025,1025,1025,1025,1025,1024,1024,1024,1024,1024,1024,1024,1024,1024,1024,1024,1024,1024,1024,1024,1024,1024,1024,1024,1024,1024,1024,1024,1024,1024,1024,1024,1024,1024,1024,1024,1024,1024,1024,1024,1024,1024,1024,1024,1024,1024,1024,1024,1024,1024,1024,1024,1024,1024,1024,1024,1024,1024,1024,1024,1024,1024,1025,1025,1025,1025,1026,1026,1027,1028,1029,1030,1031,1033,1034,1036,1038,1041,1044,1047,1050,1054,1058,1063,1068,1073,1079,1086,1093,1101,1109,1116,1124,1132,1139,1147,1155,1162,1170,1178,1190,1202,1213,1225,1237,1248,1259,1270,1280,1290,1300,1309,1318,1326,1334,1341,1347,1353,1358,1363,1367,1370,1373,1374,1376,1376,1357,1339,1320,1302,1283,1265,1247,1230,1212,1195,1178,1161,1145,1129,1113,1098,1083,1069,1055,1041,1028,1016,1004,993,983,972,963,954,946,939,932,926,921,916,912,909,906,904,903,903,890,878,865,854,843,834,825,818,813,809,805,805,810,815,820,824,829,834,839,844,848,853,858,863,868,873,877,882,887,892,897,901,906,911,916,921,925,930,935,940,945,949,954,959,964,969,973,978,983,988,993,997,1002,1007,1012,1017,1021,1026,1031,1036,1041,1045,1050,1055,1060,1065,1069,1074,1078,1082,1086,1090,1094,1098,1102,1106,1110,1114,1118,1121,1125,1129,1132,1136,1140,1143,1146,1150,1153,1156,1159,1162,1165,1168,1171,1174,1176,1179,1181,1184,1186,1188,1190,1192,1194,1196,1197,1199,1200,1201,1202,1203,1204,1205,1206,1206,1207,1207,1207,1207,1207,1207,1206,1205,1204,1202,1201,1199,1197,1194,1192,1189,1186,1183,1180,1177,1173,1170,1166,1163,1160,1157,1153,1150,1147,1144,1141,1137,1134,1131,1128,1125,1122,1119,1116,1113,1110,1107,1104,1101,1098,1095,1093,1090,1087,1084,1082,1079,1077,1074,1072,1069,1067,1065,1062,1060,1058,1056,1054,1052,1050,1048,1047,1045,1043,1042,1040,1039,1037,1036,1035,1033,1032,1031,1030,1029,1028,1028,1027,1026,1026,1025,1025,1025,1024,1024,1024,1024,1024,1024,1024,1024,1024,1024,1024,1024,1024,1024,1024,1024,1024,1024,1024,1024,1024,1024,1024,1024,1024,1024,1024,1024,1024,1024,1024,1024,1024,1024,1024,1024,1024,1024,1024,1024,1024,1024,1024,1024,1024,1024,1024,1024,1024,1024,1024,1024,1024,1024,1024,1024,1024,1024,1024,1024,1024,1024,1024,1024,1024

lead:aVF
count:500
points:1024,1024,1024,1024,1024,1024,1025,1025,1025,1025,1026,1026,1026,1027,1027,1028,1028,1029,1029,1029,1030,1030,1031,1031,1032,1032,1033,1033,1033,1034,1034,1034,1035,1035,1035,1035,1036,1036,1036,1036,1036,1036,1036,1036,1036,1035,1035,1035,1035,1034,1034,1034,1033,1033,1033,1032,1032,1031,1031,1030,1030,1029,1029,1029,1028,1028,1027,1027,1026,1026,1026,1025,1025,1025,1025,1024,1024,1024,1024,1024,1024,1024,1024,1024,1024,1024,1024,1024,1024,1024,1024,1024,1024,1024,1024,1024,1024,1024,1024,1024,1024,1024,1024,1024,1024,1024,1024,1024,1024,1024,1024,1024,1024,1024,1024,1024,1024,1024,1024,1024,1024,1024,1024,1024,1024,1024,1024,1024,1024,1024,1024,1024,1024,1024,1024,1024,1024,1024,1024,1024,1024,1023,1023,1023,1023,1023,1023,1023,1023,1022,1022,1022,1022,1021,1021,1020,1019,1017,1016,1015,1014,1013,1012,1010,1009,1000,990,981,972,963,954,945,936,928,920,913,905,898,892,886,880,875,870,866,863,860,857,855,854,853,853,857,861,865,869,873,877,881,885,888,892,896,900,903,907,910,913,917,920,923,926,929,931,934,936,939,941,943,945,947,948,950,951,952,953,954,955,955,956,956,956,969,981,993,1005,1015,1025,1033,1040,1046,1050,1054,1054,1051,1049,1047,1044,1042,1040,1037,1035,1033,1030,1028,1026,1023,1021,1019,1016,1014,1012,1009,1007,1005,1002,1000,998,995,993,991,989,986,984,982,979,977,975,972,970,968,965,963,961,958,956,954,951,949,947,944,942,940,937,935,933,930,928,926,923,932,941,949,958,966,975,983,991,1000,1008,1016,1024,1032,1040,1048,1055,1063,1070,1078,1085,1092,1099,1105,1112,1118,1124,1130,1136,1141,1147,1152,1157,1162,1166,1171,1175,1179,1182,1186,1189,1192,1194,1197,1199,1201,1203,1204,1205,1206,1207,1207,1207,1207,1207,1206,1205,1204,1202,1201,1199,1197,1194,1192,1189,1186,1183,1180,1177,1173,1170,1166,1163,1160,1157,1153,1150,1147,1144,1141,1137,1134,1131,1128,1125,1122,1119,1116,1113,1110,1107,1104,1101,1098,1095,1093,1090,1087,1084,1082,1079,1077,1074,1072,1069,1067,1065,1062,1060,1058,1056,1054,1052,1050,1048,1047,1045,1043,1042,1040,1039,1037,1036,1035,1033,1032,1031,1030,1029,1028,1028,1027,1026,1026,1025,1025,1025,1024,1024,1024,1024,1024,1024,1024,1024,1024,1024,1024,1024,1024,1024,1024,1024,1024,1024,1024,1024,1024,1024,1024,1024,1024,1024,1024,1024,1024,1024,1024,1024,1024,1024,1024,1024,1024,1024,1024,1024,1024,1024,1024,1024,1024,1024,1024,1024,1024,1024,1024,1024,1024,1024,1024,1024,1024,1024,1024,1024,1024,1024,1024,1024,1024

lead:V1
count:500
points:1024,1024,1024,1024,1024,1024,1023,1023,1023,1023,1022,1022,1022,1021,1021,1020,1020,1019,1019,1018,1018,1017,1017,1016,1016,1015,1015,1014,1013,1013,1012,1012,1011,1011,1010,1010,1009,1009,1009,1008,1008,1008,1007,1007,1007,1007,1007,1006,1006,1006,1006,1006,1006,1006,1007,1007,1007,1007,1007,1008,1008,1008,1009,1009,1009,1010,1010,1011,1011,1012,1012,1013,1013,1014,1015,1015,1016,1016,1017,1017,1018,1018,1019,1019,1020,1020,1021,1021,1022,1022,1022,1023,1023,1023,1023,1024,1024,1024,1024,1024,1024,1024,1024,1024,1024,1024,1024,1024,1024,1024,1024,1024,1024,1024,1024,1024,1024,1024,1024,1024,1024,1024,1024,1024,1024,1024,1024,1024,1024,1024,1024,1024,1024,1024,1024,1024,1024,1024,1024,1024,1024,1024,1024,1024,1024,1024,1024,1024,1024,1024,1024,1024,1024,1024,1024,1024,1024,1024,1025,1025,1025,1026,1026,1027,1027,1027,1028,1029,1030,1032,1034,1036,1039,1042,1045,1048,1051,1054,1058,1061,1064,1067,1070,1072,1075,1077,1078,1080,1081,1082,1082,1081,1079,1076,1071,1065,1058,1049,1040,1029,1017,1005,991,977,962,946,930,914,897,880,862,845,828,811,795,778,763,748,734,720,707,696,685,675,667,660,654,649,646,644,643,644,645,648,652,656,662,668,675,683,691,700,709,728,728,736,743,751,758,765,773,780,788,795,803,810,818,825,833,840,848,855,863,870,878,885,893,900,908,915,923,930,938,945,953,960,968,975,983,990,998,1005,1013,1020,1028,1035,1043,1050,1058,1065,1073,1080,1088,1095,1103,1110,1118,1125,1132,1137,1142,1147,1152,1157,1161,1166,1171,1176,1180,1185,1189,1194,1198,1203,1207,1211,1216,1220,1224,1228,1232,1235,1239,1243,1246,1250,1253,1256,1259,1262,1265,1267,1270,1272,1275,1277,1279,1281,1283,1284,1286,1287,1289,1290,1291,1291,1292,1293,1293,1293,1293,1293,1293,1292,1292,1291,1290,1288,1287,1285,1283,1281,1279,1277,1274,1271,1268,1265,1262,1259,1255,1251,1247,1243,1239,1235,1231,1226,1222,1217,1212,1207,1203,1198,1193,1187,1182,1177,1172,1167,1161,1156,1151,1146,1141,1135,1130,1125,1120,1115,1110,1105,1100,1095,1091,1086,1082,1077,1073,1069,1065,1061,1058,1054,1051,1047,1044,1041,1039,1036,1033,1031,1029,1027,1026,1024,1023,1022,1021,1020,1020,1019,1019,1019,1019,1019,1019,1019,1019,1019,1019,1019,1020,1020,1020,1020,1020,1020,1020,1020,1020,1020,1020,1020,1020,1020,1021,1021,1021,1021,1021,1021,1021,1021,1021,1022,1022,1022,1022,1022,1022,1022,1022,1022,1022,1023,1023,1023,1023,1023,1023,1023,1023,1023,1023,1023,1024,1024,1024,1024,1024,1024,1024,1024,1024,1024,1024,1024,1024,1024

lead:V2
count:500
points:1024,1024,1024,1024,1024,1024,1023,1023,1023,1023,1022,1022,1021,1021,1021,1020,1020,1019,1018,1018,1017,1017,1016,1016,1015,1014,1014,1013,1013,1012,1011,1011,1010,1010,1009,1009,1008,1008,1007,1007,1007,1006,1006,1006,1006,1005,1005,1005,1005,1005,1005,1005,1005,1005,1005,1005,1006,1006,1006,1006,1007,1007,1007,1008,1008,1009,1009,1010,1010,1011,1011,1012,1013,1013,1014,1014,1015,1016,1016,1017,1017,1018,1018,1019,1020,1020,1021,1021,1021,1022,1022,1023,1023,1023,1023,1024,1024,1024,1024,1024,1024,1024,1024,1024,1024,1024,1024,1024,1024,1024,1024,1024,1024,1024,1024,1024,1024,1024,1024,1024,1024,1024,1024,1024,1024,1024,1024,1024,1024,1024,1024,1024,1024,1024,1024,1024,1024,1024,1024,1024,1024,1024,1024,1024,1024,1024,1024,1024,1024,1024,1024,1024,1024,1024,1024,1024,1024,1025,1025,1026,1027,1028,1029,1030,1032,1032,1035,1038,1043,1049,1057,1065,1075,1085,1096,1108,1119,1132,1144,1155,1167,1178,1188,1198,1206,1214,1220,1225,1228,1231,1231,1230,1227,1221,1213,1203,1191,1177,1161,1144,1124,1103,1080,1056,1031,1005,978,951,922,894,865,836,808,780,752,725,699,674,650,627,606,586,569,553,539,527,517,509,503,500,499,499,501,504,509,514,521,528,536,546,555,566,577,599,599,609,618,628,638,648,657,667,677,686,696,706,716,725,735,745,755,764,774,784,794,803,813,823,832,842,852,862,871,881,891,901,910,920,930,940,949,959,969,978,988,998,1008,1017,1027,1037,1047,1056,1066,1076,1086,1095,1105,1115,1124,1135,1146,1157,1168,1179,1190,1201,1211,1222,1232,1243,1253,1263,1273,1283,1293,1303,1312,1322,1331,1340,1348,1357,1365,1373,1381,1389,1396,1403,1410,1417,1423,1429,1435,1441,1446,1451,1456,1460,1464,1468,1471,1474,1477,1479,1482,1483,1485,1486,1487,1488,1488,1487,1487,1486,1485,1483,1481,1479,1477,1474,1471,1467,1463,1459,1455,1450,1445,1440,1434,1428,1422,1416,1409,1402,1395,1388,1381,1373,1365,1357,1349,1341,1332,1324,1315,1307,1298,1289,1280,1271,1262,1253,1244,1235,1226,1217,1209,1200,1191,1183,1174,1166,1157,1149,1141,1133,1126,1118,1111,1104,1097,1091,1084,1078,1072,1067,1062,1057,1052,1047,1043,1039,1036,1033,1030,1027,1025,1023,1022,1020,1020,1019,1019,1019,1019,1019,1019,1019,1019,1019,1019,1019,1019,1019,1019,1019,1019,1019,1020,1020,1020,1020,1020,1020,1020,1020,1020,1020,1021,1021,1021,1021,1021,1021,1021,1021,1021,1022,1022,1022,1022,1022,1022,1022,1022,1022,1023,1023,1023,1023,1023,1023,1023,1023,1023,1023,1023,1024,1024,1024,1024,1024,1024,1024,1024,1024,1024,1024,1024,1024

lead:V3
count:500
points:1024,1024,1024,1024,1024,1024,1023,1023,1023,1023,1022,1022,1022,1021,1021,1020,1020,1019,1019,1018,1018,1017,1017,1016,1016,1015,1015,1014,1013,1013,1012,1012,1011,1011,1010,1010,1009,1009,1009,1008,1008,1008,1007,1007,1007,1007,1007,1006,1006,1006,1006,1006,1006,1006,1007,1007,1007,1007,1007,1008,1008,1008,1009,1009,1009,1010,1010,1011,1011,1012,1012,1013,1013,1014,1015,1015,1016,1016,1017,1017,1018,1018,1019,1019,1020,1020,1021,1021,1022,1022,1022,1023,1023,1023,1023,1024,1024,1024,1024,1024,1024,1024,1024,1024,1024,1024,1024,1024,1024,1024,1024,1024,1024,1024,1024,1024,1024,1024,1024,1024,1024,1024,1024,1024,1024,1024,1024,1024,1024,1024,1024,1024,1024,1024,1024,1024,1024,1024,1024,1024,1024,1024,1024,1024,1024,1024,1024,1024,1024,1024,1024,1024,1024,1024,1024,1024,1025,1025,1026,1027,1029,1030,1032,1033,1035,1036,1040,1045,1053,1063,1075,1088,1103,1119,1137,1155,1174,1193,1212,1230,1248,1266,1282,1297,1310,1322,1332,1340,1345,1350,1350,1349,1344,1337,1328,1315,1300,1282,1262,1240,1216,1189,1161,1131,1100,1067,1033,999,963,928,892,856,820,785,750,716,683,652,622,594,567,543,521,501,483,468,455,446,439,434,433,434,436,439,443,448,455,462,471,480,490,500,511,533,533,544,555,565,576,586,597,607,618,628,639,649,660,670,681,691,702,712,723,733,744,754,765,775,786,796,807,817,828,838,849,859,870,881,891,902,912,923,933,944,954,965,975,986,996,1007,1017,1028,1038,1049,1059,1070,1080,1091,1101,1117,1132,1148,1163,1178,1193,1209,1224,1239,1253,1268,1283,1297,1311,1325,1339,1352,1366,1379,1392,1404,1416,1428,1440,1452,1463,1473,1484,1494,1504,1513,1522,1530,1539,1546,1554,1561,1567,1573,1579,1584,1589,1594,1597,1601,1604,1606,1609,1610,1611,1612,1612,1612,1611,1610,1609,1607,1605,1602,1598,1595,1591,1586,1582,1576,1571,1565,1558,1552,1545,1537,1529,1521,1513,1504,1496,1486,1477,1467,1457,1447,1437,1427,1416,1405,1394,1383,1372,1361,1350,1338,1327,1316,1304,1293,1282,1271,1259,1248,1237,1226,1216,1205,1194,1184,1174,1164,1155,1145,1136,1127,1119,1110,1102,1094,1087,1080,1073,1067,1061,1055,1050,1045,1041,1037,1033,1030,1027,1025,1023,1021,1020,1019,1019,1019,1019,1019,1019,1019,1019,1019,1019,1019,1020,1020,1020,1020,1020,1020,1020,1020,1020,1020,1020,1020,1020,1020,1021,1021,1021,1021,1021,1021,1021,1021,1021,1022,1022,1022,1022,1022,1022,1022,1022,1022,1022,1023,1023,1023,1023,1023,1023,1023,1023,1023,1023,1023,1024,1024,1024,1024,1024,1024,1024,1024,1024,1024,1024,1024,1024,1024

lead:V4
count:500
points:1024,1024,1024,1024,1024,1024,1024,1023,1023,1023,1023,1022,1022,1022,1022,1021,1021,1021,1020,1020,1019,1019,1019,1018,1018,1017,1017,1016,1016,1016,1015,1015,1014,1014,1014,1013,1013,1013,1012,1012,1012,1012,1011,1011,1011,1011,1011,1011,1011,1011,1011,1011,1011,1011,1011,1011,1011,1011,1011,1012,1012,1012,1012,1013,1013,1013,1014,1014,1014,1015,1015,1016,1016,1016,1017,1017,1018,1018,1019,1019,1019,1020,1020,1021,1021,1021,1022,1022,1022,1022,1023,1023,1023,1023,1024,1024,1024,1024,1024,1024,1024,1024,1024,1024,1024,1024,1024,1024,1024,1024,1024,1024,1024,1024,1024,1024,1024,1024,1024,1024,1024,1024,1024,1024,1024,1024,1024,1024,1024,1024,1024,1024,1024,1024,1024,1024,1024,1024,1024,1024,1024,1024,1024,1024,1024,1024,1024,1024,1024,1024,1024,1024,1024,1024,1024,1024,1025,1025,1026,1028,1029,1031,1033,1035,1037,1038,1042,1049,1059,1071,1085,1101,1120,1139,1161,1183,1206,1229,1252,1275,1297,1318,1338,1356,1373,1387,1399,1408,1415,1421,1421,1419,1415,1408,1397,1384,1368,1350,1329,1305,1280,1252,1222,1191,1158,1124,1088,1052,1015,977,939,902,864,827,791,755,721,688,656,627,599,573,550,529,510,495,481,471,464,459,458,458,460,463,466,471,476,483,490,498,506,515,524,543,543,553,562,572,582,591,601,611,620,630,640,649,659,669,678,688,698,708,717,727,737,746,756,766,775,785,795,804,814,824,833,843,853,862,872,882,891,901,911,920,930,940,949,959,969,979,988,998,1008,1017,1027,1037,1046,1056,1066,1083,1101,1118,1136,1153,1171,1188,1205,1222,1239,1256,1272,1289,1305,1321,1336,1352,1367,1382,1397,1411,1425,1439,1452,1465,1478,1490,1502,1513,1524,1535,1545,1555,1564,1573,1582,1590,1597,1604,1611,1617,1622,1627,1631,1635,1639,1642,1644,1646,1647,1648,1648,1648,1647,1646,1645,1643,1640,1637,1634,1630,1626,1621,1616,1610,1604,1598,1591,1584,1577,1569,1561,1552,1543,1534,1525,1515,1505,1495,1484,1474,1463,1452,1441,1429,1418,1406,1394,1382,1370,1358,1346,1334,1322,1310,1298,1286,1275,1263,1251,1240,1228,1217,1206,1195,1184,1174,1164,1154,1144,1135,1125,1117,1108,1100,1092,1085,1078,1071,1064,1059,1053,1048,1043,1039,1035,1032,1029,1026,1024,1022,1021,1021,1020,1020,1020,1020,1020,1020,1020,1020,1021,1021,1021,1021,1021,1021,1021,1021,1021,1021,1021,1021,1021,1021,1021,1021,1021,1021,1022,1022,1022,1022,1022,1022,1022,1022,1022,1022,1022,1022,1023,1023,1023,1023,1023,1023,1023,1023,1023,1023,1023,1023,1023,1023,1024,1024,1024,1024,1024,1024,1024,1024,1024,1024,1024,1024,1024,1024,1024,1024

lead:V5
count:500
points:1024,1024,1024,1024,1024,1024,1024,1024,1024,1023,1023,1023,1023,1023,1023,1022,1022,1022,1022,1022,1021,1021,1021,1021,1021,1020,1020,1020,1020,1019,1019,1019,1019,1019,1018,1018,1018,1018,1018,1018,1017,1017,1017,1017,1017,1017,1017,1017,1017,1017,1017,1017,1017,1017,1017,1017,1017,1017,1017,1017,1017,1018,1018,1018,1018,1018,1018,1019,1019,1019,1019,1019,1020,1020,1020,1020,1021,1021,1021,1021,1021,1022,1022,1022,1022,1022,1023,1023,1023,1023,1023,1023,1024,1024,1024,1024,1024,1024,1024,1024,1024,1024,1024,1024,1024,1024,1024,1024,1024,1024,1024,1024,1024,1024,1024,1024,1024,1024,1024,1024,1024,1024,1024,1024,1024,1024,1024,1024,1024,1024,1024,1024,1024,1024,1024,1024,1024,1024,1024,1024,1024,1024,1024,1024,1024,1024,1024,1024,1024,1024,1024,1024,1024,1024,1024,1024,1025,1025,1026,1028,1029,1031,1033,1034,1036,1038,1042,1049,1059,1071,1086,1103,1121,1142,1163,1186,1209,1233,1257,1280,1303,1324,1345,1364,1380,1395,1407,1417,1424,1430,1430,1396,1362,1329,1295,1262,1229,1196,1164,1132,1100,1069,1039,1009,980,951,923,896,870,845,820,797,775,753,733,713,695,678,662,647,634,621,610,600,592,585,579,574,571,569,568,568,570,571,574,577,581,585,590,595,600,606,613,625,625,633,640,647,655,662,670,677,684,692,699,707,714,721,729,736,743,751,758,766,773,780,788,795,803,810,817,825,832,840,847,854,862,869,877,884,891,899,906,914,921,928,936,943,950,958,965,973,980,987,995,1002,1010,1017,1024,1041,1058,1075,1092,1109,1126,1143,1159,1176,1192,1209,1225,1240,1256,1272,1287,1302,1316,1331,1345,1359,1373,1386,1399,1411,1424,1435,1447,1458,1469,1479,1489,1498,1508,1516,1524,1532,1539,1546,1552,1558,1563,1568,1573,1576,1580,1583,1585,1587,1588,1589,1589,1589,1588,1587,1586,1584,1582,1579,1576,1572,1568,1564,1560,1555,1549,1543,1537,1531,1524,1517,1510,1502,1494,1486,1477,1469,1460,1450,1441,1431,1421,1411,1401,1391,1381,1370,1359,1349,1338,1327,1316,1306,1295,1284,1273,1262,1252,1241,1230,1220,1210,1200,1190,1180,1170,1161,1151,1142,1134,1125,1117,1109,1101,1094,1087,1080,1074,1068,1062,1056,1051,1047,1043,1039,1035,1032,1030,1027,1025,1024,1023,1022,1022,1022,1022,1022,1022,1022,1022,1022,1022,1022,1022,1022,1022,1022,1022,1022,1022,1022,1022,1022,1022,1022,1023,1023,1023,1023,1023,1023,1023,1023,1023,1023,1023,1023,1023,1023,1023,1023,1023,1023,1023,1023,1023,1023,1023,1023,1024,1024,1024,1024,1024,1024,1024,1024,1024,1024,1024,1024,1024,1024,1024,1024,1024,1024,1024,1024,1024,1024

lead:V6
count:500
points:1024,1024,1024,1024,1024,1024,1024,1024,1024,1024,1024,1024,1024,1024,1024,1024,1024,1024,1024,1024,1024,1024,1024,1024,1024,1024,1024,1024,1024,1024,1024,1024,1024,1024,1024,1024,1024,1024,1024,1024,1024,1024,1024,1024,1024,1024,1024,1024,1024,1024,1024,1024,1024,1024,1024,1024,1024,1024,1024,1024,1024,1024,1024,1024,1024,1024,1024,1024,1024,1024,1024,1024,1024,1024,1024,1024,1024,1024,1024,1024,1024,1024,1024,1024,1024,1024,1024,1024,1024,1024,1024,1024,1024,1024,1024,1024,1024,1024,1024,1024,1024,1024,1024,1024,1024,1024,1024,1024,1024,1024,1024,1024,1024,1024,1024,1024,1024,1024,1024,1024,1024,1024,1024,1024,1024,1024,1024,1024,1024,1024,1024,1024,1024,1024,1024,1024,1024,1024,1024,1024,1024,1024,1024,1024,1024,1024,1024,1024,1024,1024,1024,1024,1024,1024,1024,1025,1026,1027,1028,1029,1030,1031,1032,1033,1034,1035,1037,1040,1044,1050,1057,1064,1074,1084,1095,1107,1121,1135,1150,1166,1182,1200,1218,1236,1256,1275,1295,1315,1336,1377,1377,1353,1328,1303,1279,1254,1230,1206,1183,1159,1136,1114,1091,1070,1048,1027,1007,987,968,950,932,915,898,883,868,854,840,828,816,805,795,786,778,771,765,760,755,752,749,748,748,748,748,749,750,751,752,754,755,757,759,761,763,768,768,772,776,780,784,788,792,796,800,804,808,812,816,820,824,828,832,836,840,844,848,852,856,860,864,868,872,876,880,883,887,891,895,899,903,907,911,915,919,923,927,931,935,939,943,947,951,955,959,963,967,971,975,979,983,997,1011,1025,1039,1052,1066,1080,1093,1107,1120,1133,1146,1159,1172,1185,1197,1209,1221,1233,1245,1256,1267,1278,1289,1299,1309,1319,1328,1337,1346,1354,1362,1370,1377,1384,1391,1397,1403,1409,1414,1419,1423,1427,1430,1434,1436,1439,1440,1442,1443,1444,1444,1436,1428,1420,1412,1404,1396,1388,1380,1372,1364,1356,1348,1340,1333,1325,1317,1310,1302,1294,1287,1279,1272,1265,1258,1250,1243,1236,1229,1222,1216,1209,1202,1196,1189,1183,1177,1171,1165,1159,1153,1147,1141,1136,1130,1125,1120,1115,1110,1105,1100,1096,1091,1087,1083,1079,1075,1071,1068,1064,1061,1058,1054,1052,1049,1046,1044,1041,1039,1037,1035,1033,1032,1030,1029,1028,1027,1026,1025,1025,1024,1024,1024,1024,1024,1024,1024,1024,1024,1024,1024,1024,1024,1024,1024,1024,1024,1024,1024,1024,1024,1024,1024,1024,1024,1024,1024,1024,1024,1024,1024,1024,1024,1024,1024,1024,1024,1024,1024,1024,1024,1024,1024,1024,1024,1024,1024,1024,1024,1024,1024,1024,1024,1024,1024,1024,1024,1024,1024,1024,1024,1024,1024,1024,1024,1024,1024,1024,1024,1024

