pathology:synlvht
group:hypertrophy
title:Sinus rhythm with left ventricular hypertrophy
name:Синусовый ритм при гипертрофии левого желудочка
leads:12

lead:I
count:520
points:1024,1024,1024,1025,1025,1026,1026,1027,1028,1029,1030,1032,1033,1034,1036,1038,1039,1041,1043,1045,1047,1049,1051,1053,1055,1057,1059,1061,1064,1066,1068,1070,1071,1073,1075,1077,1078,1080,1082,1083,1084,1085,1086,1087,1088,1089,1090,1090,1090,1090,1091,1090,1090,1090,1090,1089,1088,1087,1086,1085,1084,1083,1082,1080,1078,1077,1075,1073,1071,1070,1068,1066,1064,1061,1059,1057,1055,1053,1051,1049,1047,1045,1043,1041,1039,1038,1036,1034,1033,1032,1030,1029,1028,1027,1026,1026,1025,1025,1024,1024,1024,1024,1024,1024,1024,1024,1024,1024,1024,1024,1024,1024,1024,1024,1024,1024,1024,1024,1024,1024,1024,1024,1024,1024,1024,1024,1024,1024,1023,1023,1023,1023,1022,1022,1021,1020,1020,1019,1018,1016,1015,1013,1012,1010,1007,1005,1002,999,996,992,988,983,979,968,968,962,955,949,943,937,931,925,919,912,906,944,982,1020,1057,1095,1133,1171,1209,1247,1284,1322,1360,1398,1436,1473,1511,1549,1587,1625,1662,1700,1738,1776,1814,1889,1889,1850,1811,1773,1734,1696,1657,1620,1582,1545,1509,1473,1438,1404,1370,1337,1305,1274,1244,1215,1187,1160,1134,1109,1086,1063,1042,1023,1004,987,972,957,945,933,923,915,908,903,899,896,896,914,930,943,955,965,973,980,986,990,993,995,997,998,998,998,998,998,998,998,998,998,998,998,998,998,998,998,998,998,998,998,998,998,998,998,998,998,998,998,998,998,998,998,998,998,998,998,998,998,998,998,998,998,998,998,998,998,998,998,998,998,998,998,998,998,998,998,998,998,998,998,998,998,998,998,998,998,998,998,998,998,998,998,998,998,998,998,998,998,998,998,998,998,998,998,998,998,998,998,998,998,998,998,998,997,997,997,997,996,996,996,995,995,994,994,994,993,993,992,992,991,990,990,989,989,988,987,987,986,985,985,984,983,982,982,981,980,979,978,978,977,976,975,974,974,973,972,971,970,969,969,968,967,966,965,964,964,963,962,961,960,960,959,958,957,957,956,955,955,954,953,952,952,951,951,950,949,949,948,948,947,947,946,946,946,945,945,944,944,944,944,943,943,943,943,943,942,942,942,942,942,942,942,942,942,943,943,944,944,945,946,946,947,948,949,950,952,953,954,955,957,958,960,961,963,965,966,968,970,972,974,976,977,979,981,983,985,987,989,991,992,994,996,998,1000,1001,1003,1005,1006,1008,1009,1011,1012,1013,1015,1016,1017,1018,1019,1020,1021,1021,1022,1022,1023,1023,1024,1024,1024,1024,1024,1024,1024,1024,1024,1024,1024,1024,1024,1024,1024,1024,1024,1024,1024,1024,1024,1024,1024

lead:II
count:520
points:1024,1024,1024,1025,1026,1027,1028,1029,1030,1032,1034,1036,1038,1040,1043,1045,1048,1051,1053,1056,1059,1062,1066,1069,1072,1075,1078,1082,1085,1088,1091,1094,1097,1100,1103,1105,1108,1110,1113,1115,1117,1118,1120,1122,1123,1124,1125,1125,1126,1126,1126,1126,1126,1125,1125,1124,1123,1122,1120,1118,1117,1115,1113,1110,1108,1105,1103,1100,1097,1094,1091,1088,1085,1082,1078,1075,1072,1069,1066,1062,1059,1056,1053,1051,1048,1045,1043,1040,1038,1036,1034,1032,1030,1029,1028,1027,1026,1025,1024,1024,1024,1024,1024,1024,1024,1024,1024,1024,1024,1024,1024,1024,1024,1024,1024,1024,1024,1024,1024,1024,1024,1024,1024,1024,1024,1024,1024,1024,1024,1024,1024,1024,1024,1024,1024,1024,1024,1024,1023,1023,1023,1023,1023,1023,1022,1022,1022,1022,1021,1021,1021,1020,1020,1019,1019,1017,1016,1014,1013,1011,1010,1008,1007,1005,1004,1020,1037,1053,1070,1086,1103,1119,1136,1152,1169,1185,1202,1219,1235,1252,1268,1285,1301,1318,1334,1351,1367,1384,1401,1434,1434,1410,1386,1363,1339,1316,1293,1270,1247,1224,1202,1181,1159,1138,1118,1098,1078,1060,1041,1023,1006,990,974,959,945,931,918,906,895,885,875,867,859,852,846,841,837,834,831,829,829,864,894,920,942,961,977,989,1000,1008,1014,1018,1021,1023,1024,1024,1024,1024,1024,1024,1024,1024,1024,1024,1024,1024,1024,1024,1024,1024,1024,1024,1024,1024,1024,1024,1024,1024,1024,1024,1024,1024,1024,1024,1024,1024,1024,1024,1024,1024,1024,1024,1024,1024,1024,1024,1024,1024,1024,1024,1024,1024,1024,1024,1024,1024,1024,1024,1024,1024,1024,1024,1024,1024,1024,1024,1024,1024,1024,1024,1024,1024,1024,1024,1024,1024,1024,1024,1024,1024,1024,1024,1024,1024,1024,1024,1024,1024,1024,1024,1025,1025,1025,1026,1026,1027,1028,1028,1029,1030,1031,1032,1033,1034,1036,1037,1038,1040,1041,1043,1044,1046,1048,1050,1051,1053,1055,1057,1059,1061,1063,1066,1068,1070,1072,1074,1077,1079,1081,1084,1086,1089,1091,1094,1096,1098,1101,1103,1106,1108,1111,1113,1116,1118,1121,1123,1126,1128,1131,1133,1136,1138,1140,1143,1145,1147,1149,1151,1154,1156,1158,1160,1162,1164,1166,1167,1169,1171,1172,1174,1176,1177,1179,1180,1181,1182,1184,1185,1186,1187,1188,1189,1189,1190,1191,1191,1192,1192,1192,1193,1193,1193,1193,1193,1193,1192,1192,1191,1190,1189,1187,1186,1184,1182,1180,1178,1176,1173,1171,1168,1165,1162,1159,1156,1153,1150,1146,1143,1139,1135,1132,1128,1124,1120,1116,1112,1108,1105,1101,1097,1093,1089,1085,1082,1078,1074,1071,1067,1064,1061,1058,1055,1052,1049,1046,1043,1041,1039,1037,1035,1033,1031,1030,1028,1027,1026,1025,1025,1024,1024,1024,1024,1024,1024,1024,1024,1024,1024,1024,1024,1024,1024,1024,1024,1024,1024,1024,1024,1024,1024

lead:III
count:520
points:1024,1024,1024,1024,1025,1025,1025,1026,1026,1027,1027,1028,1029,1030,1030,1031,1032,1033,1034,1035,1036,1037,1039,1040,1041,1042,1043,1044,1045,1046,1047,1049,1050,1051,1052,1052,1053,1054,1055,1056,1056,1057,1058,1058,1059,1059,1059,1060,1060,1060,1060,1060,1060,1060,1059,1059,1059,1058,1058,1057,1056,1056,1055,1054,1053,1052,1052,1051,1050,1049,1047,1046,1045,1044,1043,1042,1041,1040,1039,1037,1036,1035,1034,1033,1032,1031,1030,1030,1029,1028,1027,1027,1026,1026,1025,1025,1025,1024,1024,1024,1024,1024,1024,1024,1024,1024,1024,1024,1024,1024,1024,1024,1024,1024,1024,1024,1024,1024,1024,1024,1024,1024,1024,1024,1024,1024,1024,1024,1025,1025,1025,1025,1026,1026,1027,1027,1028,1029,1030,1031,1032,1034,1035,1037,1039,1041,1044,1047,1050,1053,1057,1061,1065,1075,1075,1080,1084,1089,1094,1098,1103,1107,1112,1117,1121,1100,1079,1058,1037,1016,995,974,953,932,911,890,868,847,826,805,784,763,742,721,700,679,658,637,616,573,573,589,604,619,634,648,663,678,692,706,720,734,748,761,774,787,799,811,823,834,845,855,865,875,884,893,901,908,916,922,928,934,939,943,947,950,953,955,956,957,957,974,988,1000,1011,1020,1027,1033,1038,1042,1045,1047,1048,1049,1049,1050,1050,1050,1050,1050,1050,1050,1050,1050,1050,1050,1050,1050,1050,1050,1050,1050,1050,1050,1050,1050,1050,1050,1050,1050,1050,1050,1050,1050,1050,1050,1050,1050,1050,1050,1050,1050,1050,1050,1050,1050,1050,1050,1050,1050,1050,1050,1050,1050,1050,1050,1050,1050,1050,1050,1050,1050,1050,1050,1050,1050,1050,1050,1050,1050,1050,1050,1050,1050,1050,1050,1050,1050,1050,1050,1050,1050,1050,1050,1050,1050,1050,1050,1050,1050,1050,1051,1051,1052,1053,1054,1055,1056,1057,1058,1059,1061,1062,1064,1065,1067,1069,1071,1073,1075,1077,1079,1081,1084,1086,1089,1091,1094,1097,1099,1102,1105,1108,1111,1114,1117,1120,1123,1126,1129,1133,1136,1139,1142,1146,1149,1152,1156,1159,1162,1166,1169,1172,1176,1179,1182,1185,1189,1192,1195,1198,1201,1205,1208,1211,1214,1217,1220,1222,1225,1228,1231,1233,1236,1238,1241,1243,1245,1248,1250,1252,1254,1256,1257,1259,1261,1262,1264,1265,1267,1268,1269,1270,1271,1272,1272,1273,1274,1274,1274,1275,1275,1275,1275,1274,1274,1273,1272,1270,1268,1266,1264,1262,1259,1256,1253,1250,1246,1242,1238,1234,1230,1225,1220,1215,1210,1205,1200,1195,1189,1184,1178,1172,1167,1161,1155,1149,1144,1138,1132,1126,1121,1115,1110,1104,1099,1094,1088,1083,1079,1074,1069,1065,1061,1057,1053,1049,1046,1043,1040,1037,1035,1032,1031,1029,1027,1026,1025,1025,1024,1024,1024,1024,1024,1024,1024,1024,1024,1024,1024,1024,1024,1024,1024,1024,1024,1024,1024,1024,1024

lead:aVR
count:520
points:1024,1024,1024,1023,1022,1022,1021,1019,1018,1016,1015,1013,1011,1009,1006,1004,1001,999,996,993,990,987,984,981,978,975,972,969,966,963,960,957,954,952,949,947,944,942,940,938,936,934,932,931,930,929,928,927,927,927,926,927,927,927,928,929,930,931,932,934,936,938,940,942,944,947,949,952,954,957,960,963,966,969,972,975,978,981,984,987,990,993,996,999,1001,1004,1006,1009,1011,1013,1015,1016,1018,1019,1021,1022,1022,1023,1024,1024,1024,1024,1024,1024,1024,1024,1024,1024,1024,1024,1024,1024,1024,1024,1024,1024,1024,1024,1024,1024,1024,1024,1024,1024,1024,1024,1024,1024,1024,1024,1025,1025,1025,1025,1026,1026,1027,1027,1028,1029,1030,1031,1032,1033,1034,1036,1038,1040,1042,1044,1047,1050,1053,1059,1059,1064,1068,1073,1077,1082,1086,1091,1095,1099,1104,1072,1041,1009,978,946,915,883,852,820,789,757,726,694,663,631,600,568,537,505,474,442,411,379,348,285,285,321,358,394,430,465,501,536,571,605,639,672,705,737,768,799,829,858,886,913,939,964,989,1012,1034,1054,1074,1092,1109,1125,1140,1153,1165,1175,1185,1192,1199,1204,1207,1210,1210,1180,1154,1131,1111,1094,1081,1069,1060,1053,1048,1044,1041,1040,1039,1039,1039,1039,1039,1039,1039,1039,1039,1039,1039,1039,1039,1039,1039,1039,1039,1039,1039,1039,1039,1039,1039,1039,1039,1039,1039,1039,1039,1039,1039,1039,1039,1039,1039,1039,1039,1039,1039,1039,1039,1039,1039,1039,1039,1039,1039,1039,1039,1039,1039,1039,1039,1039,1039,1039,1039,1039,1039,1039,1039,1039,1039,1039,1039,1039,1039,1039,1039,1039,1039,1039,1039,1039,1039,1039,1039,1039,1039,1039,1039,1039,1039,1039,1039,1039,1039,1038,1038,1038,1038,1038,1037,1037,1037,1036,1036,1036,1035,1035,1034,1034,1033,1033,1032,1032,1031,1030,1030,1029,1028,1027,1027,1026,1025,1024,1024,1023,1022,1021,1020,1019,1018,1018,1017,1016,1015,1014,1013,1012,1011,1010,1009,1008,1007,1006,1005,1004,1003,1002,1001,1001,1000,999,998,997,996,995,994,993,992,991,991,990,989,988,987,987,986,985,984,984,983,982,982,981,980,980,979,979,978,978,977,977,977,976,976,975,975,975,975,974,974,974,974,974,974,974,974,974,974,974,974,974,975,975,975,976,976,977,978,978,979,980,980,981,982,983,984,985,986,987,988,989,990,991,992,993,994,995,997,998,999,1000,1001,1002,1003,1005,1006,1007,1008,1009,1010,1011,1012,1013,1014,1015,1016,1017,1017,1018,1019,1020,1020,1021,1021,1022,1022,1023,1023,1023,1024,1024,1024,1024,1024,1024,1024,1024,1024,1024,1024,1024,1024,1024,1024,1024,1024,1024,1024,1024,1024,1024,1024,1024

lead:aVL
count:520
points:1024,1024,1024,1024,1024,1024,1025,1025,1025,1025,1026,1026,1026,1027,1027,1028,1028,1029,1029,1030,1030,1031,1031,1032,1032,1033,1033,1034,1035,1035,1036,1036,1037,1037,1038,1038,1039,1039,1039,1040,1040,1040,1041,1041,1041,1041,1041,1042,1042,1042,1042,1042,1042,1042,1041,1041,1041,1041,1041,1040,1040,1040,1039,1039,1039,1038,1038,1037,1037,1036,1036,1035,1035,1034,1033,1033,1032,1032,1031,1031,1030,1030,1029,1029,1028,1028,1027,1027,1026,1026,1026,1025,1025,1025,1025,1024,1024,1024,1024,1024,1024,1024,1024,1024,1024,1024,1024,1024,1024,1024,1024,1024,1024,1024,1024,1024,1024,1024,1024,1024,1024,1024,1024,1024,1024,1024,1024,1024,1023,1023,1023,1022,1022,1022,1021,1020,1019,1018,1017,1016,1014,1012,1010,1008,1006,1003,1000,997,993,989,984,979,974,962,962,956,950,943,937,931,925,918,912,906,900,934,968,1002,1036,1070,1104,1138,1172,1206,1240,1274,1308,1342,1376,1410,1444,1478,1512,1546,1580,1614,1648,1682,1716,1784,1784,1752,1721,1690,1659,1629,1598,1568,1538,1508,1479,1451,1423,1395,1368,1342,1316,1291,1267,1244,1221,1200,1179,1159,1140,1123,1106,1090,1075,1062,1049,1038,1027,1018,1010,1004,998,994,991,989,989,990,990,991,992,993,993,993,994,994,994,994,994,994,994,994,994,994,994,994,994,994,994,994,994,994,994,994,994,994,994,994,994,994,994,994,994,994,994,994,994,994,994,994,994,994,994,994,994,994,994,994,994,994,994,994,994,994,994,994,994,994,994,994,994,994,994,994,994,994,994,994,994,994,994,994,994,994,994,994,994,994,994,994,994,994,994,994,994,994,994,994,994,994,994,994,994,994,994,994,994,994,993,993,992,992,991,990,989,988,988,987,985,984,983,982,981,979,978,976,975,973,971,970,968,966,964,962,961,959,957,954,952,950,948,946,944,941,939,937,935,932,930,928,925,923,920,918,916,913,911,908,906,904,901,899,896,894,892,889,887,885,883,880,878,876,874,872,870,868,866,864,862,860,858,857,855,853,852,850,849,847,846,844,843,842,841,840,839,838,837,836,835,835,834,834,833,833,832,832,832,832,832,832,832,833,833,834,836,837,838,840,842,844,846,849,851,854,857,860,863,867,870,874,877,881,885,889,893,897,902,906,910,915,919,923,928,932,937,941,946,950,954,958,963,967,971,975,979,982,986,989,993,996,999,1002,1005,1007,1010,1012,1014,1016,1018,1019,1020,1021,1022,1023,1024,1024,1024,1024,1024,1024,1024,1024,1024,1024,1024,1024,1024,1024,1024,1024,1024,1024,1024,1024,1024,1024

lead:aVF
count:520
points:1024,1024,1024,1025,1025,1026,1027,1028,1029,1030,1032,1033,1035,1037,1038,1040,1043,1045,1047,1049,1052,1054,1056,1059,1061,1064,1066,1069,1071,1074,1076,1079,1081,1083,1085,1087,1089,1091,1093,1095,1096,1098,1099,1100,1101,1102,1103,1103,1103,1104,1104,1104,1103,1103,1103,1102,1101,1100,1099,1098,1096,1095,1093,1091,1089,1087,1085,1083,1081,1079,1076,1074,1071,1069,1066,1064,1061,1059,1056,1054,1052,1049,1047,1045,1043,1040,1038,1037,1035,1033,1032,1030,1029,1028,1027,1026,1025,1025,1024,1024,1024,1024,1024,1024,1024,1024,1024,1024,1024,1024,1024,1024,1024,1024,1024,1024,1024,1024,1024,1024,1024,1024,1024,1024,1024,1024,1024,1024,1024,1024,1024,1025,1025,1025,1025,1026,1026,1026,1027,1028,1028,1029,1030,1031,1032,1033,1034,1036,1037,1039,1041,1043,1045,1051,1051,1052,1054,1056,1058,1059,1061,1063,1065,1067,1068,1066,1063,1061,1058,1056,1053,1051,1048,1046,1043,1041,1038,1036,1033,1031,1028,1026,1023,1021,1018,1016,1013,1011,1008,1003,1003,998,993,988,983,978,973,968,963,958,954,949,944,940,935,931,927,923,919,915,911,908,904,901,898,895,892,890,887,885,883,881,880,878,877,876,875,874,874,873,873,902,928,950,969,985,998,1009,1018,1025,1030,1034,1036,1038,1038,1039,1039,1039,1039,1039,1039,1039,1039,1039,1039,1039,1039,1039,1039,1039,1039,1039,1039,1039,1039,1039,1039,1039,1039,1039,1039,1039,1039,1039,1039,1039,1039,1039,1039,1039,1039,1039,1039,1039,1039,1039,1039,1039,1039,1039,1039,1039,1039,1039,1039,1039,1039,1039,1039,1039,1039,1039,1039,1039,1039,1039,1039,1039,1039,1039,1039,1039,1039,1039,1039,1039,1039,1039,1039,1039,1039,1039,1039,1039,1039,1039,1039,1039,1039,1039,1040,1040,1041,1041,1042,1043,1044,1045,1046,1047,1048,1050,1051,1053,1055,1056,1058,1060,1062,1064,1066,1069,1071,1073,1076,1078,1081,1084,1086,1089,1092,1095,1098,1101,1104,1107,1110,1113,1116,1119,1123,1126,1129,1132,1136,1139,1142,1146,1149,1153,1156,1159,1163,1166,1169,1173,1176,1179,1183,1186,1189,1192,1195,1198,1202,1205,1208,1210,1213,1216,1219,1222,1224,1227,1229,1232,1234,1237,1239,1241,1243,1245,1247,1249,1251,1252,1254,1255,1257,1258,1259,1260,1261,1262,1263,1264,1265,1265,1266,1266,1266,1266,1266,1266,1266,1265,1264,1263,1262,1260,1258,1256,1254,1251,1248,1245,1242,1238,1235,1231,1227,1223,1218,1214,1209,1204,1199,1194,1189,1184,1178,1173,1167,1162,1156,1151,1145,1140,1134,1128,1123,1117,1112,1107,1101,1096,1091,1086,1081,1077,1072,1068,1064,1059,1056,1052,1048,1045,1042,1039,1037,1034,1032,1030,1029,1027,1026,1025,1025,1024,1024,1024,1024,1024,1024,1024,1024,1024,1024,1024,1024,1024,1024,1024,1024,1024,1024,1024,1024,1024

lead:V1
count:520
points:1024,1024,1024,1023,1022,1021,1020,1019,1017,1015,1013,1011,1008,1006,1003,1000,997,994,991,988,984,981,977,973,970,966,963,959,955,952,948,945,942,938,935,932,929,927,924,922,920,917,916,914,913,911,910,909,909,909,908,909,909,909,910,911,913,914,916,917,920,922,924,927,929,932,935,938,942,945,948,952,955,959,963,966,970,973,977,981,984,988,991,994,997,1000,1003,1006,1008,1011,1013,1015,1017,1019,1020,1021,1022,1023,1024,1024,1024,1024,1024,1024,1024,1024,1024,1024,1024,1024,1024,1024,1024,1024,1024,1024,1024,1024,1024,1024,1024,1024,1024,1024,1024,1024,1024,1024,1025,1025,1025,1025,1026,1026,1027,1027,1028,1029,1030,1031,1032,1034,1035,1037,1039,1041,1044,1047,1050,1053,1057,1061,1065,1075,1075,1085,1095,1105,1115,1124,1134,1144,1154,1164,1174,1129,1085,1041,997,953,908,864,820,776,732,687,643,599,555,511,467,422,378,334,290,246,201,157,113,25,25,65,106,146,186,226,266,305,344,382,420,457,493,529,564,598,631,664,695,725,755,783,810,835,860,883,905,925,944,962,978,993,1006,1018,1028,1037,1044,1050,1054,1057,1057,1059,1060,1062,1063,1064,1064,1065,1066,1066,1066,1067,1067,1067,1067,1067,1067,1068,1068,1069,1070,1071,1072,1072,1073,1074,1075,1076,1076,1077,1078,1079,1079,1080,1081,1082,1083,1083,1084,1085,1086,1087,1087,1088,1089,1090,1090,1091,1092,1093,1094,1094,1095,1096,1097,1098,1098,1099,1100,1101,1101,1102,1103,1104,1105,1105,1106,1107,1108,1109,1109,1110,1111,1112,1112,1113,1114,1115,1116,1116,1117,1118,1119,1120,1120,1121,1122,1123,1123,1124,1125,1126,1127,1127,1128,1130,1130,1131,1132,1132,1133,1134,1135,1136,1137,1138,1139,1139,1140,1141,1142,1143,1144,1145,1145,1146,1147,1148,1149,1150,1151,1151,1152,1153,1154,1155,1155,1156,1157,1158,1159,1159,1160,1161,1162,1162,1163,1164,1165,1165,1166,1167,1167,1168,1169,1169,1170,1171,1171,1172,1173,1173,1174,1174,1175,1176,1176,1177,1177,1178,1178,1179,1179,1180,1180,1181,1181,1182,1182,1182,1183,1183,1184,1184,1184,1185,1185,1185,1186,1186,1186,1187,1187,1187,1187,1188,1188,1188,1188,1188,1188,1189,1189,1189,1189,1189,1189,1189,1189,1189,1189,1189,1189,1189,1189,1189,1188,1187,1186,1185,1184,1182,1181,1179,1177,1175,1173,1170,1168,1165,1162,1160,1157,1153,1150,1147,1144,1140,1137,1133,1129,1126,1122,1118,1114,1111,1107,1103,1099,1095,1091,1088,1084,1080,1077,1073,1070,1066,1063,1060,1057,1054,1051,1048,1046,1043,1041,1038,1036,1034,1033,1031,1030,1028,1027,1026,1025,1025,1024,1024,1024,1024,1024,1024,1024,1024,1024,1024,1024,1024,1024,1024,1024,1024,1024,1024,1024,1024,1024,1024

lead:V2
count:520
points:1024,1024,1024,1023,1022,1022,1021,1019,1018,1016,1015,1013,1011,1009,1006,1004,1001,999,996,993,990,987,984,981,978,975,972,969,966,963,960,957,954,952,949,947,944,942,940,938,936,934,932,931,930,929,928,927,927,927,926,927,927,927,928,929,930,931,932,934,936,938,940,942,944,947,949,952,954,957,960,963,966,969,972,975,978,981,984,987,990,993,996,999,1001,1004,1006,1009,1011,1013,1015,1016,1018,1019,1021,1022,1022,1023,1024,1024,1024,1024,1024,1024,1024,1024,1024,1024,1024,1024,1024,1024,1024,1024,1024,1024,1024,1024,1024,1024,1024,1024,1024,1024,1024,1024,1024,1024,1024,1025,1025,1025,1025,1026,1026,1027,1027,1028,1029,1029,1030,1032,1033,1034,1036,1038,1040,1042,1044,1047,1050,1053,1057,1065,1065,1073,1082,1090,1099,1107,1116,1124,1133,1141,1150,1117,1085,1052,1020,988,955,923,890,858,825,793,760,728,695,663,630,598,565,533,500,468,435,403,370,305,305,334,362,390,418,446,474,501,528,555,581,607,633,657,682,706,729,751,773,795,815,835,853,871,888,904,920,934,947,960,971,981,991,999,1006,1012,1017,1021,1024,1026,1026,1028,1030,1032,1033,1035,1036,1036,1037,1038,1038,1038,1039,1039,1039,1039,1039,1039,1040,1041,1041,1042,1043,1043,1044,1045,1045,1046,1046,1047,1048,1048,1049,1050,1050,1051,1052,1052,1053,1054,1054,1055,1055,1056,1057,1057,1058,1059,1059,1060,1061,1061,1062,1062,1063,1064,1064,1065,1066,1066,1067,1068,1068,1069,1070,1070,1071,1071,1072,1073,1073,1074,1075,1075,1076,1077,1077,1078,1078,1079,1080,1080,1081,1082,1082,1083,1084,1084,1085,1086,1086,1087,1087,1088,1089,1090,1090,1091,1091,1092,1093,1094,1094,1095,1096,1096,1097,1098,1098,1099,1100,1100,1101,1102,1103,1103,1104,1105,1105,1106,1107,1107,1108,1109,1109,1110,1110,1111,1112,1112,1113,1114,1114,1115,1115,1116,1117,1117,1118,1118,1119,1119,1120,1121,1121,1122,1122,1123,1123,1124,1124,1125,1125,1126,1126,1126,1127,1127,1128,1128,1129,1129,1129,1130,1130,1131,1131,1131,1132,1132,1132,1133,1133,1133,1134,1134,1134,1134,1135,1135,1135,1135,1136,1136,1136,1136,1136,1136,1137,1137,1137,1137,1137,1137,1137,1137,1137,1137,1138,1138,1138,1138,1138,1138,1137,1137,1137,1136,1135,1135,1134,1133,1132,1130,1129,1128,1126,1124,1123,1121,1119,1117,1115,1113,1111,1108,1106,1104,1101,1099,1096,1094,1091,1089,1086,1083,1081,1078,1076,1073,1070,1068,1065,1063,1060,1058,1055,1053,1051,1049,1047,1045,1043,1041,1039,1037,1035,1034,1033,1031,1030,1029,1028,1027,1026,1026,1025,1025,1024,1024,1024,1024,1024,1024,1024,1024,1024,1024,1024,1024,1024,1024,1024,1024,1024,1024,1024,1024,1024,1024

lead:V3
count:520
points:1024,1024,1024,1023,1023,1022,1022,1021,1020,1019,1018,1017,1015,1014,1012,1011,1009,1007,1005,1003,1002,1000,998,996,994,992,989,987,985,983,981,980,978,976,974,972,971,969,968,967,965,964,963,962,961,961,960,960,959,959,959,959,959,960,960,961,961,962,963,964,965,967,968,969,971,972,974,976,978,980,981,983,985,987,989,992,994,996,998,1000,1002,1003,1005,1007,1009,1011,1012,1014,1015,1017,1018,1019,1020,1021,1022,1022,1023,1023,1024,1024,1024,1024,1024,1024,1024,1024,1024,1024,1024,1024,1024,1024,1024,1024,1024,1024,1024,1024,1024,1024,1024,1024,1024,1024,1024,1024,1024,1024,1024,1024,1024,1025,1025,1025,1025,1025,1026,1026,1027,1027,1028,1028,1029,1030,1031,1032,1033,1035,1036,1038,1039,1041,1043,1048,1048,1054,1060,1066,1072,1078,1084,1090,1095,1101,1107,1091,1076,1060,1044,1028,1012,996,980,964,948,932,917,901,885,869,853,837,821,805,789,773,758,742,726,694,694,706,718,729,741,753,764,776,787,798,809,820,830,841,851,861,871,880,889,898,907,915,923,930,937,944,950,956,962,967,972,976,980,983,986,989,991,993,994,995,995,997,999,1001,1003,1004,1005,1006,1007,1007,1008,1008,1008,1008,1008,1008,1008,1009,1009,1010,1010,1010,1011,1011,1012,1012,1012,1013,1013,1014,1014,1014,1015,1015,1016,1016,1016,1017,1017,1018,1018,1018,1019,1019,1020,1020,1020,1021,1021,1022,1022,1022,1023,1023,1024,1024,1024,1025,1025,1026,1026,1026,1027,1027,1028,1028,1028,1029,1029,1030,1030,1030,1031,1031,1032,1032,1032,1033,1033,1034,1034,1034,1035,1035,1036,1036,1036,1037,1037,1038,1038,1038,1039,1039,1039,1040,1040,1041,1041,1042,1042,1042,1043,1043,1044,1044,1044,1045,1045,1046,1046,1047,1047,1047,1048,1048,1049,1049,1049,1050,1050,1051,1051,1051,1052,1052,1053,1053,1053,1054,1054,1054,1055,1055,1055,1056,1056,1057,1057,1057,1058,1058,1058,1059,1059,1059,1060,1060,1060,1060,1061,1061,1061,1062,1062,1062,1062,1063,1063,1063,1063,1064,1064,1064,1064,1065,1065,1065,1065,1065,1066,1066,1066,1066,1066,1067,1067,1067,1067,1067,1067,1067,1068,1068,1068,1068,1068,1068,1068,1068,1068,1068,1068,1069,1069,1069,1069,1069,1069,1069,1069,1069,1069,1069,1069,1069,1068,1068,1068,1068,1067,1067,1066,1066,1065,1065,1064,1064,1063,1062,1061,1061,1060,1059,1058,1057,1056,1055,1054,1053,1053,1052,1050,1049,1048,1047,1046,1045,1044,1043,1042,1041,1040,1039,1038,1037,1036,1035,1035,1034,1033,1032,1031,1031,1030,1029,1029,1028,1027,1027,1026,1026,1026,1025,1025,1025,1024,1024,1024,1024,1024,1024,1024,1024,1024,1024,1024,1024,1024,1024,1024,1024,1024,1024,1024,1024,1024,1024,1024,1024

lead:V4
count:520
points:1024,1024,1024,1024,1024,1023,1023,1023,1023,1022,1022,1022,1021,1021,1020,1020,1019,1018,1018,1017,1017,1016,1015,1015,1014,1013,1013,1012,1011,1011,1010,1009,1009,1008,1008,1007,1006,1006,1005,1005,1005,1004,1004,1004,1003,1003,1003,1003,1003,1003,1003,1003,1003,1003,1003,1003,1003,1004,1004,1004,1005,1005,1005,1006,1006,1007,1008,1008,1009,1009,1010,1011,1011,1012,1013,1013,1014,1015,1015,1016,1017,1017,1018,1018,1019,1020,1020,1021,1021,1022,1022,1022,1023,1023,1023,1023,1024,1024,1024,1024,1024,1024,1024,1024,1024,1024,1024,1024,1024,1024,1024,1024,1024,1024,1024,1024,1024,1024,1024,1024,1024,1024,1024,1024,1024,1024,1024,1024,1024,1024,1024,1024,1024,1024,1024,1024,1024,1024,1024,1024,1024,1025,1025,1025,1025,1025,1025,1025,1026,1026,1026,1026,1027,1027,1027,1030,1032,1034,1037,1039,1041,1044,1046,1048,1051,1054,1058,1062,1065,1069,1072,1076,1079,1083,1086,1090,1094,1097,1101,1104,1108,1111,1115,1118,1122,1126,1129,1133,1136,1143,1143,1136,1130,1123,1116,1109,1102,1096,1089,1082,1076,1070,1063,1057,1051,1046,1040,1034,1029,1024,1019,1014,1009,1005,1001,997,993,990,986,983,981,978,976,974,972,971,969,968,968,967,967,969,971,973,975,976,977,978,978,979,979,979,980,980,980,980,980,980,980,980,980,980,980,980,981,981,981,981,981,981,981,981,981,981,981,982,982,982,982,982,982,982,982,982,982,982,982,983,983,983,983,983,983,983,983,983,983,983,984,984,984,984,984,984,984,984,984,984,984,984,985,985,985,985,985,985,985,985,985,985,985,986,986,986,986,986,986,986,986,986,986,986,986,987,987,987,987,987,987,987,987,987,987,987,987,987,987,988,988,988,988,988,988,988,988,988,988,988,988,988,988,988,989,989,989,989,989,989,989,989,989,989,989,989,989,989,989,989,989,989,990,990,990,990,990,990,990,990,990,990,990,990,990,990,990,990,990,990,990,990,990,990,991,991,991,991,991,991,991,991,991,991,991,991,991,991,991,991,991,991,991,991,991,991,991,991,991,991,991,991,991,991,991,991,991,991,991,991,991,991,991,991,991,991,991,991,992,992,992,992,992,993,993,993,994,994,995,995,996,996,997,997,998,998,999,1000,1000,1001,1002,1002,1003,1004,1005,1005,1006,1007,1008,1008,1009,1010,1011,1011,1012,1013,1014,1014,1015,1016,1016,1017,1017,1018,1019,1019,1020,1020,1021,1021,1022,1022,1022,1023,1023,1023,1023,1024,1024,1024,1024,1024,1024,1024,1024,1024,1024,1024,1024,1024,1024,1024,1024,1024,1024,1024,1024,1024,1024,1024,1024,1024

lead:V5
count:520
points:1024,1024,1024,1024,1024,1025,1025,1025,1026,1026,1026,1027,1027,1028,1028,1029,1030,1030,1031,1032,1032,1033,1034,1035,1035,1036,1037,1038,1038,1039,1040,1041,1041,1042,1043,1043,1044,1045,1045,1046,1046,1047,1047,1047,1048,1048,1048,1048,1048,1048,1048,1048,1048,1048,1048,1048,1048,1047,1047,1047,1046,1046,1045,1045,1044,1043,1043,1042,1041,1041,1040,1039,1038,1038,1037,1036,1035,1035,1034,1033,1032,1032,1031,1030,1030,1029,1028,1028,1027,1027,1026,1026,1026,1025,1025,1025,1024,1024,1024,1024,1024,1024,1024,1024,1024,1024,1024,1024,1024,1024,1024,1024,1024,1024,1024,1024,1024,1024,1024,1024,1024,1024,1024,1024,1024,1024,1024,1024,1024,1024,1024,1024,1023,1023,1023,1023,1023,1022,1022,1022,1021,1021,1020,1019,1019,1018,1017,1016,1015,1014,1013,1011,1010,1006,1006,1005,1003,1002,1000,999,997,996,994,993,991,1014,1036,1058,1080,1102,1124,1146,1168,1190,1212,1234,1256,1278,1300,1322,1344,1366,1388,1410,1433,1455,1477,1499,1521,1565,1565,1541,1517,1492,1468,1445,1421,1398,1375,1352,1329,1307,1285,1264,1243,1223,1203,1184,1165,1147,1129,1113,1097,1081,1067,1053,1040,1027,1016,1006,996,987,979,972,966,961,957,953,951,949,949,951,952,953,955,955,956,957,957,958,958,958,958,959,959,959,959,958,958,958,958,957,957,957,957,957,956,956,956,956,955,955,955,955,954,954,954,954,954,953,953,953,953,952,952,952,952,951,951,951,951,951,950,950,950,950,949,949,949,949,948,948,948,948,948,947,947,947,947,946,946,946,946,945,945,945,945,945,944,944,944,944,943,943,943,943,943,942,942,942,942,941,941,941,941,940,940,940,940,939,939,939,938,938,938,938,937,937,937,936,936,936,936,935,935,935,934,934,934,934,933,933,933,933,932,932,932,931,931,931,931,930,930,930,930,929,929,929,929,928,928,928,928,928,927,927,927,927,926,926,926,926,926,925,925,925,925,925,925,924,924,924,924,924,924,923,923,923,923,923,923,923,922,922,922,922,922,922,922,922,922,921,921,921,921,921,921,921,921,921,921,921,921,921,921,921,921,921,920,920,920,920,920,921,921,921,921,922,922,923,924,925,926,927,928,930,931,932,934,936,937,939,941,943,945,947,949,951,954,956,958,960,963,965,967,970,972,975,977,979,982,984,986,989,991,993,995,997,999,1001,1003,1005,1007,1009,1010,1012,1014,1015,1016,1017,1019,1020,1021,1021,1022,1023,1023,1024,1024,1024,1024,1024,1024,1024,1024,1024,1024,1024,1024,1024,1024,1024,1024,1024,1024,1024,1024,1024,1024,1024

lead:V6
count:520
points:1024,1024,1024,1025,1025,1026,1026,1027,1028,1029,1030,1032,1033,1034,1036,1038,1039,1041,1043,1045,1047,1049,1051,1053,1055,1057,1059,1061,1064,1066,1068,1070,1071,1073,1075,1077,1078,1080,1082,1083,1084,1085,1086,1087,1088,1089,1090,1090,1090,1090,1091,1090,1090,1090,1090,1089,1088,1087,1086,1085,1084,1083,1082,1080,1078,1077,1075,1073,1071,1070,1068,1066,1064,1061,1059,1057,1055,1053,1051,1049,1047,1045,1043,1041,1039,1038,1036,1034,1033,1032,1030,1029,1028,1027,1026,1026,1025,1025,1024,1024,1024,1024,1024,1024,1024,1024,1024,1024,1024,1024,1024,1024,1024,1024,1024,1024,1024,1024,1024,1024,1024,1024,1024,1024,1024,1024,1024,1024,1024,1024,1023,1023,1023,1023,1022,1022,1021,1021,1020,1019,1018,1017,1016,1015,1013,1012,1010,1008,1006,1004,1001,998,995,988,988,983,978,973,968,963,957,952,947,942,937,974,1011,1049,1086,1123,1160,1197,1235,1272,1309,1346,1384,1421,1458,1495,1532,1570,1607,1644,1681,1719,1756,1793,1830,1905,1905,1867,1829,1792,1754,1717,1680,1643,1607,1571,1536,1502,1468,1434,1402,1370,1339,1309,1280,1251,1224,1198,1173,1149,1126,1104,1084,1065,1047,1030,1015,1002,989,978,969,961,954,949,945,942,942,943,944,944,945,946,946,946,947,947,947,947,947,947,947,947,947,947,946,946,945,945,944,944,943,943,942,942,941,941,940,940,939,938,938,937,937,936,936,935,935,934,934,933,933,932,932,931,931,930,930,929,929,928,928,927,927,926,926,925,925,924,924,923,923,922,922,921,921,920,920,919,919,918,918,917,916,916,915,915,914,914,913,913,912,912,911,911,910,910,909,909,908,908,907,906,906,906,906,906,906,906,906,906,906,906,905,905,905,905,905,904,904,904,903,903,903,902,902,902,901,901,900,900,900,899,899,898,898,897,897,896,896,895,895,894,893,893,892,892,891,891,890,889,889,888,888,887,886,886,885,885,884,883,883,882,882,881,880,880,879,879,878,878,877,876,876,875,875,874,874,873,873,872,872,871,871,871,870,870,869,869,869,868,868,868,868,867,867,867,867,866,866,866,866,866,866,866,865,865,865,865,865,865,866,866,867,867,868,869,871,872,874,875,877,879,881,884,886,889,891,894,897,900,903,906,909,913,916,919,923,926,930,934,937,941,945,948,952,956,959,963,966,970,973,977,980,983,986,989,992,995,998,1001,1003,1006,1008,1010,1012,1014,1016,1017,1019,1020,1021,1022,1023,1023,1024,1024,1024,1024,1024,1024,1024,1024,1024,1024,1024,1024,1024,1024,1024,1024,1024,1024,1024,1024,1024,1024

