pathology:synwpw
group:syndromes
title:Sinus rhythm WPW syndrome
name:Синусовый ритм при синдроме Вольфа-Паркинсона-Уайта (левый боковой)
leads:12

lead:I
count:520
points:1024,1024,1024,1024,1025,1025,1025,1026,1026,1027,1028,1029,1029,1030,1031,1032,1033,1034,1036,1037,1038,1039,1041,1042,1043,1045,1046,1048,1049,1051,1052,1054,1055,1057,1058,1059,1061,1062,1064,1065,1066,1067,1069,1070,1071,1072,1073,1074,1075,1076,1077,1077,1078,1078,1079,1079,1080,1080,1080,1080,1080,1080,1080,1080,1080,1079,1079,1078,1077,1076,1075,1074,1073,1072,1071,1070,1068,1067,1066,1064,1063,1061,1060,1058,1056,1055,1053,1052,1050,1048,1047,1045,1044,1042,1041,1040,1038,1037,1036,1035,1034,1033,1032,1032,1031,1030,1030,1030,1029,1029,1029,1029,1028,1027,1027,1026,1026,1025,1025,1024,1024,1023,1023,1022,1022,1021,1021,1020,1020,1019,1019,1019,1018,1018,1018,1017,1017,1017,1016,1016,1016,1015,1015,1015,1015,1015,1014,1014,1014,1014,1014,1014,1014,1014,1014,1020,1026,1032,1038,1044,1051,1057,1063,1069,1075,1081,1086,1092,1097,1103,1108,1114,1119,1125,1130,1136,1141,1147,1152,1158,1163,1169,1174,1180,1185,1191,1197,1202,1208,1219,1219,1199,1180,1160,1141,1121,1102,1083,1063,1044,1024,1005,986,966,947,927,908,889,869,850,830,811,791,753,753,775,796,815,833,850,865,879,892,904,915,925,933,941,948,954,960,964,968,972,975,977,979,980,981,982,982,983,983,983,983,983,982,982,981,981,980,980,979,979,978,978,977,977,976,976,975,975,974,974,973,973,972,972,971,971,970,970,969,969,968,968,967,967,966,966,965,965,964,964,963,963,962,962,961,961,960,960,959,959,958,958,957,957,956,956,955,955,954,954,953,953,952,952,951,951,950,950,949,949,948,948,947,947,946,946,945,945,944,944,943,942,942,942,942,942,943,943,944,944,945,946,947,947,948,950,951,952,953,955,956,958,960,961,963,965,967,969,971,973,975,978,980,982,985,987,990,992,995,998,1000,1003,1006,1009,1012,1015,1017,1020,1023,1026,1029,1032,1035,1038,1041,1044,1048,1051,1054,1057,1060,1063,1066,1069,1071,1074,1077,1080,1083,1086,1089,1091,1094,1097,1099,1102,1104,1107,1109,1111,1114,1116,1118,1120,1122,1124,1126,1128,1129,1131,1133,1134,1136,1137,1138,1139,1140,1141,1142,1143,1144,1145,1145,1146,1146,1146,1147,1147,1147,1147,1147,1146,1146,1145,1145,1144,1143,1142,1140,1139,1138,1136,1134,1133,1131,1129,1127,1125,1122,1120,1118,1115,1113,1110,1108,1105,1102,1100,1097,1094,1091,1088,1085,1083,1080,1077,1074,1071,1069,1066,1063,1061,1058,1056,1053,1051,1048,1046,1044,1042,1040,1038,1036,1035,1033,1032,1030,1029,1028,1027,1026,1026,1025,1025,1024,1024,1024,1024,1024,1024,1024,1024,1024,1024,1024,1024,1024,1024,1024,1024,1024,1024,1024,1024,1024,1024

lead:II
count:520
points:1024,1024,1024,1025,1025,1026,1027,1027,1028,1030,1031,1032,1034,1035,1037,1039,1041,1043,1045,1047,1050,1052,1054,1057,1059,1062,1065,1067,1070,1073,1075,1078,1081,1083,1086,1088,1091,1094,1096,1098,1101,1103,1105,1107,1109,1111,1113,1115,1117,1118,1120,1121,1122,1123,1124,1125,1125,1126,1126,1126,1126,1126,1126,1125,1125,1124,1123,1122,1120,1118,1117,1115,1113,1110,1108,1105,1103,1100,1097,1094,1091,1088,1085,1082,1078,1075,1072,1069,1066,1062,1059,1056,1053,1051,1048,1045,1043,1040,1038,1036,1034,1032,1030,1029,1028,1027,1026,1025,1024,1024,1024,1024,1024,1024,1024,1024,1024,1024,1024,1024,1024,1024,1024,1025,1025,1025,1025,1026,1026,1027,1027,1028,1029,1030,1031,1033,1034,1036,1037,1039,1042,1044,1047,1050,1053,1057,1061,1065,1070,1075,1080,1086,1092,1106,1106,1112,1118,1124,1130,1137,1143,1149,1155,1161,1167,1185,1202,1219,1237,1254,1271,1289,1306,1323,1341,1358,1375,1393,1410,1427,1445,1462,1479,1497,1514,1531,1549,1566,1583,1618,1618,1589,1561,1532,1504,1475,1446,1418,1389,1361,1332,1303,1275,1246,1218,1189,1161,1132,1103,1075,1046,1018,989,932,932,939,945,951,957,962,967,971,975,979,982,985,988,990,993,995,996,998,999,1000,1001,1002,1002,1003,1003,1003,1003,1003,1003,1004,1004,1004,1004,1004,1004,1004,1004,1004,1004,1004,1004,1004,1004,1004,1004,1004,1004,1004,1004,1004,1004,1004,1004,1004,1004,1004,1004,1004,1004,1004,1004,1004,1004,1004,1004,1004,1004,1004,1004,1004,1004,1004,1004,1004,1004,1004,1004,1004,1004,1004,1004,1004,1004,1004,1004,1004,1004,1004,1004,1004,1004,1004,1004,1004,1004,1004,1004,1004,1004,1004,1004,1004,1004,1004,1004,1004,1004,1004,1004,1004,1004,1004,1004,1004,1004,1004,1004,1005,1005,1006,1006,1007,1008,1009,1009,1010,1012,1013,1014,1015,1017,1018,1020,1021,1023,1025,1026,1028,1030,1032,1034,1036,1039,1041,1043,1045,1048,1050,1053,1055,1058,1060,1063,1065,1068,1071,1073,1076,1079,1081,1084,1087,1090,1093,1095,1098,1101,1104,1107,1109,1112,1115,1118,1120,1123,1126,1129,1131,1134,1136,1139,1141,1144,1146,1149,1151,1153,1156,1158,1160,1162,1164,1166,1168,1170,1172,1174,1175,1177,1178,1180,1181,1183,1184,1185,1186,1187,1188,1189,1190,1190,1191,1191,1192,1192,1193,1193,1193,1193,1193,1193,1192,1192,1191,1190,1189,1187,1186,1184,1182,1180,1178,1176,1173,1171,1168,1165,1162,1159,1156,1153,1150,1146,1143,1139,1135,1132,1128,1124,1120,1116,1112,1108,1105,1101,1097,1093,1089,1085,1082,1078,1074,1071,1067,1064,1061,1058,1055,1052,1049,1046,1043,1041,1039,1037,1035,1033,1031,1030,1028,1027,1026,1025,1025,1024,1024,1024,1024,1024,1024,1024,1024,1024,1024,1024,1024,1024,1024,1024,1024,1024,1024,1024,1024,1024,1024

lead:III
count:520
points:1024,1024,1024,1024,1025,1025,1025,1026,1026,1027,1027,1028,1028,1029,1030,1031,1032,1033,1033,1034,1036,1037,1038,1039,1040,1041,1042,1043,1045,1046,1047,1048,1049,1051,1052,1053,1054,1055,1056,1058,1059,1060,1061,1062,1062,1063,1064,1065,1066,1066,1067,1068,1068,1069,1069,1069,1070,1070,1070,1070,1070,1070,1070,1070,1069,1069,1068,1068,1067,1066,1065,1064,1063,1062,1061,1060,1058,1057,1055,1054,1052,1051,1049,1048,1046,1044,1043,1041,1040,1038,1037,1035,1034,1032,1031,1029,1028,1027,1026,1025,1024,1023,1022,1021,1021,1020,1020,1019,1019,1019,1019,1022,1026,1029,1033,1036,1040,1043,1046,1050,1053,1056,1059,1062,1066,1069,1071,1074,1077,1080,1083,1085,1088,1090,1092,1095,1097,1099,1101,1103,1104,1106,1107,1109,1110,1111,1112,1113,1114,1115,1115,1116,1116,1116,1116,1116,1116,1116,1116,1116,1116,1116,1116,1116,1116,1128,1140,1152,1163,1175,1187,1199,1211,1222,1234,1246,1258,1270,1282,1293,1305,1317,1329,1341,1352,1364,1376,1388,1400,1423,1423,1414,1405,1396,1387,1377,1368,1359,1350,1341,1332,1322,1313,1304,1295,1286,1277,1267,1258,1249,1240,1231,1222,1203,1203,1188,1174,1160,1148,1136,1126,1116,1107,1099,1092,1085,1079,1073,1069,1064,1061,1057,1055,1052,1050,1049,1047,1046,1046,1045,1045,1045,1045,1044,1044,1045,1045,1046,1046,1047,1047,1048,1048,1049,1049,1050,1050,1051,1051,1052,1052,1053,1053,1054,1054,1055,1055,1056,1056,1057,1057,1058,1058,1059,1059,1060,1060,1061,1061,1062,1062,1063,1063,1064,1064,1065,1065,1066,1066,1067,1067,1068,1068,1069,1069,1070,1070,1071,1071,1072,1072,1073,1073,1074,1074,1075,1075,1076,1076,1077,1077,1078,1078,1079,1079,1080,1080,1081,1081,1082,1082,1083,1083,1084,1084,1085,1085,1085,1085,1085,1085,1085,1085,1085,1085,1085,1085,1085,1085,1085,1085,1085,1085,1084,1084,1084,1084,1084,1084,1084,1084,1083,1083,1083,1083,1083,1083,1082,1082,1082,1082,1082,1081,1081,1081,1081,1081,1080,1080,1080,1080,1080,1079,1079,1079,1079,1078,1078,1078,1078,1078,1077,1077,1077,1077,1076,1076,1076,1076,1076,1075,1075,1075,1075,1074,1074,1074,1074,1074,1073,1073,1073,1073,1073,1073,1072,1072,1072,1072,1072,1072,1072,1071,1071,1071,1071,1071,1071,1071,1071,1071,1070,1070,1070,1070,1070,1070,1070,1070,1070,1070,1070,1070,1070,1070,1070,1070,1069,1069,1069,1069,1068,1068,1067,1067,1066,1065,1065,1064,1063,1063,1062,1061,1060,1059,1058,1057,1056,1055,1054,1053,1052,1051,1050,1049,1048,1047,1046,1045,1044,1043,1042,1041,1040,1039,1038,1037,1036,1035,1034,1033,1032,1032,1031,1030,1029,1029,1028,1027,1027,1026,1026,1026,1025,1025,1025,1024,1024,1024,1024,1024,1024,1024,1024,1024,1024,1024,1024,1024,1024,1024,1024,1024,1024,1024,1024,1024,1024,1024,1024

lead:aVR
count:520
points:1024,1024,1024,1023,1023,1022,1022,1021,1020,1019,1018,1017,1015,1014,1012,1011,1009,1007,1005,1003,1001,999,997,995,992,990,988,985,983,981,978,976,973,971,969,966,964,962,960,957,955,953,951,949,948,946,944,943,941,940,939,937,936,935,935,934,933,933,933,932,932,932,933,933,934,935,935,937,938,939,941,943,944,946,948,951,953,955,958,960,963,966,968,971,974,977,979,982,985,988,990,993,996,998,1000,1003,1005,1007,1009,1011,1013,1014,1016,1017,1018,1019,1020,1020,1021,1021,1021,1020,1018,1017,1016,1014,1013,1012,1010,1009,1008,1006,1005,1004,1003,1001,1000,999,998,997,996,995,994,993,992,991,990,989,989,988,987,987,986,986,985,985,984,984,983,983,983,983,983,983,983,976,968,961,954,947,940,933,926,919,912,898,885,872,859,846,833,819,806,793,780,767,753,740,727,714,701,687,674,661,648,635,622,608,595,569,569,596,624,652,680,707,735,763,790,818,846,874,901,929,957,984,1012,1040,1068,1095,1123,1151,1178,1234,1234,1217,1201,1187,1173,1160,1149,1138,1128,1119,1111,1104,1097,1091,1086,1081,1077,1074,1071,1068,1066,1064,1063,1062,1061,1060,1060,1060,1060,1059,1059,1060,1060,1060,1061,1061,1061,1061,1062,1062,1062,1063,1063,1063,1064,1064,1064,1064,1065,1065,1065,1066,1066,1066,1066,1067,1067,1067,1068,1068,1068,1068,1069,1069,1069,1070,1070,1070,1070,1071,1071,1071,1072,1072,1072,1072,1073,1073,1073,1074,1074,1074,1074,1075,1075,1075,1076,1076,1076,1076,1077,1077,1077,1078,1078,1078,1079,1079,1079,1079,1080,1080,1080,1081,1081,1081,1081,1082,1082,1082,1083,1083,1083,1083,1083,1083,1082,1082,1081,1081,1080,1079,1078,1077,1076,1075,1073,1072,1071,1069,1067,1066,1064,1062,1060,1058,1056,1053,1051,1049,1046,1044,1041,1038,1036,1033,1030,1027,1024,1021,1018,1015,1012,1009,1006,1003,999,996,993,989,986,983,979,976,973,969,966,963,959,956,953,949,946,943,939,936,933,930,927,923,920,917,914,911,909,906,903,900,898,895,892,890,888,885,883,881,879,877,875,873,871,870,868,867,865,864,863,862,860,860,859,858,857,857,856,856,856,856,856,856,856,856,857,858,859,860,861,863,864,866,868,870,873,875,877,880,883,886,889,892,895,899,902,906,909,913,917,920,924,928,932,936,940,944,948,951,955,959,963,967,970,974,977,981,984,987,991,994,997,999,1002,1005,1007,1009,1011,1013,1015,1017,1018,1020,1021,1022,1023,1023,1024,1024,1024,1024,1024,1024,1024,1024,1024,1024,1024,1024,1024,1024,1024,1024,1024,1024,1024,1024,1024,1024

lead:aVL
count:520
points:1024,1024,1024,1024,1024,1024,1024,1024,1024,1024,1024,1024,1025,1025,1025,1025,1025,1025,1025,1025,1025,1026,1026,1026,1026,1026,1026,1026,1027,1027,1027,1027,1027,1027,1028,1028,1028,1028,1028,1028,1028,1029,1029,1029,1029,1029,1029,1029,1029,1029,1030,1030,1030,1030,1030,1030,1030,1030,1030,1030,1030,1030,1030,1030,1030,1030,1030,1030,1030,1030,1030,1030,1030,1030,1030,1030,1030,1030,1030,1030,1030,1030,1030,1030,1030,1030,1030,1030,1030,1030,1030,1030,1030,1030,1030,1030,1030,1030,1030,1030,1030,1030,1030,1030,1030,1030,1030,1030,1030,1030,1030,1028,1025,1023,1021,1018,1016,1014,1012,1009,1007,1005,1003,1001,999,997,995,993,991,989,987,986,984,982,981,979,978,976,975,974,973,972,971,970,969,968,968,967,966,966,966,965,965,965,965,968,972,976,979,983,986,990,993,997,1000,997,993,989,986,982,979,975,971,968,964,960,957,953,949,946,942,939,935,931,928,924,920,917,913,906,906,900,894,888,882,876,870,864,858,853,847,841,835,829,823,817,811,805,799,793,788,782,776,764,764,786,806,825,842,859,874,887,900,911,922,931,940,948,954,960,966,970,974,977,980,982,984,986,987,987,988,988,988,989,989,988,987,987,986,986,985,984,984,983,983,982,982,981,980,980,979,979,978,978,977,976,976,975,975,974,974,973,972,972,971,971,970,969,969,968,968,967,967,966,965,965,964,964,963,963,962,961,961,960,960,959,959,958,957,957,956,956,955,954,954,953,953,952,952,951,950,950,949,949,948,948,947,946,946,945,945,944,944,943,942,941,941,941,941,941,942,942,942,943,943,943,944,945,945,946,947,947,948,949,950,951,952,953,954,955,957,958,959,961,962,963,965,966,968,969,971,972,974,976,977,979,981,983,984,986,988,990,992,994,995,997,999,1001,1003,1005,1007,1009,1010,1012,1014,1016,1018,1020,1022,1023,1025,1027,1029,1030,1032,1034,1035,1037,1039,1040,1042,1043,1045,1046,1048,1049,1050,1052,1053,1054,1055,1056,1057,1059,1060,1060,1061,1062,1063,1064,1064,1065,1066,1066,1067,1067,1067,1068,1068,1068,1068,1068,1068,1068,1068,1068,1068,1068,1067,1067,1067,1066,1066,1066,1065,1064,1064,1063,1063,1062,1061,1060,1060,1059,1058,1057,1056,1055,1054,1053,1052,1051,1050,1049,1048,1047,1046,1045,1044,1043,1042,1041,1040,1039,1038,1037,1036,1035,1034,1034,1033,1032,1031,1030,1030,1029,1028,1028,1027,1027,1026,1026,1025,1025,1025,1025,1024,1024,1024,1024,1024,1024,1024,1024,1024,1024,1024,1024,1024,1024,1024,1024,1024,1024,1024,1024,1024,1024,1024,1024

lead:aVF
count:520
points:1024,1024,1024,1025,1025,1025,1026,1027,1028,1029,1030,1031,1032,1034,1035,1037,1038,1040,1042,1044,1045,1047,1049,1052,1054,1056,1058,1060,1062,1065,1067,1069,1071,1074,1076,1078,1080,1082,1084,1086,1088,1090,1092,1094,1096,1097,1099,1100,1102,1103,1104,1105,1106,1107,1108,1108,1109,1109,1109,1110,1110,1110,1109,1109,1108,1108,1107,1106,1104,1103,1101,1100,1098,1096,1094,1091,1089,1087,1084,1082,1079,1076,1074,1071,1068,1065,1063,1060,1057,1054,1052,1049,1047,1044,1042,1039,1037,1035,1033,1031,1030,1028,1027,1025,1024,1023,1022,1022,1021,1021,1021,1025,1028,1032,1036,1039,1043,1047,1050,1054,1057,1061,1064,1067,1071,1074,1077,1080,1083,1086,1089,1092,1094,1097,1099,1102,1104,1106,1108,1110,1112,1114,1115,1117,1118,1119,1120,1121,1122,1123,1123,1124,1124,1125,1125,1128,1132,1135,1139,1142,1146,1149,1153,1156,1160,1177,1194,1210,1227,1244,1261,1278,1295,1311,1328,1345,1362,1379,1396,1412,1429,1446,1463,1480,1497,1513,1530,1547,1564,1597,1597,1576,1554,1532,1510,1488,1467,1445,1423,1401,1379,1358,1336,1314,1292,1270,1249,1227,1205,1183,1161,1140,1118,1074,1074,1069,1065,1061,1057,1053,1050,1047,1044,1041,1039,1037,1035,1033,1032,1030,1029,1028,1027,1026,1026,1025,1025,1025,1024,1024,1024,1024,1024,1024,1024,1024,1025,1025,1025,1025,1026,1026,1026,1027,1027,1027,1027,1028,1028,1028,1029,1029,1029,1029,1030,1030,1030,1031,1031,1031,1031,1032,1032,1032,1033,1033,1033,1034,1034,1034,1034,1035,1035,1035,1036,1036,1036,1036,1037,1037,1037,1038,1038,1038,1038,1039,1039,1039,1040,1040,1040,1040,1041,1041,1041,1042,1042,1042,1042,1043,1043,1043,1044,1044,1044,1044,1045,1045,1045,1046,1046,1046,1046,1047,1047,1048,1048,1048,1048,1048,1048,1048,1048,1049,1049,1049,1050,1050,1051,1051,1052,1053,1053,1054,1055,1055,1056,1057,1058,1059,1060,1061,1062,1063,1064,1065,1066,1067,1069,1070,1071,1072,1074,1075,1076,1078,1079,1080,1082,1083,1085,1086,1088,1089,1090,1092,1093,1095,1096,1098,1099,1101,1102,1104,1105,1107,1108,1110,1111,1113,1114,1115,1117,1118,1120,1121,1122,1123,1125,1126,1127,1128,1130,1131,1132,1133,1134,1135,1136,1137,1138,1139,1140,1140,1141,1142,1143,1143,1144,1144,1145,1146,1146,1146,1147,1147,1147,1148,1148,1148,1148,1148,1148,1148,1148,1148,1147,1147,1146,1145,1144,1143,1142,1140,1139,1137,1136,1134,1132,1130,1128,1126,1123,1121,1119,1116,1114,1111,1109,1106,1103,1100,1097,1095,1092,1089,1086,1083,1080,1078,1075,1072,1069,1066,1064,1061,1058,1056,1053,1051,1049,1046,1044,1042,1040,1038,1037,1035,1033,1032,1031,1029,1028,1027,1026,1026,1025,1025,1024,1024,1024,1024,1024,1024,1024,1024,1024,1024,1024,1024,1024,1024,1024,1024,1024,1024,1024,1024,1024,1024

lead:V1
count:520
points:1024,1024,1024,1024,1024,1024,1024,1024,1024,1024,1024,1024,1024,1024,1024,1024,1024,1024,1024,1024,1024,1024,1024,1024,1024,1025,1025,1025,1025,1025,1025,1025,1025,1025,1025,1025,1025,1025,1025,1025,1025,1025,1025,1025,1025,1025,1025,1025,1025,1025,1025,1025,1025,1025,1025,1025,1025,1025,1025,1025,1025,1025,1025,1025,1025,1025,1025,1025,1025,1025,1025,1025,1025,1025,1025,1025,1025,1025,1025,1025,1025,1025,1024,1024,1024,1024,1024,1024,1024,1024,1024,1024,1023,1023,1023,1023,1023,1023,1023,1023,1023,1022,1022,1022,1022,1022,1022,1022,1021,1021,1021,1021,1021,1022,1022,1023,1024,1024,1025,1026,1028,1029,1030,1032,1034,1036,1037,1040,1042,1044,1046,1049,1051,1054,1057,1059,1062,1065,1068,1071,1075,1078,1081,1085,1088,1091,1095,1098,1102,1106,1109,1113,1116,1124,1124,1128,1132,1136,1140,1144,1148,1152,1156,1160,1164,1174,1185,1196,1206,1217,1228,1238,1249,1260,1271,1281,1292,1303,1313,1324,1335,1346,1356,1367,1378,1388,1399,1410,1421,1442,1442,1420,1398,1377,1355,1333,1311,1289,1268,1246,1224,1202,1180,1158,1137,1115,1093,1071,1049,1028,1006,984,962,919,919,929,938,946,954,962,969,975,981,986,991,995,999,1002,1005,1008,1011,1013,1014,1016,1017,1018,1019,1020,1020,1020,1021,1021,1021,1021,1021,1021,1021,1021,1021,1021,1021,1021,1021,1021,1021,1021,1021,1021,1021,1021,1021,1021,1021,1021,1021,1021,1021,1021,1021,1020,1020,1020,1020,1020,1020,1020,1020,1020,1020,1020,1020,1020,1020,1020,1020,1020,1020,1020,1020,1020,1020,1020,1020,1020,1019,1019,1019,1019,1019,1019,1019,1019,1019,1019,1019,1019,1019,1019,1019,1019,1019,1019,1019,1019,1019,1019,1019,1019,1019,1019,1019,1019,1019,1019,1019,1019,1019,1019,1019,1019,1019,1019,1020,1020,1020,1021,1021,1022,1022,1023,1023,1024,1025,1025,1026,1027,1028,1029,1030,1031,1032,1033,1034,1035,1036,1038,1039,1040,1041,1043,1044,1045,1047,1048,1050,1051,1053,1054,1056,1057,1059,1060,1062,1063,1065,1067,1068,1070,1071,1073,1075,1076,1078,1079,1081,1083,1084,1086,1087,1089,1090,1092,1093,1095,1096,1098,1099,1101,1102,1103,1105,1106,1107,1108,1110,1111,1112,1113,1114,1115,1116,1117,1118,1119,1120,1121,1121,1122,1123,1123,1124,1124,1125,1125,1126,1126,1126,1127,1127,1127,1127,1127,1127,1127,1127,1127,1126,1126,1125,1125,1124,1123,1122,1121,1120,1118,1117,1115,1114,1112,1110,1109,1107,1105,1103,1101,1099,1096,1094,1092,1090,1087,1085,1083,1080,1078,1076,1073,1071,1068,1066,1064,1061,1059,1057,1055,1053,1051,1048,1046,1045,1043,1041,1039,1037,1036,1034,1033,1032,1031,1029,1028,1027,1027,1026,1025,1025,1024,1024,1024,1024,1024,1024,1024,1024,1024,1024,1024,1024,1024,1024,1024,1024,1024,1024,1024,1024,1024,1024,1024

lead:V2
count:520
points:1024,1024,1024,1024,1024,1024,1025,1025,1025,1025,1025,1026,1026,1026,1027,1027,1027,1028,1028,1029,1029,1030,1030,1031,1031,1032,1032,1033,1033,1034,1034,1035,1035,1036,1036,1037,1037,1038,1038,1039,1039,1040,1040,1041,1041,1041,1042,1042,1043,1043,1043,1043,1044,1044,1044,1044,1044,1044,1044,1044,1044,1044,1044,1044,1044,1044,1044,1044,1044,1043,1043,1043,1043,1042,1042,1042,1041,1041,1040,1040,1040,1039,1039,1038,1038,1037,1036,1036,1035,1035,1034,1033,1033,1032,1031,1031,1030,1029,1028,1028,1027,1026,1025,1024,1024,1023,1022,1021,1020,1020,1019,1019,1019,1020,1020,1021,1022,1023,1024,1026,1028,1029,1031,1034,1036,1038,1041,1044,1046,1049,1053,1056,1059,1063,1067,1070,1074,1078,1082,1087,1091,1095,1100,1104,1109,1113,1118,1123,1128,1133,1137,1142,1147,1157,1157,1169,1182,1194,1206,1219,1231,1243,1255,1268,1280,1299,1318,1337,1356,1376,1395,1414,1433,1452,1471,1490,1509,1528,1547,1567,1586,1605,1624,1643,1662,1681,1700,1719,1738,1777,1777,1739,1702,1665,1627,1590,1553,1515,1478,1441,1403,1366,1329,1291,1254,1217,1179,1142,1105,1067,1030,993,955,881,881,895,908,921,932,943,953,962,971,978,985,991,997,1002,1007,1011,1014,1017,1020,1022,1024,1025,1026,1027,1028,1028,1029,1029,1029,1029,1029,1029,1029,1029,1029,1029,1029,1029,1029,1029,1029,1030,1030,1030,1030,1030,1030,1030,1030,1030,1031,1031,1031,1031,1031,1031,1031,1032,1032,1032,1032,1032,1033,1033,1033,1033,1033,1033,1034,1034,1034,1034,1034,1035,1035,1035,1035,1035,1036,1036,1036,1036,1036,1037,1037,1037,1037,1037,1037,1037,1038,1038,1038,1038,1038,1038,1038,1039,1039,1039,1039,1039,1039,1039,1039,1039,1039,1039,1039,1039,1039,1039,1039,1039,1040,1040,1040,1040,1041,1041,1042,1042,1043,1044,1045,1046,1047,1048,1049,1050,1051,1053,1054,1056,1057,1059,1060,1062,1064,1066,1068,1070,1072,1074,1076,1078,1080,1082,1084,1087,1089,1091,1094,1096,1099,1101,1103,1106,1108,1111,1114,1116,1119,1121,1124,1126,1129,1132,1134,1137,1139,1142,1144,1147,1149,1152,1154,1157,1159,1161,1164,1166,1168,1171,1173,1175,1177,1179,1181,1183,1185,1187,1189,1191,1192,1194,1196,1197,1199,1200,1201,1203,1204,1205,1206,1207,1208,1209,1210,1210,1211,1212,1212,1212,1213,1213,1213,1213,1213,1213,1213,1213,1212,1211,1210,1209,1207,1205,1204,1201,1199,1197,1194,1192,1189,1186,1183,1179,1176,1172,1169,1165,1161,1157,1153,1149,1145,1140,1136,1132,1127,1123,1119,1114,1110,1106,1101,1097,1093,1089,1085,1080,1076,1073,1069,1065,1062,1058,1055,1052,1049,1046,1043,1041,1038,1036,1034,1032,1030,1029,1028,1027,1026,1025,1024,1024,1024,1024,1024,1024,1024,1024,1024,1024,1024,1024,1024,1024,1024,1024,1024,1024,1024,1024,1024,1024

lead:V3
count:520
points:1024,1024,1024,1024,1024,1025,1025,1025,1026,1026,1026,1027,1027,1028,1029,1029,1030,1031,1032,1032,1033,1034,1035,1036,1037,1038,1038,1039,1040,1041,1042,1043,1044,1045,1046,1047,1048,1049,1050,1051,1051,1052,1053,1054,1054,1055,1056,1056,1057,1058,1058,1058,1059,1059,1060,1060,1060,1060,1060,1060,1060,1060,1060,1060,1060,1060,1060,1059,1059,1059,1058,1058,1057,1057,1056,1056,1055,1054,1054,1053,1052,1051,1051,1050,1049,1048,1047,1046,1045,1044,1043,1042,1040,1039,1038,1037,1036,1034,1033,1032,1031,1029,1028,1027,1025,1024,1023,1021,1020,1019,1017,1017,1018,1018,1019,1020,1021,1022,1024,1025,1027,1029,1031,1034,1036,1039,1042,1045,1048,1051,1055,1058,1062,1066,1070,1074,1079,1083,1088,1092,1097,1102,1107,1112,1117,1122,1127,1133,1138,1143,1149,1154,1160,1170,1170,1189,1208,1227,1246,1264,1283,1302,1321,1339,1358,1383,1407,1432,1457,1481,1506,1530,1555,1580,1604,1629,1654,1678,1703,1728,1752,1777,1801,1826,1851,1875,1900,1925,1949,1998,1998,1951,1904,1857,1809,1762,1715,1668,1620,1573,1526,1479,1431,1384,1337,1290,1242,1195,1148,1100,1053,1006,959,864,864,881,896,911,924,937,948,959,969,977,985,993,999,1005,1010,1015,1019,1022,1025,1028,1030,1032,1033,1034,1035,1036,1036,1036,1036,1037,1037,1037,1037,1037,1037,1037,1037,1037,1037,1037,1037,1037,1038,1038,1038,1038,1038,1039,1039,1039,1039,1040,1040,1040,1041,1041,1041,1042,1042,1042,1043,1043,1044,1044,1044,1045,1045,1045,1046,1046,1047,1047,1047,1048,1048,1049,1049,1050,1050,1050,1051,1051,1051,1052,1052,1052,1053,1053,1054,1054,1054,1054,1055,1055,1055,1055,1056,1056,1056,1056,1057,1057,1057,1057,1057,1057,1057,1057,1058,1058,1058,1058,1058,1058,1058,1058,1058,1059,1059,1060,1061,1061,1062,1063,1064,1065,1067,1068,1069,1071,1073,1074,1076,1078,1080,1082,1084,1086,1088,1090,1092,1095,1097,1100,1102,1105,1107,1110,1113,1116,1119,1121,1124,1127,1130,1133,1136,1139,1142,1146,1149,1152,1155,1158,1161,1164,1168,1171,1174,1177,1180,1183,1186,1190,1193,1196,1199,1202,1205,1207,1210,1213,1216,1219,1221,1224,1227,1229,1232,1234,1237,1239,1241,1243,1245,1247,1249,1251,1253,1255,1256,1258,1259,1261,1262,1263,1265,1266,1267,1267,1268,1269,1270,1270,1270,1271,1271,1271,1271,1271,1271,1270,1269,1268,1267,1265,1263,1261,1258,1256,1253,1250,1246,1243,1239,1235,1231,1227,1222,1217,1213,1208,1203,1198,1192,1187,1181,1176,1170,1165,1159,1153,1148,1142,1136,1131,1125,1119,1114,1108,1103,1098,1093,1087,1083,1078,1073,1069,1064,1060,1056,1053,1049,1046,1043,1040,1037,1035,1032,1030,1029,1027,1026,1025,1025,1024,1024,1024,1024,1024,1024,1024,1024,1024,1024,1024,1024,1024,1024,1024,1024,1024,1024,1024,1024,1024

lead:V4
count:520
points:1024,1024,1024,1024,1025,1025,1025,1026,1026,1027,1027,1028,1029,1029,1030,1031,1032,1033,1034,1035,1036,1037,1038,1039,1040,1041,1043,1044,1045,1046,1048,1049,1050,1051,1052,1054,1055,1056,1057,1058,1059,1060,1061,1062,1063,1064,1065,1066,1067,1067,1068,1069,1069,1070,1070,1070,1071,1071,1071,1071,1071,1071,1071,1071,1071,1070,1070,1070,1069,1069,1068,1068,1067,1067,1066,1065,1064,1064,1063,1062,1061,1060,1059,1058,1056,1055,1054,1053,1051,1050,1049,1047,1046,1044,1043,1041,1040,1038,1037,1035,1034,1032,1030,1029,1027,1025,1024,1022,1020,1018,1017,1017,1017,1018,1018,1019,1020,1021,1023,1024,1026,1028,1030,1032,1034,1037,1040,1043,1046,1049,1052,1056,1059,1063,1067,1071,1075,1079,1083,1088,1092,1097,1101,1106,1111,1116,1121,1126,1131,1136,1141,1146,1151,1161,1161,1184,1206,1229,1251,1274,1296,1319,1341,1364,1386,1412,1439,1465,1492,1518,1545,1571,1598,1624,1650,1677,1703,1730,1756,1783,1809,1836,1862,1889,1915,1941,1968,1994,2021,2074,2074,2024,1974,1924,1873,1823,1773,1723,1673,1623,1573,1523,1473,1423,1373,1323,1273,1223,1173,1122,1072,1022,972,872,872,889,904,918,932,944,955,966,975,984,992,999,1005,1011,1016,1021,1025,1028,1031,1034,1036,1038,1039,1040,1041,1041,1042,1042,1042,1042,1042,1042,1042,1042,1042,1042,1043,1043,1043,1043,1043,1043,1044,1044,1044,1044,1045,1045,1045,1046,1046,1047,1047,1047,1048,1048,1049,1049,1050,1050,1051,1051,1052,1052,1053,1053,1054,1054,1055,1056,1056,1057,1057,1058,1058,1059,1059,1060,1061,1061,1062,1062,1063,1063,1064,1064,1065,1065,1065,1066,1066,1067,1067,1067,1068,1068,1069,1069,1069,1069,1070,1070,1070,1070,1070,1071,1071,1071,1071,1071,1071,1071,1071,1071,1071,1072,1072,1072,1073,1074,1074,1075,1076,1077,1078,1079,1081,1082,1083,1085,1086,1088,1090,1092,1094,1096,1098,1100,1102,1105,1107,1109,1112,1115,1117,1120,1123,1125,1128,1131,1134,1137,1140,1143,1146,1149,1152,1156,1159,1162,1165,1168,1172,1175,1178,1182,1185,1188,1191,1195,1198,1201,1204,1207,1211,1214,1217,1220,1223,1226,1229,1232,1235,1238,1240,1243,1246,1248,1251,1254,1256,1258,1261,1263,1265,1267,1269,1271,1273,1275,1277,1278,1280,1281,1283,1284,1285,1286,1287,1288,1289,1290,1290,1291,1291,1291,1292,1292,1292,1292,1291,1291,1290,1288,1287,1285,1283,1280,1278,1275,1272,1268,1265,1261,1257,1253,1248,1243,1239,1234,1228,1223,1218,1212,1206,1200,1195,1189,1183,1176,1170,1164,1158,1152,1146,1139,1133,1127,1121,1115,1110,1104,1098,1093,1087,1082,1077,1072,1068,1063,1059,1055,1051,1047,1044,1041,1038,1035,1033,1031,1029,1028,1026,1025,1025,1024,1024,1024,1024,1024,1024,1024,1024,1024,1024,1024,1024,1024,1024,1024,1024,1024,1024,1024,1024,1024

lead:V5
count:520
points:1024,1024,1024,1024,1025,1025,1025,1026,1026,1027,1027,1028,1029,1030,1030,1031,1032,1033,1034,1035,1037,1038,1039,1040,1041,1043,1044,1045,1047,1048,1049,1051,1052,1053,1054,1056,1057,1058,1059,1061,1062,1063,1064,1065,1066,1067,1068,1069,1070,1070,1071,1072,1072,1073,1073,1074,1074,1074,1074,1074,1074,1074,1074,1074,1074,1074,1073,1073,1073,1072,1072,1071,1070,1070,1069,1068,1067,1066,1066,1065,1064,1062,1061,1060,1059,1058,1056,1055,1054,1052,1051,1049,1048,1046,1045,1043,1042,1040,1038,1037,1035,1033,1032,1030,1028,1026,1024,1023,1021,1019,1017,1017,1018,1018,1018,1019,1020,1021,1022,1023,1025,1026,1028,1029,1031,1033,1035,1038,1040,1043,1045,1048,1051,1054,1057,1060,1063,1066,1070,1073,1077,1080,1084,1088,1092,1095,1099,1103,1107,1111,1115,1119,1123,1132,1132,1154,1177,1200,1222,1245,1268,1290,1313,1336,1358,1383,1407,1431,1455,1479,1504,1528,1552,1576,1601,1625,1649,1673,1697,1722,1746,1770,1794,1818,1843,1867,1891,1915,1940,1988,1988,1943,1898,1852,1807,1762,1717,1672,1626,1581,1536,1491,1446,1400,1355,1310,1265,1220,1174,1129,1084,1039,993,903,903,917,930,942,953,963,972,981,989,996,1003,1009,1014,1019,1023,1027,1030,1033,1036,1038,1040,1041,1042,1043,1044,1044,1045,1045,1045,1045,1045,1045,1045,1045,1045,1045,1045,1045,1046,1046,1046,1046,1047,1047,1047,1047,1048,1048,1049,1049,1049,1050,1050,1051,1051,1052,1052,1053,1053,1054,1054,1055,1056,1056,1057,1057,1058,1059,1059,1060,1060,1061,1062,1062,1063,1064,1064,1065,1065,1066,1067,1067,1068,1068,1069,1069,1070,1070,1071,1071,1072,1072,1073,1073,1074,1074,1074,1075,1075,1075,1076,1076,1076,1076,1076,1077,1077,1077,1077,1077,1077,1077,1077,1077,1077,1078,1078,1078,1079,1079,1080,1081,1081,1082,1083,1084,1085,1087,1088,1089,1091,1092,1094,1095,1097,1099,1101,1103,1105,1107,1109,1111,1113,1115,1118,1120,1122,1125,1127,1130,1133,1135,1138,1141,1143,1146,1149,1152,1154,1157,1160,1163,1166,1169,1171,1174,1177,1180,1183,1186,1189,1191,1194,1197,1200,1203,1205,1208,1211,1213,1216,1219,1221,1224,1226,1229,1231,1233,1235,1238,1240,1242,1244,1246,1248,1250,1251,1253,1255,1256,1258,1259,1261,1262,1263,1264,1265,1266,1267,1268,1269,1269,1270,1270,1271,1271,1271,1271,1271,1271,1271,1270,1269,1268,1267,1265,1263,1261,1258,1256,1253,1250,1246,1243,1239,1235,1231,1227,1222,1218,1213,1208,1203,1198,1192,1187,1182,1176,1170,1165,1159,1153,1148,1142,1136,1131,1125,1119,1114,1108,1103,1098,1093,1088,1083,1078,1073,1069,1064,1060,1056,1053,1049,1046,1043,1040,1037,1035,1032,1030,1029,1027,1026,1025,1025,1024,1024,1024,1024,1024,1024,1024,1024,1024,1024,1024,1024,1024,1024,1024,1024,1024,1024,1024,1024,1024

lead:V6
count:520
points:1024,1024,1024,1024,1025,1025,1025,1026,1026,1027,1027,1028,1028,1029,1030,1031,1032,1033,1033,1034,1036,1037,1038,1039,1040,1041,1042,1043,1045,1046,1047,1048,1049,1051,1052,1053,1054,1055,1056,1058,1059,1060,1061,1062,1062,1063,1064,1065,1066,1066,1067,1068,1068,1069,1069,1069,1070,1070,1070,1070,1070,1070,1070,1070,1070,1069,1069,1069,1068,1068,1068,1067,1066,1066,1065,1064,1064,1063,1062,1061,1060,1059,1058,1057,1056,1055,1054,1053,1052,1050,1049,1048,1046,1045,1044,1042,1041,1039,1038,1036,1035,1033,1032,1030,1028,1027,1025,1024,1022,1020,1019,1021,1024,1026,1028,1031,1033,1035,1038,1040,1042,1044,1047,1049,1051,1053,1055,1057,1059,1061,1062,1064,1066,1068,1069,1071,1072,1074,1075,1076,1077,1078,1079,1080,1081,1082,1083,1083,1084,1084,1085,1085,1085,1085,1085,1105,1124,1144,1163,1183,1202,1222,1241,1261,1280,1298,1317,1335,1353,1372,1390,1408,1427,1445,1463,1481,1500,1518,1536,1555,1573,1591,1610,1628,1646,1665,1683,1701,1720,1756,1756,1723,1689,1656,1622,1589,1555,1522,1488,1455,1421,1388,1354,1321,1287,1254,1220,1187,1153,1120,1086,1053,1019,952,952,961,970,977,984,991,997,1003,1008,1013,1017,1021,1025,1028,1030,1033,1035,1037,1039,1040,1041,1042,1043,1043,1044,1044,1044,1044,1044,1044,1044,1045,1045,1046,1046,1046,1047,1047,1047,1048,1048,1049,1049,1049,1050,1050,1050,1051,1051,1052,1052,1052,1053,1053,1053,1054,1054,1055,1055,1055,1056,1056,1056,1057,1057,1058,1058,1058,1059,1059,1059,1060,1060,1061,1061,1061,1062,1062,1062,1063,1063,1064,1064,1064,1065,1065,1065,1066,1066,1067,1067,1067,1068,1068,1068,1069,1069,1070,1070,1070,1071,1071,1071,1072,1072,1073,1073,1073,1074,1074,1074,1075,1075,1075,1075,1075,1076,1076,1076,1077,1077,1078,1078,1079,1080,1080,1081,1082,1083,1084,1085,1086,1087,1088,1089,1091,1092,1093,1095,1096,1098,1099,1101,1102,1104,1106,1107,1109,1111,1113,1115,1116,1118,1120,1122,1124,1126,1128,1130,1132,1134,1136,1138,1140,1142,1144,1146,1148,1150,1152,1155,1157,1159,1161,1163,1165,1166,1168,1170,1172,1174,1176,1178,1179,1181,1183,1185,1186,1188,1189,1191,1192,1194,1195,1197,1198,1199,1200,1202,1203,1204,1205,1206,1207,1208,1208,1209,1210,1210,1211,1212,1212,1212,1213,1213,1213,1213,1213,1213,1213,1213,1213,1212,1211,1210,1209,1207,1205,1204,1201,1199,1197,1194,1192,1189,1186,1183,1179,1176,1172,1169,1165,1161,1157,1153,1149,1145,1140,1136,1132,1127,1123,1119,1114,1110,1106,1101,1097,1093,1089,1085,1080,1076,1073,1069,1065,1062,1058,1055,1052,1049,1046,1043,1041,1038,1036,1034,1032,1030,1029,1028,1027,1026,1025,1024,1024,1024,1024,1024,1024,1024,1024,1024,1024,1024,1024,1024,1024,1024,1024,1024,1024,1024,1024,1024,1024

