pathology:tach
group:arrhythmia
title:Ventricular tachycardia (VT)
name:Желудочковая тахикардия (без пульса)
leads:12

lead:I
count:382
points:1024,1030,1036,1043,1049,1055,1061,1067,1073,1079,1085,1091,1097,1103,1108,1114,1120,1125,1130,1136,1141,1146,1151,1156,1161,1166,1171,1175,1180,1184,1188,1192,1196,1200,1204,1207,1210,1214,1217,1220,1222,1225,1227,1230,1232,1234,1236,1237,1239,1240,1241,1242,1243,1243,1244,1244,1244,1244,1244,1244,1244,1244,1243,1243,1243,1242,1242,1241,1241,1240,1239,1239,1238,1237,1236,1235,1234,1233,1232,1231,1230,1229,1228,1226,1225,1224,1222,1221,1220,1218,1216,1215,1213,1212,1210,1208,1206,1205,1203,1201,1199,1197,1195,1193,1191,1189,1187,1185,1183,1181,1178,1176,1174,1172,1169,1167,1165,1163,1160,1158,1155,1153,1151,1148,1146,1143,1141,1139,1136,1134,1131,1129,1126,1124,1121,1121,1121,1121,1121,1120,1120,1119,1119,1118,1117,1116,1116,1115,1114,1113,1112,1111,1110,1109,1108,1107,1106,1106,1105,1104,1103,1103,1102,1102,1101,1101,1101,1101,1101,1133,1163,1191,1217,1241,1263,1284,1302,1319,1335,1349,1362,1373,1383,1392,1400,1407,1412,1417,1421,1425,1427,1429,1431,1432,1433,1433,1434,1434,1434,1430,1426,1422,1419,1417,1415,1413,1413,1413,1411,1409,1406,1402,1397,1391,1384,1376,1368,1359,1348,1337,1325,1313,1299,1285,1270,1254,1238,1221,1203,1185,1166,1146,1126,1105,1084,1062,1040,1017,994,971,947,923,898,874,849,824,798,773,747,696,696,671,645,620,594,568,543,517,492,466,440,415,389,364,338,312,287,261,236,210,184,159,133,108,82,56,31,30,29,29,29,30,30,32,33,35,37,40,43,46,50,54,59,64,70,77,83,91,99,108,117,127,137,149,161,174,188,203,219,235,253,272,293,315,338,363,389,389,390,392,393,396,399,402,406,411,416,421,427,433,440,447,455,463,472,480,490,499,509,519,530,541,552,563,574,586,598,610,622,634,646,658,671,682,694,706,718,730,741,753,765,777,788,800,812,824,836,847,859,871,883,894,906,918,930,942,953,965,977,989,1000,1024

lead:II
count:382
points:1024,1030,1036,1042,1048,1054,1060,1066,1072,1078,1084,1090,1096,1102,1107,1113,1118,1124,1129,1134,1139,1144,1149,1154,1159,1164,1168,1172,1177,1181,1185,1189,1192,1196,1199,1203,1206,1209,1212,1214,1217,1219,1221,1223,1225,1227,1228,1230,1231,1232,1233,1233,1234,1234,1234,1234,1234,1234,1234,1234,1234,1234,1234,1234,1234,1233,1233,1233,1233,1233,1233,1232,1232,1232,1231,1231,1230,1230,1229,1229,1228,1227,1226,1226,1225,1224,1223,1222,1221,1219,1218,1217,1215,1214,1212,1210,1209,1207,1205,1203,1201,1199,1196,1194,1191,1189,1186,1183,1180,1177,1174,1171,1168,1164,1160,1157,1153,1149,1145,1141,1136,1132,1127,1122,1117,1112,1107,1102,1096,1090,1085,1079,1073,1060,1060,1060,1059,1058,1056,1054,1052,1049,1046,1042,1038,1034,1029,1024,1018,1013,1006,1000,993,986,978,971,963,955,946,938,929,920,911,902,893,883,874,855,855,852,849,846,843,841,838,835,832,829,826,823,820,817,814,812,809,806,803,800,797,794,791,788,785,783,780,777,774,771,768,766,759,748,734,716,695,650,650,645,640,635,630,625,621,616,611,606,601,596,591,587,582,577,572,568,563,558,554,549,545,540,535,531,526,522,518,513,509,504,500,496,491,487,483,479,475,471,466,462,458,454,450,446,443,439,435,431,427,424,420,416,413,409,406,403,399,396,393,389,386,383,380,377,374,372,369,366,364,363,362,361,360,360,359,359,359,358,358,358,359,359,359,360,361,362,363,364,365,366,368,370,372,374,377,379,382,385,389,392,396,400,405,410,415,421,427,433,440,455,470,485,500,515,529,543,558,572,585,599,612,625,637,649,661,672,683,693,703,712,721,730,737,745,751,757,763,767,772,775,778,780,782,783,783,796,809,821,833,846,858,870,881,893,904,914,925,935,944,954,962,970,978,985,992,998,1003,1008,1012,1016,1019,1021,1023,1024

lead:III
count:382
points:1024,1024,1023,1023,1023,1023,1022,1022,1022,1021,1021,1021,1021,1020,1020,1020,1020,1019,1019,1019,1019,1018,1018,1018,1018,1017,1017,1017,1017,1017,1016,1016,1016,1016,1016,1015,1015,1015,1015,1015,1015,1015,1015,1014,1014,1014,1014,1014,1014,1014,1014,1014,1014,1014,1014,1014,1014,1014,1014,1014,1014,1014,1013,1013,1013,1013,1013,1013,1012,1012,1012,1011,1011,1011,1010,1010,1010,1009,1009,1008,1008,1007,1007,1006,1006,1005,1005,1004,1003,1003,1002,1002,1001,1000,999,999,998,997,997,996,995,994,993,992,992,991,990,989,988,987,986,985,985,984,983,982,981,980,979,978,977,976,975,974,973,972,971,970,969,968,967,966,965,964,963,962,961,959,956,953,949,944,939,932,926,919,911,904,896,887,879,870,862,853,845,837,829,822,815,808,802,797,792,788,784,782,780,778,778,738,700,664,632,601,573,548,524,502,483,465,449,435,422,411,401,393,385,379,374,370,366,364,362,360,359,359,359,358,358,339,321,304,290,278,269,261,261,261,262,264,266,269,272,277,281,287,292,299,306,314,322,331,340,350,360,371,382,394,407,419,433,446,460,475,489,504,520,535,551,568,584,601,618,635,652,670,687,705,722,758,758,781,804,827,850,873,896,919,942,965,988,1011,1034,1057,1080,1103,1126,1149,1172,1196,1219,1242,1265,1288,1311,1334,1357,1357,1356,1356,1355,1354,1353,1351,1350,1348,1345,1343,1340,1337,1333,1330,1326,1321,1316,1311,1306,1300,1293,1286,1279,1271,1263,1254,1245,1235,1225,1213,1201,1189,1175,1161,1146,1130,1113,1095,1075,1075,1075,1076,1076,1077,1077,1078,1079,1080,1081,1082,1083,1085,1086,1088,1090,1091,1093,1095,1097,1099,1101,1104,1106,1108,1111,1113,1116,1118,1121,1123,1126,1129,1131,1134,1137,1133,1129,1125,1122,1118,1114,1110,1107,1103,1099,1095,1092,1088,1084,1080,1077,1073,1069,1065,1062,1058,1054,1050,1047,1043,1039,1035,1032,1024

lead:aVR
count:382
points:1024,1017,1010,1003,996,989,982,976,969,962,955,949,942,935,929,923,916,910,904,898,892,886,880,875,869,864,859,853,848,844,839,834,830,826,821,818,814,810,807,803,800,797,795,792,790,787,785,784,782,780,779,778,777,777,776,776,776,776,776,776,776,777,777,777,778,779,779,780,781,782,782,783,785,786,787,788,789,791,792,794,795,797,799,800,802,804,806,808,810,812,814,817,819,821,823,826,828,831,833,836,839,841,844,847,850,853,856,858,861,864,867,871,874,877,880,883,886,890,893,896,899,903,906,909,913,916,920,923,926,930,933,937,940,944,947,947,948,950,952,954,957,960,964,968,973,978,983,989,994,1000,1006,1012,1018,1024,1030,1036,1041,1046,1051,1056,1060,1064,1067,1070,1073,1075,1076,1077,1077,1063,1051,1039,1028,1017,1008,999,991,984,977,971,966,961,957,953,950,947,944,942,941,939,938,937,936,936,936,935,935,935,935,951,966,980,992,1002,1009,1015,1015,1015,1017,1018,1021,1024,1027,1032,1037,1043,1049,1056,1064,1072,1081,1091,1101,1112,1123,1135,1147,1160,1174,1187,1202,1217,1232,1248,1264,1280,1297,1314,1331,1349,1367,1385,1404,1422,1441,1460,1479,1498,1517,1556,1556,1572,1589,1605,1621,1637,1654,1670,1686,1702,1719,1735,1751,1767,1784,1800,1816,1832,1849,1865,1881,1898,1914,1930,1946,1963,1979,1980,1981,1981,1982,1982,1981,1981,1980,1979,1978,1977,1975,1973,1970,1967,1964,1960,1957,1952,1948,1942,1937,1931,1924,1917,1910,1902,1893,1884,1874,1863,1852,1839,1826,1813,1798,1782,1765,1747,1728,1727,1726,1724,1722,1719,1715,1711,1706,1700,1694,1687,1679,1671,1662,1653,1643,1633,1622,1611,1599,1586,1574,1561,1547,1533,1519,1505,1490,1475,1460,1445,1430,1414,1398,1383,1367,1355,1344,1333,1321,1310,1298,1287,1275,1264,1253,1241,1230,1218,1207,1195,1184,1173,1161,1150,1138,1127,1115,1104,1093,1081,1070,1058,1047,1024

lead:aVL
count:382
points:1024,1028,1031,1035,1039,1043,1046,1050,1054,1057,1061,1064,1068,1071,1075,1078,1082,1085,1088,1092,1095,1098,1101,1104,1107,1110,1113,1115,1118,1121,1123,1126,1128,1130,1132,1135,1137,1139,1140,1142,1144,1145,1147,1148,1150,1151,1152,1153,1154,1154,1155,1156,1156,1157,1157,1157,1157,1157,1157,1157,1157,1157,1157,1157,1156,1156,1156,1156,1156,1156,1155,1155,1155,1155,1154,1154,1154,1153,1153,1153,1152,1152,1151,1151,1151,1150,1150,1149,1149,1148,1148,1147,1147,1146,1145,1145,1144,1144,1143,1142,1142,1141,1140,1140,1139,1138,1138,1137,1136,1136,1135,1134,1133,1133,1132,1131,1130,1130,1129,1128,1127,1126,1126,1125,1124,1123,1122,1121,1121,1120,1119,1118,1117,1116,1116,1116,1116,1117,1119,1121,1123,1125,1128,1131,1134,1138,1142,1146,1150,1154,1159,1163,1167,1172,1176,1180,1184,1188,1191,1195,1198,1201,1203,1205,1207,1208,1209,1210,1210,1252,1291,1328,1362,1393,1422,1449,1473,1496,1516,1534,1551,1566,1579,1590,1601,1609,1617,1623,1629,1633,1637,1639,1641,1643,1644,1644,1645,1645,1645,1653,1662,1669,1676,1682,1686,1689,1689,1689,1687,1685,1682,1678,1673,1667,1661,1653,1645,1636,1626,1615,1603,1591,1578,1564,1549,1534,1518,1501,1484,1466,1447,1428,1408,1388,1367,1346,1324,1302,1280,1257,1233,1210,1186,1162,1137,1113,1088,1063,1039,989,989,960,932,904,876,848,820,792,764,736,708,680,652,623,595,567,539,511,483,455,427,399,371,343,315,286,258,258,258,258,259,259,260,262,264,266,269,272,275,279,283,288,293,298,305,311,318,326,334,343,353,363,374,386,398,411,426,441,457,474,492,511,531,553,576,601,628,628,628,629,630,631,632,634,636,638,640,642,645,648,651,654,658,661,665,669,673,678,682,687,691,696,701,706,712,717,722,727,733,738,744,749,755,764,773,782,791,800,809,818,827,836,845,854,863,872,881,890,898,907,916,925,934,943,952,961,970,979,988,997,1006,1024

lead:aVF
count:382
points:1024,1027,1030,1034,1037,1040,1043,1046,1050,1053,1056,1059,1062,1065,1068,1071,1074,1077,1080,1083,1085,1088,1091,1093,1096,1098,1101,1103,1106,1108,1110,1112,1114,1116,1118,1120,1122,1123,1125,1126,1128,1129,1131,1132,1133,1134,1135,1136,1136,1137,1138,1138,1139,1139,1139,1139,1139,1139,1139,1139,1139,1139,1138,1138,1138,1137,1137,1136,1136,1135,1134,1133,1133,1132,1131,1130,1129,1128,1127,1126,1124,1123,1122,1121,1119,1118,1116,1115,1113,1112,1110,1108,1107,1105,1103,1101,1099,1097,1095,1093,1091,1089,1087,1085,1083,1081,1079,1077,1074,1072,1070,1067,1065,1063,1060,1058,1055,1053,1050,1048,1045,1043,1040,1038,1035,1033,1030,1027,1025,1022,1020,1017,1014,1012,1009,1009,1007,1005,1002,997,992,987,980,973,965,956,947,937,928,918,907,897,887,876,866,856,847,838,829,821,814,807,801,796,792,789,786,785,785,756,730,705,682,661,642,624,607,592,579,566,555,545,536,528,522,516,511,506,503,500,497,496,494,493,493,492,492,492,492,468,444,423,404,389,377,368,368,368,368,369,369,370,371,373,374,376,378,380,382,385,387,390,393,396,400,403,407,411,415,419,423,427,432,436,441,446,451,456,461,466,472,477,482,488,493,499,505,510,516,527,527,539,551,563,575,587,598,610,622,634,646,657,669,681,693,705,717,728,740,752,764,776,788,799,811,823,835,834,834,833,832,831,830,829,828,827,825,824,822,821,819,817,815,813,811,809,806,803,801,798,795,792,788,785,781,777,773,769,764,759,754,749,743,737,730,724,717,717,717,719,720,722,725,727,731,734,738,743,748,753,759,765,771,778,785,792,800,808,816,825,833,842,851,861,870,880,890,900,910,920,930,940,950,953,955,957,960,962,965,967,970,972,975,977,980,982,985,987,990,992,994,997,999,1002,1004,1007,1009,1012,1014,1017,1019,1024

lead:V1
count:392
points:1024,1024,1024,1024,1024,1025,1025,1025,1026,1026,1027,1028,1028,1029,1030,1031,1032,1032,1033,1034,1036,1037,1038,1039,1040,1041,1043,1044,1045,1047,1048,1049,1051,1052,1054,1055,1057,1058,1060,1061,1062,1064,1065,1067,1068,1069,1071,1072,1073,1075,1076,1077,1078,1079,1081,1082,1083,1084,1085,1085,1086,1087,1088,1088,1089,1090,1090,1091,1091,1091,1092,1092,1092,1092,1092,1092,1092,1092,1092,1092,1092,1091,1091,1091,1091,1090,1090,1090,1089,1089,1088,1088,1088,1087,1086,1086,1085,1085,1084,1083,1083,1082,1081,1081,1080,1079,1078,1078,1077,1076,1075,1074,1073,1073,1072,1071,1070,1069,1068,1067,1066,1065,1064,1063,1063,1062,1061,1060,1059,1058,1057,1056,1055,1054,1054,1053,1052,1051,1050,1049,1049,1048,1047,1046,1046,1045,1044,1044,1043,1042,1042,1041,1041,1040,1039,1039,1039,1038,1038,1037,1037,1037,1036,1036,1036,1036,1035,1035,1035,1035,1035,1035,1035,1035,1036,1038,1040,1042,1046,1049,1054,1058,1063,1068,1074,1079,1085,1103,1122,1140,1159,1177,1195,1214,1232,1251,1269,1288,1306,1325,1343,1362,1380,1399,1417,1436,1454,1473,1491,1510,1528,1547,1565,1584,1602,1621,1639,1658,1676,1695,1713,1732,1750,1733,1716,1698,1681,1664,1646,1629,1612,1595,1577,1560,1543,1526,1508,1491,1474,1456,1439,1422,1405,1387,1370,1353,1335,1318,1301,1284,1266,1249,1232,1215,1197,1180,1163,1128,1128,1113,1097,1081,1066,1050,1035,1019,1004,972,972,945,918,891,864,837,810,757,757,756,755,753,750,746,741,736,730,724,717,709,701,693,684,676,667,658,649,641,633,625,617,610,604,598,592,588,584,581,579,577,577,577,578,579,581,583,585,588,591,595,599,603,608,613,618,624,630,637,644,651,658,666,673,682,690,698,707,715,724,733,742,751,761,770,779,788,797,806,815,824,833,841,850,858,866,874,881,889,896,902,909,915,921,926,932,936,941,945,948,952,954,957,959,960,961,962,962,967,973,978,983,988,993,998,1002,1006,1010,1013,1016,1018,1020,1022,1023,1024

lead:V2
count:392
points:1024,1024,1024,1025,1025,1026,1027,1028,1030,1031,1033,1034,1036,1038,1041,1043,1046,1048,1051,1054,1057,1060,1063,1067,1070,1074,1077,1081,1085,1089,1093,1097,1101,1105,1109,1113,1117,1121,1125,1130,1134,1138,1142,1146,1150,1154,1158,1161,1165,1169,1172,1176,1179,1182,1186,1189,1192,1194,1197,1199,1202,1204,1206,1208,1210,1212,1213,1214,1215,1216,1217,1218,1218,1219,1219,1218,1218,1218,1218,1217,1217,1217,1217,1216,1216,1216,1216,1215,1215,1215,1215,1214,1214,1214,1214,1213,1213,1213,1213,1213,1212,1212,1212,1212,1211,1211,1211,1211,1211,1210,1210,1210,1210,1210,1209,1209,1209,1209,1209,1208,1208,1208,1208,1208,1208,1207,1207,1207,1207,1207,1207,1206,1206,1206,1206,1206,1206,1206,1205,1205,1205,1205,1205,1205,1205,1205,1205,1204,1204,1204,1204,1204,1204,1204,1204,1204,1204,1204,1204,1204,1203,1203,1203,1203,1203,1203,1203,1203,1203,1203,1203,1203,1203,1204,1206,1210,1215,1221,1229,1238,1248,1258,1270,1282,1295,1308,1321,1339,1358,1376,1394,1413,1431,1449,1468,1486,1504,1523,1541,1559,1578,1596,1615,1633,1651,1670,1688,1706,1725,1743,1761,1780,1798,1816,1835,1853,1871,1890,1908,1926,1945,1963,1981,1981,1978,1973,1967,1959,1950,1938,1925,1911,1894,1876,1857,1836,1813,1789,1763,1737,1709,1679,1649,1617,1584,1550,1516,1480,1443,1406,1368,1330,1291,1251,1211,1171,1131,1050,1050,1012,975,940,908,879,855,835,821,809,809,810,813,817,822,827,831,835,835,834,834,833,832,831,829,827,825,822,820,817,814,811,808,805,801,798,795,792,789,786,783,780,778,776,774,772,771,769,769,768,768,768,768,768,768,769,769,769,770,770,771,771,772,773,774,774,775,776,777,778,779,781,782,783,784,786,787,788,790,791,793,795,796,798,800,802,803,805,807,809,811,813,815,817,819,821,823,826,828,830,832,835,837,839,842,844,846,849,851,853,856,858,861,863,866,868,870,884,897,910,923,935,947,959,969,979,988,996,1003,1010,1015,1019,1022,1024

lead:V3
count:392
points:1024,1024,1025,1025,1026,1028,1029,1031,1033,1035,1038,1041,1044,1047,1051,1055,1059,1063,1067,1072,1077,1082,1087,1093,1098,1104,1110,1116,1122,1128,1134,1141,1147,1154,1160,1167,1174,1180,1187,1193,1200,1207,1213,1219,1226,1232,1238,1244,1250,1256,1262,1268,1273,1278,1283,1288,1293,1297,1302,1306,1309,1313,1316,1320,1322,1325,1327,1329,1331,1333,1334,1335,1336,1336,1336,1336,1336,1336,1336,1336,1335,1335,1335,1334,1334,1333,1333,1332,1332,1331,1330,1329,1329,1328,1327,1326,1325,1324,1323,1322,1321,1320,1319,1317,1316,1315,1314,1312,1311,1310,1308,1307,1306,1304,1303,1301,1300,1298,1297,1295,1294,1292,1291,1289,1288,1286,1285,1283,1282,1280,1279,1277,1276,1274,1273,1272,1270,1269,1268,1266,1265,1264,1262,1261,1260,1259,1258,1257,1256,1254,1254,1253,1252,1251,1250,1249,1248,1248,1247,1246,1246,1245,1245,1244,1244,1243,1243,1243,1243,1243,1242,1242,1242,1243,1246,1250,1255,1263,1271,1281,1292,1304,1317,1331,1345,1360,1375,1394,1413,1432,1452,1471,1490,1510,1529,1548,1568,1587,1606,1625,1645,1664,1683,1703,1722,1741,1760,1780,1799,1818,1838,1857,1876,1896,1915,1934,1953,1973,1992,2011,2031,2050,2069,2041,2013,1985,1957,1929,1901,1873,1845,1817,1789,1761,1733,1705,1676,1648,1620,1592,1564,1536,1508,1480,1452,1424,1396,1368,1340,1312,1284,1256,1228,1200,1172,1144,1115,1059,1059,1033,1008,982,956,930,904,878,852,801,801,789,778,767,756,744,733,711,711,710,709,708,706,704,701,697,693,689,684,679,674,669,663,657,652,646,640,635,629,624,619,614,610,606,603,600,597,595,594,593,593,593,593,595,596,598,600,603,606,610,614,618,623,628,633,639,645,651,658,665,672,679,687,695,703,711,720,728,737,746,755,764,773,782,791,800,809,817,826,835,843,852,860,868,876,884,891,899,905,912,918,925,930,936,941,945,950,954,957,960,963,965,967,969,970,970,971,975,980,984,989,993,997,1001,1005,1008,1012,1014,1017,1019,1021,1022,1023,1024

lead:V4
count:392
points:1024,1024,1025,1026,1027,1028,1030,1032,1035,1038,1041,1045,1048,1053,1057,1062,1067,1072,1077,1083,1089,1095,1102,1109,1115,1122,1130,1137,1144,1152,1160,1168,1176,1184,1192,1200,1208,1216,1224,1232,1240,1249,1257,1264,1272,1280,1288,1295,1303,1310,1317,1324,1330,1337,1343,1349,1355,1360,1366,1371,1375,1380,1384,1388,1391,1394,1397,1400,1402,1404,1405,1407,1407,1408,1408,1408,1408,1408,1408,1407,1407,1406,1406,1405,1404,1403,1402,1401,1400,1399,1398,1397,1395,1394,1392,1391,1389,1387,1386,1384,1382,1380,1378,1376,1374,1372,1370,1367,1365,1363,1361,1358,1356,1353,1351,1349,1346,1344,1341,1338,1336,1333,1331,1328,1326,1323,1321,1318,1315,1313,1310,1308,1305,1303,1301,1298,1296,1294,1291,1289,1287,1285,1283,1280,1278,1276,1274,1273,1271,1269,1267,1266,1264,1263,1261,1260,1259,1257,1256,1255,1254,1253,1252,1252,1251,1250,1250,1249,1249,1249,1248,1248,1248,1249,1251,1255,1261,1268,1276,1285,1296,1308,1320,1333,1347,1361,1375,1392,1409,1427,1444,1461,1478,1496,1513,1530,1547,1565,1582,1599,1616,1634,1651,1668,1685,1703,1720,1737,1755,1772,1789,1806,1824,1841,1858,1875,1893,1910,1927,1944,1962,1979,1996,1970,1944,1918,1893,1867,1841,1815,1789,1763,1737,1711,1685,1659,1634,1608,1582,1556,1530,1504,1478,1452,1426,1400,1375,1349,1323,1297,1271,1245,1219,1193,1167,1142,1116,1064,1064,1033,1003,973,942,912,881,851,821,760,760,744,728,712,696,680,664,633,633,632,631,629,627,624,620,615,610,605,599,592,586,578,571,564,556,549,542,534,527,521,514,508,503,498,493,489,486,484,482,480,480,481,481,483,485,487,490,494,498,502,507,513,519,525,532,540,548,556,564,573,583,592,602,612,623,633,644,655,666,678,689,701,712,724,735,747,758,770,781,792,803,814,825,835,845,855,865,874,883,892,900,908,915,922,929,935,940,945,950,954,957,960,963,965,966,967,967,972,977,982,987,991,996,1000,1004,1007,1011,1014,1016,1019,1021,1022,1023,1024

lead:V5
count:392
points:1024,1024,1025,1026,1027,1028,1030,1033,1035,1038,1042,1045,1049,1053,1058,1063,1068,1073,1079,1085,1091,1098,1104,1111,1118,1125,1133,1140,1148,1156,1164,1172,1180,1189,1197,1205,1214,1222,1230,1239,1247,1256,1264,1272,1280,1288,1296,1304,1311,1319,1326,1333,1340,1347,1353,1359,1365,1371,1376,1381,1386,1391,1395,1399,1403,1406,1409,1411,1414,1416,1417,1419,1419,1420,1420,1420,1420,1420,1419,1419,1418,1418,1417,1416,1415,1414,1413,1412,1410,1409,1407,1406,1404,1402,1400,1398,1396,1394,1392,1390,1387,1385,1383,1380,1377,1375,1372,1369,1366,1364,1361,1358,1355,1352,1349,1346,1342,1339,1336,1333,1330,1327,1323,1320,1317,1314,1311,1307,1304,1301,1298,1295,1292,1289,1286,1283,1280,1277,1274,1271,1268,1266,1263,1260,1258,1255,1253,1251,1248,1246,1244,1242,1240,1238,1236,1235,1233,1231,1230,1229,1227,1226,1225,1224,1223,1223,1222,1221,1221,1221,1220,1220,1220,1221,1223,1226,1230,1236,1242,1250,1258,1268,1278,1288,1299,1310,1322,1334,1347,1360,1372,1385,1398,1410,1423,1436,1448,1461,1474,1486,1499,1512,1524,1537,1549,1562,1575,1587,1600,1613,1625,1638,1651,1663,1676,1689,1701,1714,1727,1739,1752,1764,1777,1757,1737,1718,1698,1678,1658,1638,1618,1598,1579,1559,1539,1519,1499,1479,1459,1440,1420,1400,1380,1360,1340,1320,1300,1281,1261,1241,1221,1201,1181,1161,1142,1122,1102,1062,1062,1020,980,941,905,873,846,824,808,795,795,773,750,728,705,683,660,616,616,615,614,612,609,606,602,597,592,586,579,573,565,558,550,542,534,526,518,511,503,496,489,483,477,471,467,462,459,456,454,453,453,453,454,455,457,460,463,466,470,475,480,485,491,497,504,511,519,527,536,544,554,563,573,583,593,603,614,625,636,647,658,670,681,693,704,715,727,738,749,760,771,782,792,802,812,822,832,841,850,858,866,874,881,888,894,900,906,911,915,919,923,926,928,930,931,932,932,940,948,956,964,971,978,985,991,997,1003,1007,1012,1015,1018,1021,1023,1024

lead:V6
count:392
points:1024,1031,1039,1046,1054,1061,1068,1076,1083,1090,1097,1105,1112,1119,1126,1133,1140,1147,1154,1161,1167,1174,1181,1187,1194,1200,1207,1213,1219,1225,1231,1237,1243,1248,1254,1260,1265,1270,1275,1280,1285,1290,1295,1299,1304,1308,1312,1317,1320,1324,1328,1331,1335,1338,1341,1344,1347,1350,1352,1355,1357,1359,1361,1363,1364,1366,1367,1368,1369,1370,1371,1371,1372,1372,1372,1372,1372,1372,1371,1371,1370,1370,1369,1368,1367,1366,1364,1363,1362,1360,1359,1357,1355,1353,1351,1349,1347,1345,1343,1340,1338,1335,1333,1330,1327,1324,1322,1319,1316,1313,1310,1307,1303,1300,1297,1294,1291,1287,1284,1281,1277,1274,1271,1267,1264,1260,1257,1254,1250,1247,1244,1241,1237,1234,1231,1228,1225,1222,1219,1216,1213,1210,1207,1204,1202,1199,1197,1194,1192,1190,1187,1185,1183,1181,1179,1177,1176,1174,1173,1171,1170,1169,1168,1167,1166,1165,1164,1164,1163,1163,1162,1162,1162,1163,1164,1166,1168,1172,1176,1180,1185,1191,1197,1203,1210,1217,1224,1224,1225,1227,1230,1234,1238,1244,1249,1256,1263,1271,1279,1287,1296,1305,1315,1324,1334,1343,1353,1362,1371,1380,1389,1397,1405,1412,1418,1424,1429,1434,1437,1440,1442,1443,1444,1443,1442,1441,1438,1435,1431,1426,1420,1414,1407,1400,1392,1383,1373,1363,1353,1342,1330,1318,1305,1292,1278,1264,1249,1234,1219,1204,1188,1172,1155,1139,1122,1106,1089,1055,1055,1036,1017,998,979,960,941,922,903,865,865,840,814,788,763,737,712,660,660,647,634,623,611,601,592,583,575,567,560,554,548,543,538,534,531,527,524,522,520,518,517,515,514,514,513,513,512,512,512,512,512,523,535,546,557,569,580,591,602,613,624,635,646,657,668,678,689,699,710,720,730,740,750,760,769,779,788,797,806,815,824,832,841,849,857,864,872,879,886,893,900,906,913,919,924,930,935,940,945,950,954,958,962,966,969,972,975,977,980,982,983,985,986,987,988,988,988,990,992,994,996,998,1000,1002,1004,1006,1008,1010,1012,1014,1016,1018,1020,1024

