pathology:tachsv
group:arrhythmia
title:Supraventricular tachycardia (SVT)
name:Суправентрикулярная тахикардия
leads:12

lead:I
count:500
points:1024,1024,1024,1024,1024,1024,1024,1024,1024,1024,1024,1024,1024,1024,1024,1024,1024,1024,1024,1024,1024,1024,1024,1024,1024,1024,1024,1024,1024,1024,1024,1024,1024,1024,1024,1024,1024,1024,1024,1024,1024,1024,1024,1024,1024,1024,1024,1024,1024,1024,1024,1024,1024,1024,1024,1024,1024,1024,1024,1024,1024,1024,1024,1024,1024,1024,1024,1024,1024,1024,1024,1024,1024,1024,1024,1024,1024,1024,1024,1024,1023,1023,1022,1022,1021,1020,1020,1019,1018,1017,1016,1015,1013,1012,1011,1010,1009,1007,1006,1005,1004,1003,1002,1001,1000,999,998,997,996,996,995,994,994,994,993,993,993,993,993,994,994,995,995,996,997,997,998,999,1000,1001,1002,1004,1005,1006,1007,1009,1010,1011,1012,1014,1015,1016,1017,1018,1019,1020,1021,1021,1022,1023,1023,1024,1024,1024,1024,1020,1016,1012,1008,1004,999,995,991,987,983,999,1015,1031,1048,1064,1080,1096,1112,1128,1145,1161,1177,1193,1209,1225,1241,1258,1274,1290,1306,1322,1338,1354,1371,1403,1403,1383,1363,1343,1324,1304,1285,1265,1246,1227,1209,1191,1173,1155,1138,1121,1105,1089,1074,1059,1044,1031,1017,1005,993,981,971,961,951,943,935,927,921,915,910,906,902,900,898,896,896,922,943,962,977,990,1000,1008,1014,1018,1021,1023,1024,1024,1024,1024,1024,1024,1024,1024,1024,1024,1024,1024,1024,1024,1024,1024,1024,1024,1024,1024,1024,1024,1024,1024,1024,1024,1024,1024,1024,1024,1024,1024,1024,1024,1024,1024,1024,1024,1024,1024,1024,1024,1024,1024,1024,1024,1024,1024,1024,1024,1024,1024,1024,1024,1024,1024,1024,1024,1024,1024,1024,1024,1024,1024,1024,1024,1024,1024,1024,1024,1024,1024,1024,1024,1024,1024,1024,1024,1024,1024,1024,1024,1024,1024,1024,1024,1024,1024,1024,1025,1025,1025,1026,1026,1027,1027,1028,1029,1029,1030,1031,1032,1033,1033,1034,1036,1037,1038,1039,1040,1041,1043,1044,1045,1047,1048,1050,1051,1053,1054,1056,1057,1059,1061,1062,1064,1066,1067,1069,1071,1073,1075,1076,1078,1080,1082,1084,1085,1087,1089,1091,1093,1095,1096,1098,1100,1102,1103,1105,1107,1109,1110,1112,1113,1115,1117,1118,1120,1121,1123,1124,1126,1127,1128,1130,1131,1132,1133,1134,1135,1136,1137,1138,1139,1140,1141,1142,1142,1143,1144,1144,1145,1145,1146,1146,1146,1146,1147,1147,1147,1147,1147,1147,1146,1146,1145,1145,1144,1143,1142,1140,1139,1138,1136,1134,1133,1131,1129,1127,1125,1122,1120,1118,1115,1113,1110,1108,1105,1102,1100,1097,1094,1091,1088,1085,1083,1080,1077,1074,1071,1069,1066,1063,1061,1058,1056,1053,1051,1048,1046,1044,1042,1040,1038,1036,1035,1033,1032,1030,1029,1028,1027,1026,1026,1025,1025,1024,1024

lead:II
count:500
points:1024,1024,1024,1024,1024,1024,1024,1024,1024,1024,1024,1024,1024,1024,1024,1024,1024,1024,1024,1024,1024,1024,1024,1024,1024,1024,1024,1024,1024,1024,1024,1024,1024,1024,1024,1024,1024,1024,1024,1024,1024,1024,1024,1024,1024,1024,1024,1024,1024,1024,1024,1024,1024,1024,1024,1024,1024,1024,1024,1024,1024,1024,1024,1024,1024,1024,1024,1024,1024,1024,1024,1024,1024,1024,1024,1024,1024,1024,1024,1023,1023,1022,1021,1020,1019,1017,1016,1014,1012,1011,1009,1007,1005,1002,1000,998,996,994,991,989,987,985,983,981,979,978,976,974,973,972,971,970,969,968,968,968,968,968,968,969,969,970,971,972,974,975,977,979,980,982,985,987,989,991,994,996,998,1000,1003,1005,1007,1009,1011,1013,1015,1017,1018,1019,1021,1022,1022,1023,1024,1024,1024,1015,1006,996,987,978,969,959,950,941,932,958,983,1009,1035,1061,1087,1112,1138,1164,1190,1216,1241,1267,1293,1319,1345,1370,1396,1422,1448,1474,1499,1525,1551,1603,1603,1575,1548,1521,1494,1468,1441,1415,1389,1363,1338,1313,1289,1265,1241,1219,1196,1175,1154,1133,1114,1095,1077,1060,1043,1028,1013,999,987,975,964,954,945,937,930,925,920,916,913,912,911,934,953,969,983,994,1003,1010,1015,1019,1021,1023,1024,1024,1024,1024,1024,1024,1024,1024,1024,1024,1024,1024,1024,1024,1024,1024,1024,1024,1024,1024,1024,1024,1024,1024,1024,1024,1024,1024,1024,1024,1024,1024,1024,1024,1024,1024,1024,1024,1024,1024,1024,1024,1024,1024,1024,1024,1024,1024,1024,1024,1024,1024,1024,1024,1024,1024,1024,1024,1024,1024,1024,1024,1024,1024,1024,1024,1024,1024,1024,1024,1024,1024,1024,1024,1024,1024,1024,1024,1024,1024,1024,1024,1024,1024,1024,1024,1024,1024,1025,1025,1025,1026,1026,1027,1028,1028,1029,1030,1031,1032,1033,1034,1036,1037,1038,1040,1041,1043,1044,1046,1048,1050,1051,1053,1055,1057,1059,1061,1063,1066,1068,1070,1072,1074,1077,1079,1081,1084,1086,1089,1091,1094,1096,1098,1101,1103,1106,1108,1111,1113,1116,1118,1121,1123,1126,1128,1131,1133,1136,1138,1140,1143,1145,1147,1149,1151,1154,1156,1158,1160,1162,1164,1166,1167,1169,1171,1172,1174,1176,1177,1179,1180,1181,1182,1184,1185,1186,1187,1188,1189,1189,1190,1191,1191,1192,1192,1192,1193,1193,1193,1193,1193,1193,1192,1192,1191,1190,1189,1187,1186,1184,1182,1180,1178,1176,1173,1171,1168,1165,1162,1159,1156,1153,1150,1146,1143,1139,1135,1132,1128,1124,1120,1116,1112,1108,1105,1101,1097,1093,1089,1085,1082,1078,1074,1071,1067,1064,1061,1058,1055,1052,1049,1046,1043,1041,1039,1037,1035,1033,1031,1030,1028,1027,1026,1025,1025,1024,1024

lead:III
count:500
points:1024,1024,1024,1024,1024,1024,1024,1024,1024,1024,1024,1024,1024,1024,1024,1024,1024,1024,1024,1024,1024,1024,1024,1024,1024,1024,1024,1024,1024,1024,1024,1024,1024,1024,1024,1024,1024,1024,1024,1024,1024,1024,1024,1024,1024,1024,1024,1024,1024,1024,1024,1024,1024,1024,1024,1024,1024,1024,1024,1024,1024,1024,1024,1024,1024,1024,1024,1024,1024,1024,1024,1024,1024,1024,1024,1024,1024,1024,1024,1024,1023,1023,1023,1022,1022,1021,1020,1020,1019,1018,1017,1016,1015,1014,1013,1012,1011,1010,1009,1008,1007,1006,1005,1005,1004,1003,1002,1001,1001,1000,1000,999,999,999,999,998,998,998,999,999,999,999,1000,1000,1001,1002,1003,1003,1004,1005,1006,1007,1008,1009,1010,1011,1012,1013,1014,1015,1016,1017,1018,1019,1020,1021,1021,1022,1022,1023,1023,1024,1024,1024,1024,1019,1014,1009,1004,998,993,988,983,978,973,982,992,1002,1011,1021,1031,1040,1050,1060,1069,1079,1089,1098,1108,1118,1127,1137,1146,1156,1166,1175,1185,1195,1204,1224,1224,1216,1209,1202,1195,1188,1181,1174,1167,1160,1153,1147,1140,1134,1127,1121,1115,1110,1104,1099,1093,1088,1084,1079,1075,1070,1067,1063,1059,1056,1053,1051,1048,1046,1044,1043,1042,1041,1040,1040,1039,1036,1034,1031,1030,1028,1027,1026,1025,1025,1024,1024,1024,1024,1024,1024,1024,1024,1024,1024,1024,1024,1024,1024,1024,1024,1024,1024,1024,1024,1024,1024,1024,1024,1024,1024,1024,1024,1024,1024,1024,1024,1024,1024,1024,1024,1024,1024,1024,1024,1024,1024,1024,1024,1024,1024,1024,1024,1024,1024,1024,1024,1024,1024,1024,1024,1024,1024,1024,1024,1024,1024,1024,1024,1024,1024,1024,1024,1024,1024,1024,1024,1024,1024,1024,1024,1024,1024,1024,1024,1024,1024,1024,1024,1024,1024,1024,1024,1024,1024,1024,1024,1024,1024,1025,1025,1025,1025,1025,1026,1026,1026,1027,1027,1027,1028,1028,1028,1029,1029,1030,1030,1031,1031,1031,1032,1033,1033,1034,1034,1035,1035,1036,1037,1037,1038,1038,1039,1040,1040,1041,1042,1042,1043,1044,1044,1045,1046,1046,1047,1048,1048,1049,1050,1050,1051,1052,1052,1053,1054,1054,1055,1056,1056,1057,1058,1058,1059,1059,1060,1060,1061,1062,1062,1063,1063,1064,1064,1064,1065,1065,1066,1066,1067,1067,1067,1068,1068,1068,1068,1069,1069,1069,1069,1069,1070,1070,1070,1070,1070,1070,1070,1070,1070,1070,1070,1070,1069,1069,1069,1069,1068,1068,1067,1067,1066,1065,1065,1064,1063,1063,1062,1061,1060,1059,1058,1057,1056,1055,1054,1053,1052,1051,1050,1049,1048,1047,1046,1045,1044,1043,1042,1041,1040,1039,1038,1037,1036,1035,1034,1033,1032,1032,1031,1030,1029,1029,1028,1027,1027,1026,1026,1026,1025,1025,1025,1024,1024,1024,1024

lead:aVR
count:500
points:1024,1024,1024,1024,1024,1024,1024,1024,1024,1024,1024,1024,1024,1024,1024,1024,1024,1024,1024,1024,1024,1024,1024,1024,1024,1024,1024,1024,1024,1024,1024,1024,1024,1024,1024,1024,1024,1024,1024,1024,1024,1024,1024,1024,1024,1024,1024,1024,1024,1024,1024,1024,1024,1024,1024,1024,1024,1024,1024,1024,1024,1024,1024,1024,1024,1024,1024,1024,1024,1024,1024,1024,1024,1024,1024,1024,1024,1024,1024,1025,1025,1026,1027,1028,1029,1030,1031,1033,1034,1036,1038,1040,1041,1043,1045,1047,1049,1051,1053,1055,1057,1059,1061,1062,1064,1065,1067,1068,1069,1071,1072,1072,1073,1074,1074,1074,1074,1074,1074,1073,1073,1072,1071,1070,1069,1068,1066,1065,1063,1061,1059,1057,1055,1053,1051,1049,1047,1045,1043,1041,1039,1037,1035,1034,1032,1031,1029,1028,1027,1026,1025,1025,1024,1024,1024,1032,1039,1047,1055,1062,1070,1078,1085,1093,1101,1077,1052,1028,1004,980,956,931,907,883,859,834,810,786,762,738,713,689,665,641,617,592,568,544,520,471,471,498,525,553,579,606,633,659,685,711,736,761,785,809,833,856,878,899,920,941,960,979,997,1014,1031,1046,1061,1075,1088,1099,1110,1120,1129,1137,1144,1150,1154,1158,1161,1162,1163,1135,1111,1091,1075,1061,1050,1041,1035,1030,1027,1025,1024,1024,1024,1024,1024,1024,1024,1024,1024,1024,1024,1024,1024,1024,1024,1024,1024,1024,1024,1024,1024,1024,1024,1024,1024,1024,1024,1024,1024,1024,1024,1024,1024,1024,1024,1024,1024,1024,1024,1024,1024,1024,1024,1024,1024,1024,1024,1024,1024,1024,1024,1024,1024,1024,1024,1024,1024,1024,1024,1024,1024,1024,1024,1024,1024,1024,1024,1024,1024,1024,1024,1024,1024,1024,1024,1024,1024,1024,1024,1024,1024,1024,1024,1024,1024,1024,1024,1024,1023,1023,1023,1022,1022,1021,1020,1020,1019,1018,1017,1016,1015,1014,1012,1011,1010,1008,1007,1005,1004,1002,1000,998,997,995,993,991,989,987,985,983,980,978,976,974,971,969,967,964,962,960,957,955,952,950,947,945,942,940,937,935,932,930,927,925,922,920,918,915,913,910,908,906,904,901,899,897,895,893,891,889,887,885,883,881,879,878,876,874,873,871,870,869,867,866,865,864,863,862,861,860,859,858,858,857,857,856,856,856,856,856,856,856,856,856,857,858,859,860,861,863,864,866,868,870,873,875,877,880,883,886,889,892,895,899,902,906,909,913,917,920,924,928,932,936,940,944,948,951,955,959,963,967,970,974,977,981,984,987,991,994,997,999,1002,1005,1007,1009,1011,1013,1015,1017,1018,1020,1021,1022,1023,1023,1024,1024

lead:aVL
count:500
points:1024,1024,1024,1024,1024,1024,1024,1024,1024,1024,1024,1024,1024,1024,1024,1024,1024,1024,1024,1024,1024,1024,1024,1024,1024,1024,1024,1024,1024,1024,1024,1024,1024,1024,1024,1024,1024,1024,1024,1024,1024,1024,1024,1024,1024,1024,1024,1024,1024,1024,1024,1024,1024,1024,1024,1024,1024,1024,1024,1024,1024,1024,1024,1024,1024,1024,1024,1024,1024,1024,1024,1024,1024,1024,1024,1024,1024,1024,1024,1024,1024,1024,1024,1024,1024,1024,1024,1023,1023,1023,1023,1023,1023,1023,1023,1023,1023,1022,1022,1022,1022,1022,1022,1022,1022,1022,1021,1021,1021,1021,1021,1021,1021,1021,1021,1021,1021,1021,1021,1021,1021,1021,1021,1021,1021,1021,1022,1022,1022,1022,1022,1022,1022,1022,1022,1023,1023,1023,1023,1023,1023,1023,1023,1023,1024,1024,1024,1024,1024,1024,1024,1024,1024,1024,1024,1025,1025,1026,1026,1027,1028,1028,1029,1029,1030,1034,1037,1041,1045,1049,1052,1056,1060,1064,1067,1071,1075,1079,1082,1086,1090,1094,1097,1101,1105,1109,1112,1116,1120,1127,1127,1120,1113,1106,1098,1091,1084,1077,1070,1063,1056,1049,1043,1036,1030,1024,1018,1012,1007,1001,996,991,986,981,977,973,969,965,962,958,955,953,950,948,946,945,944,943,942,941,941,958,972,984,994,1002,1009,1014,1017,1020,1022,1023,1024,1024,1024,1024,1024,1024,1024,1024,1024,1024,1024,1024,1024,1024,1024,1024,1024,1024,1024,1024,1024,1024,1024,1024,1024,1024,1024,1024,1024,1024,1024,1024,1024,1024,1024,1024,1024,1024,1024,1024,1024,1024,1024,1024,1024,1024,1024,1024,1024,1024,1024,1024,1024,1024,1024,1024,1024,1024,1024,1024,1024,1024,1024,1024,1024,1024,1024,1024,1024,1024,1024,1024,1024,1024,1024,1024,1024,1024,1024,1024,1024,1024,1024,1024,1024,1024,1024,1024,1024,1024,1024,1024,1025,1025,1025,1025,1025,1026,1026,1026,1026,1027,1027,1027,1028,1028,1029,1029,1029,1030,1030,1031,1031,1032,1032,1033,1033,1034,1034,1035,1035,1036,1037,1037,1038,1038,1039,1040,1040,1041,1042,1042,1043,1044,1044,1045,1046,1046,1047,1047,1048,1049,1049,1050,1051,1051,1052,1053,1053,1054,1055,1055,1056,1056,1057,1057,1058,1059,1059,1060,1060,1061,1061,1062,1062,1063,1063,1063,1064,1064,1065,1065,1065,1066,1066,1066,1066,1067,1067,1067,1067,1068,1068,1068,1068,1068,1068,1068,1068,1068,1068,1068,1068,1068,1068,1068,1067,1067,1067,1066,1066,1066,1065,1064,1064,1063,1063,1062,1061,1060,1060,1059,1058,1057,1056,1055,1054,1053,1052,1051,1050,1049,1048,1047,1046,1045,1044,1043,1042,1041,1040,1039,1038,1037,1036,1035,1034,1034,1033,1032,1031,1030,1030,1029,1028,1028,1027,1027,1026,1026,1025,1025,1025,1025,1024,1024,1024,1024

lead:aVF
count:500
points:1024,1024,1024,1024,1024,1024,1024,1024,1024,1024,1024,1024,1024,1024,1024,1024,1024,1024,1024,1024,1024,1024,1024,1024,1024,1024,1024,1024,1024,1024,1024,1024,1024,1024,1024,1024,1024,1024,1024,1024,1024,1024,1024,1024,1024,1024,1024,1024,1024,1024,1024,1024,1024,1024,1024,1024,1024,1024,1024,1024,1024,1024,1024,1024,1024,1024,1024,1024,1024,1024,1024,1024,1024,1024,1024,1024,1024,1024,1024,1023,1023,1022,1021,1021,1019,1018,1017,1016,1014,1013,1011,1009,1008,1006,1004,1002,1000,998,997,995,993,991,990,988,986,985,984,982,981,980,979,979,978,977,977,977,977,977,977,977,978,979,980,981,982,983,984,986,987,989,991,993,995,996,998,1000,1002,1004,1006,1008,1010,1012,1013,1015,1016,1018,1019,1020,1021,1022,1023,1023,1024,1024,1024,1016,1007,999,991,983,974,966,958,950,941,962,982,1003,1023,1044,1064,1084,1105,1125,1146,1166,1187,1207,1228,1248,1269,1289,1310,1330,1351,1371,1391,1412,1432,1473,1473,1453,1434,1414,1394,1375,1355,1336,1317,1298,1280,1262,1244,1226,1209,1192,1176,1160,1145,1130,1116,1102,1089,1076,1064,1053,1042,1032,1023,1014,1006,999,993,987,982,978,974,971,969,968,968,979,989,997,1004,1009,1014,1017,1020,1021,1023,1023,1024,1024,1024,1024,1024,1024,1024,1024,1024,1024,1024,1024,1024,1024,1024,1024,1024,1024,1024,1024,1024,1024,1024,1024,1024,1024,1024,1024,1024,1024,1024,1024,1024,1024,1024,1024,1024,1024,1024,1024,1024,1024,1024,1024,1024,1024,1024,1024,1024,1024,1024,1024,1024,1024,1024,1024,1024,1024,1024,1024,1024,1024,1024,1024,1024,1024,1024,1024,1024,1024,1024,1024,1024,1024,1024,1024,1024,1024,1024,1024,1024,1024,1024,1024,1024,1024,1024,1024,1024,1025,1025,1025,1026,1026,1027,1027,1028,1029,1029,1030,1031,1032,1033,1034,1035,1036,1037,1038,1039,1040,1042,1043,1044,1046,1047,1048,1050,1051,1053,1055,1056,1058,1059,1061,1063,1064,1066,1068,1070,1071,1073,1075,1077,1079,1081,1082,1084,1086,1088,1090,1092,1093,1095,1097,1099,1101,1102,1104,1106,1108,1109,1111,1113,1114,1116,1118,1119,1121,1122,1124,1125,1127,1128,1129,1131,1132,1133,1134,1135,1137,1138,1139,1140,1140,1141,1142,1143,1144,1144,1145,1145,1146,1146,1147,1147,1147,1148,1148,1148,1148,1148,1148,1148,1148,1147,1147,1146,1145,1144,1143,1142,1140,1139,1137,1136,1134,1132,1130,1128,1126,1123,1121,1119,1116,1114,1111,1109,1106,1103,1100,1097,1095,1092,1089,1086,1083,1080,1078,1075,1072,1069,1066,1064,1061,1058,1056,1053,1051,1049,1046,1044,1042,1040,1038,1037,1035,1033,1032,1031,1029,1028,1027,1026,1026,1025,1025,1024,1024

lead:V1
count:500
points:1024,1024,1024,1024,1024,1024,1024,1024,1024,1024,1024,1024,1024,1024,1024,1024,1024,1024,1024,1024,1024,1024,1024,1024,1024,1024,1024,1024,1024,1024,1024,1024,1024,1024,1024,1024,1024,1024,1024,1024,1024,1024,1024,1024,1024,1024,1024,1024,1024,1024,1024,1024,1024,1024,1024,1024,1024,1024,1024,1024,1024,1024,1024,1024,1024,1024,1024,1024,1024,1024,1024,1024,1024,1024,1024,1024,1024,1024,1024,1024,1024,1024,1024,1025,1025,1025,1025,1025,1026,1026,1026,1027,1027,1027,1028,1028,1028,1029,1029,1029,1030,1030,1030,1030,1031,1031,1031,1031,1032,1032,1032,1032,1032,1032,1032,1033,1033,1033,1032,1032,1032,1032,1032,1032,1032,1031,1031,1031,1031,1030,1030,1030,1029,1029,1029,1028,1028,1028,1027,1027,1027,1026,1026,1026,1025,1025,1025,1025,1025,1024,1024,1024,1024,1024,1024,1011,997,984,970,957,944,930,917,903,890,873,857,840,823,806,790,773,756,739,722,706,689,672,655,639,622,605,588,572,555,538,521,505,488,454,454,476,498,520,542,564,585,607,628,649,669,689,709,728,747,766,784,802,819,835,851,866,881,895,908,921,933,944,954,964,972,981,988,994,1000,1004,1008,1011,1013,1015,1015,1017,1018,1020,1021,1022,1022,1023,1023,1024,1024,1024,1024,1024,1024,1025,1026,1027,1028,1029,1030,1031,1032,1033,1034,1035,1036,1038,1039,1040,1041,1042,1043,1044,1045,1046,1047,1048,1049,1050,1051,1052,1053,1054,1055,1056,1057,1058,1059,1060,1061,1062,1064,1065,1066,1067,1068,1069,1070,1071,1072,1073,1074,1075,1076,1077,1078,1079,1080,1081,1082,1083,1084,1085,1086,1087,1088,1089,1091,1092,1093,1094,1095,1096,1097,1098,1099,1100,1101,1102,1103,1104,1105,1106,1107,1108,1109,1109,1109,1110,1110,1110,1110,1111,1111,1112,1112,1113,1114,1115,1115,1116,1117,1118,1119,1120,1121,1123,1124,1125,1127,1128,1130,1131,1133,1134,1136,1137,1139,1141,1143,1144,1146,1148,1150,1152,1154,1156,1158,1160,1162,1164,1166,1168,1170,1172,1175,1177,1179,1181,1183,1185,1187,1189,1192,1194,1196,1198,1200,1202,1204,1206,1208,1210,1212,1214,1216,1217,1219,1221,1223,1224,1226,1228,1229,1231,1232,1234,1235,1237,1238,1239,1240,1242,1243,1244,1245,1246,1247,1247,1248,1249,1250,1250,1251,1251,1252,1252,1252,1252,1253,1253,1253,1253,1252,1252,1251,1250,1248,1247,1245,1243,1241,1238,1236,1233,1230,1226,1223,1219,1215,1211,1207,1203,1199,1194,1189,1185,1180,1175,1170,1165,1159,1154,1149,1144,1138,1133,1128,1123,1117,1112,1107,1102,1097,1092,1087,1083,1078,1074,1069,1065,1061,1057,1054,1050,1047,1044,1041,1038,1036,1034,1032,1030,1028,1027,1026,1025,1024,1024

lead:V2
count:500
points:1024,1024,1024,1024,1024,1024,1024,1024,1024,1024,1024,1024,1024,1024,1024,1024,1024,1024,1024,1024,1024,1024,1024,1024,1024,1024,1024,1024,1024,1024,1024,1024,1024,1024,1024,1024,1024,1024,1024,1024,1024,1024,1024,1024,1024,1024,1024,1024,1024,1024,1024,1024,1024,1024,1024,1024,1024,1024,1024,1024,1024,1024,1024,1024,1024,1024,1024,1024,1024,1024,1024,1024,1024,1024,1024,1024,1024,1024,1024,1024,1023,1023,1023,1022,1021,1021,1020,1019,1019,1018,1017,1016,1015,1014,1013,1012,1011,1010,1009,1008,1007,1006,1005,1004,1003,1002,1001,1001,1000,999,999,998,998,998,998,997,997,997,998,998,998,999,999,1000,1000,1001,1002,1003,1003,1004,1005,1006,1007,1009,1010,1011,1012,1013,1014,1015,1016,1017,1018,1019,1020,1020,1021,1022,1022,1023,1023,1024,1024,1024,1024,1035,1046,1056,1067,1078,1089,1099,1110,1121,1132,1103,1074,1046,1017,989,960,932,903,875,846,818,789,760,732,703,675,646,618,589,561,532,503,475,446,389,389,414,438,463,487,511,535,559,582,606,629,651,673,695,716,737,757,776,795,814,831,848,865,880,895,909,922,935,946,957,967,976,984,991,997,1002,1007,1010,1013,1014,1014,1016,1018,1019,1021,1021,1022,1023,1023,1024,1024,1024,1024,1024,1024,1025,1026,1027,1028,1030,1031,1032,1033,1034,1035,1036,1037,1039,1040,1041,1042,1043,1044,1045,1046,1048,1049,1050,1051,1052,1053,1054,1055,1057,1058,1059,1060,1061,1062,1063,1064,1066,1067,1068,1069,1070,1071,1072,1073,1075,1076,1077,1078,1079,1080,1081,1082,1084,1085,1086,1087,1088,1089,1090,1091,1093,1094,1095,1096,1097,1098,1099,1100,1102,1103,1104,1105,1106,1107,1108,1109,1111,1112,1113,1114,1115,1116,1116,1116,1117,1117,1117,1118,1118,1119,1120,1120,1121,1122,1123,1124,1126,1127,1128,1130,1131,1133,1134,1136,1138,1140,1142,1144,1146,1148,1150,1152,1155,1157,1159,1162,1164,1167,1169,1172,1174,1177,1180,1182,1185,1188,1191,1194,1196,1199,1202,1205,1208,1211,1214,1217,1219,1222,1225,1228,1231,1234,1237,1239,1242,1245,1248,1250,1253,1256,1258,1261,1263,1266,1268,1271,1273,1275,1277,1279,1282,1284,1286,1288,1289,1291,1293,1295,1296,1298,1299,1300,1302,1303,1304,1305,1306,1307,1308,1308,1309,1310,1310,1311,1311,1311,1311,1311,1311,1311,1310,1309,1307,1306,1304,1301,1299,1296,1293,1290,1286,1282,1278,1274,1269,1264,1259,1254,1249,1243,1237,1232,1226,1219,1213,1207,1200,1194,1187,1181,1174,1168,1161,1154,1148,1141,1135,1128,1122,1116,1110,1104,1098,1092,1086,1081,1076,1071,1066,1061,1057,1053,1049,1046,1042,1039,1036,1034,1031,1029,1028,1026,1025,1025,1024

lead:V3
count:500
points:1024,1024,1024,1024,1024,1024,1024,1024,1024,1024,1024,1024,1024,1024,1024,1024,1024,1024,1024,1024,1024,1024,1024,1024,1024,1024,1024,1024,1024,1024,1024,1024,1024,1024,1024,1024,1024,1024,1024,1024,1024,1024,1024,1024,1024,1024,1024,1024,1024,1024,1024,1024,1024,1024,1024,1024,1024,1024,1024,1024,1024,1024,1024,1024,1024,1024,1024,1024,1024,1024,1024,1024,1024,1024,1024,1024,1024,1024,1024,1023,1023,1022,1021,1020,1018,1017,1016,1014,1012,1010,1008,1006,1004,1002,1000,997,995,993,991,988,986,984,982,980,978,976,975,973,972,971,970,969,968,967,967,966,966,966,967,967,968,969,970,971,972,974,976,977,979,981,984,986,988,990,993,995,998,1000,1002,1005,1007,1009,1011,1013,1015,1016,1018,1019,1021,1022,1022,1023,1024,1024,1024,1057,1091,1124,1157,1190,1224,1257,1290,1324,1357,1321,1285,1249,1213,1177,1141,1105,1068,1032,996,960,924,888,852,816,780,744,708,672,636,600,564,528,492,419,419,443,466,489,513,536,558,581,603,626,647,669,690,711,731,750,770,788,806,824,841,857,872,887,901,915,927,939,950,960,970,978,986,993,999,1004,1008,1011,1013,1015,1015,1017,1018,1020,1021,1022,1022,1023,1023,1024,1024,1024,1024,1024,1024,1025,1026,1027,1028,1029,1030,1031,1032,1033,1034,1035,1036,1038,1039,1040,1041,1042,1043,1044,1045,1046,1047,1048,1049,1050,1051,1052,1053,1054,1055,1056,1057,1058,1059,1060,1061,1062,1064,1065,1066,1067,1068,1069,1070,1071,1072,1073,1074,1075,1076,1077,1078,1079,1080,1081,1082,1083,1084,1085,1086,1087,1088,1089,1091,1092,1093,1094,1095,1096,1097,1098,1099,1100,1101,1102,1103,1104,1105,1106,1107,1108,1109,1109,1109,1110,1110,1110,1111,1112,1112,1113,1114,1115,1116,1117,1118,1120,1121,1123,1124,1126,1128,1130,1132,1134,1136,1138,1140,1142,1145,1147,1149,1152,1155,1157,1160,1163,1165,1168,1171,1174,1177,1180,1183,1186,1189,1192,1196,1199,1202,1205,1208,1211,1215,1218,1221,1224,1228,1231,1234,1237,1240,1243,1247,1250,1253,1256,1259,1262,1265,1268,1270,1273,1276,1279,1281,1284,1286,1289,1291,1294,1296,1298,1300,1302,1304,1306,1308,1310,1312,1313,1315,1316,1317,1319,1320,1321,1322,1323,1324,1324,1325,1325,1326,1326,1326,1327,1327,1326,1326,1325,1324,1323,1321,1319,1316,1314,1311,1307,1304,1300,1296,1292,1287,1282,1277,1272,1266,1261,1255,1249,1243,1236,1230,1223,1217,1210,1203,1196,1189,1182,1175,1168,1161,1154,1148,1141,1134,1127,1121,1114,1108,1102,1096,1090,1084,1079,1073,1068,1063,1059,1055,1050,1047,1043,1040,1037,1034,1032,1030,1028,1027,1025,1025,1024

lead:V4
count:500
points:1024,1024,1024,1024,1024,1024,1024,1024,1024,1024,1024,1024,1024,1024,1024,1024,1024,1024,1024,1024,1024,1024,1024,1024,1024,1024,1024,1024,1024,1024,1024,1024,1024,1024,1024,1024,1024,1024,1024,1024,1024,1024,1024,1024,1024,1024,1024,1024,1024,1024,1024,1024,1024,1024,1024,1024,1024,1024,1024,1024,1024,1024,1024,1024,1024,1024,1024,1024,1024,1024,1024,1024,1024,1024,1024,1024,1024,1024,1024,1023,1022,1021,1020,1018,1016,1014,1012,1010,1007,1005,1002,999,996,993,990,987,984,981,977,974,971,968,965,963,960,958,955,953,951,949,948,947,945,945,944,944,944,944,944,945,946,947,948,950,952,954,956,959,962,965,968,971,974,977,980,984,987,990,994,997,1000,1003,1006,1008,1011,1013,1016,1017,1019,1021,1022,1023,1023,1024,1024,1075,1126,1178,1229,1280,1331,1382,1434,1485,1536,1498,1460,1422,1383,1345,1307,1269,1231,1193,1155,1116,1078,1040,1002,964,926,888,850,811,773,735,697,659,621,544,544,563,582,600,618,637,655,673,691,708,725,742,759,775,792,807,822,837,852,865,879,892,904,916,927,938,948,957,966,974,981,988,994,1000,1004,1008,1011,1014,1016,1017,1017,1019,1020,1021,1022,1022,1023,1023,1023,1024,1024,1024,1024,1024,1024,1025,1026,1026,1027,1028,1029,1030,1030,1031,1032,1033,1033,1034,1035,1036,1037,1037,1038,1039,1040,1041,1041,1042,1043,1044,1045,1045,1046,1047,1048,1049,1049,1050,1051,1052,1052,1053,1054,1055,1056,1056,1057,1058,1059,1060,1060,1061,1062,1063,1064,1064,1065,1066,1067,1068,1068,1069,1070,1071,1071,1072,1073,1074,1075,1075,1076,1077,1078,1079,1079,1080,1081,1082,1083,1083,1084,1085,1086,1087,1087,1088,1089,1089,1089,1089,1090,1090,1091,1091,1092,1093,1093,1094,1095,1096,1098,1099,1100,1102,1103,1105,1106,1108,1110,1112,1114,1116,1118,1120,1122,1125,1127,1129,1132,1134,1137,1140,1142,1145,1148,1150,1153,1156,1159,1162,1165,1168,1171,1174,1177,1180,1183,1186,1189,1192,1195,1198,1201,1204,1207,1210,1213,1216,1219,1222,1225,1228,1231,1234,1236,1239,1242,1245,1247,1250,1252,1255,1257,1259,1262,1264,1266,1268,1270,1272,1274,1276,1278,1279,1281,1282,1284,1285,1286,1288,1289,1290,1291,1292,1292,1293,1294,1294,1295,1295,1295,1295,1295,1295,1295,1294,1293,1292,1290,1288,1286,1284,1281,1278,1275,1272,1268,1264,1260,1256,1251,1246,1241,1236,1231,1226,1220,1214,1209,1203,1197,1191,1185,1178,1172,1166,1160,1153,1147,1141,1135,1129,1123,1117,1111,1105,1099,1094,1088,1083,1078,1073,1068,1064,1059,1055,1051,1048,1044,1041,1038,1036,1033,1031,1029,1028,1026,1025,1025,1024

lead:V5
count:500
points:1024,1024,1024,1024,1024,1024,1024,1024,1024,1024,1024,1024,1024,1024,1024,1024,1024,1024,1024,1024,1024,1024,1024,1024,1024,1024,1024,1024,1024,1024,1024,1024,1024,1024,1024,1024,1024,1024,1024,1024,1024,1024,1024,1024,1024,1024,1024,1024,1024,1024,1024,1024,1024,1024,1024,1024,1024,1024,1024,1024,1024,1024,1024,1024,1024,1024,1024,1024,1024,1024,1024,1024,1024,1024,1024,1024,1024,1024,1023,1023,1022,1021,1019,1017,1015,1013,1011,1008,1005,1002,999,996,993,989,986,982,979,975,972,968,965,961,958,955,952,949,947,944,942,940,938,937,936,935,934,933,933,934,934,935,936,937,939,941,943,945,948,951,954,957,960,964,968,971,975,979,982,986,990,993,997,1000,1003,1007,1009,1012,1014,1017,1019,1020,1022,1023,1023,1024,1024,1085,1146,1207,1268,1329,1390,1451,1511,1572,1633,1599,1565,1530,1496,1461,1427,1393,1358,1324,1290,1255,1221,1186,1152,1118,1083,1049,1015,980,946,911,877,843,808,740,740,751,762,773,783,794,805,816,826,837,847,857,867,877,886,896,905,913,922,930,938,946,953,960,967,973,979,985,990,995,999,1003,1007,1010,1013,1015,1017,1018,1019,1020,1020,1021,1022,1022,1023,1023,1023,1024,1024,1024,1024,1024,1024,1024,1024,1024,1025,1025,1026,1026,1027,1027,1027,1028,1028,1029,1029,1030,1030,1030,1031,1031,1032,1032,1033,1033,1033,1034,1034,1035,1035,1036,1036,1036,1037,1037,1038,1038,1039,1039,1039,1040,1040,1041,1041,1042,1042,1042,1043,1043,1044,1044,1045,1045,1045,1046,1046,1047,1047,1048,1048,1048,1049,1049,1050,1050,1051,1051,1051,1052,1052,1053,1053,1054,1054,1054,1055,1055,1056,1056,1057,1057,1057,1058,1058,1059,1059,1059,1059,1059,1060,1060,1060,1061,1061,1062,1063,1063,1064,1065,1066,1067,1068,1069,1071,1072,1073,1075,1076,1077,1079,1081,1082,1084,1086,1088,1089,1091,1093,1095,1097,1099,1102,1104,1106,1108,1110,1113,1115,1117,1120,1122,1124,1127,1129,1132,1134,1136,1139,1141,1144,1146,1149,1151,1153,1156,1158,1161,1163,1165,1168,1170,1172,1174,1177,1179,1181,1183,1185,1187,1189,1191,1193,1195,1197,1198,1200,1202,1203,1205,1207,1208,1209,1211,1212,1213,1214,1215,1216,1217,1218,1219,1220,1220,1221,1222,1222,1223,1223,1223,1223,1223,1223,1223,1223,1222,1222,1221,1220,1218,1217,1215,1213,1211,1208,1206,1203,1200,1197,1194,1191,1187,1184,1180,1176,1172,1168,1164,1160,1155,1151,1147,1142,1137,1133,1128,1124,1119,1115,1110,1105,1101,1096,1092,1088,1083,1079,1075,1071,1067,1064,1060,1057,1053,1050,1047,1044,1041,1039,1037,1034,1032,1031,1029,1028,1027,1026,1025,1024,1024

lead:V6
count:500
points:1024,1024,1024,1024,1024,1024,1024,1024,1024,1024,1024,1024,1024,1024,1024,1024,1024,1024,1024,1024,1024,1024,1024,1024,1024,1024,1024,1024,1024,1024,1024,1024,1024,1024,1024,1024,1024,1024,1024,1024,1024,1024,1024,1024,1024,1024,1024,1024,1024,1024,1024,1024,1024,1024,1024,1024,1024,1024,1024,1024,1024,1024,1024,1024,1024,1024,1024,1024,1024,1024,1024,1024,1024,1024,1024,1024,1024,1024,1023,1023,1022,1021,1019,1018,1016,1014,1011,1009,1006,1003,1000,997,994,991,987,984,980,977,974,970,967,964,961,958,955,952,950,947,945,943,942,940,939,938,937,937,937,937,938,938,939,941,942,944,946,948,951,954,957,960,963,966,970,973,977,980,984,988,991,995,998,1001,1004,1007,1010,1012,1015,1017,1019,1020,1022,1023,1023,1024,1024,1085,1147,1208,1270,1331,1393,1454,1516,1577,1638,1613,1588,1562,1537,1511,1486,1461,1435,1410,1384,1359,1334,1308,1283,1257,1232,1207,1181,1156,1130,1105,1080,1054,1029,978,978,980,982,983,985,987,989,990,992,994,996,997,999,1000,1002,1004,1005,1006,1008,1009,1011,1012,1013,1014,1015,1016,1017,1018,1019,1020,1020,1021,1022,1022,1023,1023,1023,1024,1024,1024,1024,1024,1024,1024,1024,1024,1024,1024,1024,1024,1024,1024,1024,1024,1024,1024,1024,1024,1024,1024,1024,1024,1024,1024,1024,1024,1024,1024,1024,1024,1024,1024,1024,1024,1024,1024,1024,1024,1024,1024,1024,1024,1024,1024,1024,1024,1024,1024,1024,1024,1024,1024,1024,1024,1024,1024,1024,1024,1024,1024,1024,1024,1024,1024,1024,1024,1024,1024,1024,1024,1024,1024,1024,1024,1024,1024,1024,1024,1024,1024,1024,1024,1024,1024,1024,1024,1024,1024,1024,1024,1024,1024,1024,1024,1024,1024,1024,1024,1024,1024,1024,1025,1025,1025,1025,1026,1026,1027,1027,1028,1028,1029,1029,1030,1031,1032,1032,1033,1034,1035,1036,1037,1038,1039,1040,1041,1042,1043,1044,1045,1047,1048,1049,1050,1052,1053,1054,1056,1057,1058,1060,1061,1063,1064,1065,1067,1068,1070,1071,1073,1074,1076,1077,1078,1080,1081,1083,1084,1085,1087,1088,1090,1091,1092,1094,1095,1096,1097,1099,1100,1101,1102,1103,1104,1105,1107,1108,1109,1109,1110,1111,1112,1113,1114,1115,1115,1116,1117,1117,1118,1118,1119,1119,1120,1120,1120,1121,1121,1121,1121,1121,1121,1121,1121,1121,1121,1120,1120,1119,1119,1118,1117,1116,1115,1114,1113,1111,1110,1109,1107,1105,1104,1102,1100,1098,1096,1094,1092,1090,1088,1086,1084,1082,1079,1077,1075,1073,1070,1068,1066,1064,1062,1059,1057,1055,1053,1051,1049,1047,1045,1043,1042,1040,1038,1037,1035,1034,1033,1031,1030,1029,1028,1027,1027,1026,1025,1025,1024,1024,1024

