pathology:ventrflut
group:arrhythmia
title:Ventricular flutter
name:Трепетание желудочков
leads:12

lead:I
count:1096
points:1024,1028,1033,1037,1041,1046,1050,1054,1058,1063,1067,1071,1075,1080,1084,1088,1092,1096,1100,1104,1108,1112,1116,1120,1124,1128,1132,1135,1139,1143,1146,1150,1153,1157,1160,1163,1167,1170,1173,1176,1179,1182,1185,1188,1191,1193,1196,1198,1201,1203,1206,1208,1210,1212,1214,1216,1218,1220,1222,1223,1225,1227,1228,1229,1231,1232,1233,1234,1235,1236,1236,1237,1237,1238,1238,1239,1239,1239,1239,1239,1239,1238,1238,1237,1237,1236,1235,1233,1232,1231,1229,1227,1226,1224,1222,1219,1217,1215,1212,1209,1206,1204,1200,1197,1194,1191,1187,1184,1180,1176,1172,1168,1164,1160,1156,1151,1147,1142,1138,1133,1128,1124,1119,1114,1109,1104,1099,1094,1088,1083,1078,1073,1067,1062,1057,1051,1046,1040,1035,1024,1024,1019,1014,1009,1004,999,994,989,984,979,975,970,965,960,955,950,946,941,936,931,927,922,918,913,908,904,900,895,891,887,882,878,874,870,866,862,858,854,850,847,843,839,836,832,829,825,822,819,816,813,810,807,804,801,799,796,793,791,789,786,784,782,780,778,776,774,773,771,770,768,767,766,764,763,762,762,761,760,759,759,759,758,758,758,758,758,758,759,760,761,762,764,766,768,771,773,776,780,783,787,791,795,799,804,809,814,819,824,830,836,842,848,854,861,868,874,881,888,896,903,911,918,926,934,942,950,958,966,974,982,991,999,1007,1016,1024,1030,1035,1041,1047,1052,1058,1064,1069,1075,1080,1086,1091,1097,1102,1108,1113,1119,1124,1129,1134,1140,1145,1150,1155,1160,1165,1170,1175,1179,1184,1189,1193,1198,1202,1206,1211,1215,1219,1223,1227,1231,1235,1238,1242,1246,1249,1252,1256,1259,1262,1265,1268,1271,1273,1276,1278,1281,1283,1285,1287,1289,1291,1293,1294,1296,1297,1299,1300,1301,1302,1303,1304,1304,1305,1305,1305,1306,1306,1306,1305,1305,1304,1303,1302,1301,1300,1298,1297,1295,1293,1290,1288,1286,1283,1280,1277,1274,1270,1267,1263,1259,1255,1251,1247,1242,1238,1233,1228,1223,1218,1213,1207,1202,1196,1191,1185,1179,1173,1167,1161,1154,1148,1142,1135,1128,1122,1115,1108,1101,1095,1088,1081,1074,1067,1060,1052,1045,1038,1024,1024,1020,1015,1011,1006,1002,998,993,989,985,980,976,972,967,963,959,955,950,946,942,938,934,930,926,922,918,914,910,906,902,899,895,891,888,884,881,877,874,870,867,864,861,857,854,851,848,845,843,840,837,835,832,829,827,825,822,820,818,816,814,812,810,808,806,805,803,802,800,799,798,797,795,794,793,793,792,791,790,790,790,789,789,789,788,788,789,789,790,790,791,793,794,796,798,800,802,805,808,811,814,818,821,825,829,833,838,843,847,852,857,863,868,874,880,886,892,898,904,911,917,924,930,937,944,951,958,965,973,980,987,994,1002,1009,1017,1024,1031,1038,1045,1052,1059,1066,1073,1080,1087,1094,1100,1107,1114,1121,1128,1134,1141,1147,1154,1160,1167,1173,1180,1186,1192,1198,1204,1210,1216,1222,1228,1233,1239,1244,1250,1255,1260,1265,1270,1275,1280,1285,1289,1294,1298,1302,1306,1311,1314,1318,1322,1326,1329,1332,1335,1339,1341,1344,1347,1350,1352,1354,1356,1358,1360,1362,1364,1365,1366,1368,1369,1370,1370,1371,1372,1372,1372,1372,1372,1372,1371,1370,1369,1368,1367,1365,1363,1361,1359,1356,1353,1350,1347,1344,1340,1337,1333,1328,1324,1319,1315,1310,1305,1299,1294,1288,1282,1276,1270,1264,1257,1251,1244,1237,1230,1223,1216,1208,1201,1193,1185,1177,1169,1161,1153,1145,1137,1128,1120,1111,1103,1094,1085,1077,1068,1059,1050,1042,1024,1024,1020,1016,1012,1008,1004,1000,996,992,988,984,980,976,972,968,964,961,957,953,949,945,942,938,934,931,927,924,920,916,913,910,906,903,900,896,893,890,887,884,881,878,875,872,869,866,864,861,858,856,853,851,849,846,844,842,840,838,836,834,832,830,829,827,825,824,822,821,820,819,817,816,815,814,813,813,812,811,811,810,810,810,809,809,809,809,809,809,810,811,812,813,814,816,817,819,822,824,827,829,832,836,839,842,846,850,854,858,863,867,872,877,882,887,892,898,903,909,915,920,926,932,939,945,951,958,964,971,977,984,990,997,1004,1010,1017,1024,1029,1034,1039,1044,1049,1054,1059,1063,1068,1073,1078,1083,1088,1092,1097,1102,1107,1111,1116,1120,1125,1129,1134,1138,1143,1147,1151,1155,1160,1164,1168,1172,1176,1179,1183,1187,1191,1194,1198,1201,1205,1208,1211,1214,1217,1220,1223,1226,1229,1232,1234,1237,1239,1242,1244,1246,1248,1250,1252,1254,1255,1257,1259,1260,1261,1263,1264,1265,1266,1267,1267,1268,1269,1269,1269,1270,1270,1270,1270,1269,1269,1268,1268,1267,1266,1265,1263,1262,1260,1258,1257,1254,1252,1250,1247,1245,1242,1239,1236,1233,1229,1226,1222,1218,1214,1210,1206,1202,1198,1193,1189,1184,1179,1174,1169,1164,1159,1154,1149,1143,1138,1132,1127,1121,1115,1109,1103,1098,1092,1086,1080,1073,1067,1061,1055,1049,1043,1036,1024,1024,1019,1015,1010,1006,1001,996,992,987,983,978,974,969,965,960,956,952,947,943,939,934,930,926,922,917,913,909,905,901,897,893,889,886,882,878,874,871,867,864,860,857,854,850,847,844,841,838,835,832,829,826,824,821,818,816,814,811,809,807,805,803,801,799,797,795,794,792,791,789,788,787,785,784,783,783,782,781,780,780,779,779,779,778,778,778,778,779,779,780,781,783,784,786,788,790,793,795,798,802,805,809,812,816,821,825,830,835,840,845,850,856,861,867,873,880,886,892,899,906,912,919,926,934,941,948,955,963,970,978,986,993,1001,1009,1016

lead:II
count:1096
points:1024,1032,1040,1049,1057,1065,1073,1082,1090,1098,1106,1114,1122,1130,1138,1146,1154,1162,1169,1177,1185,1192,1200,1207,1214,1222,1229,1236,1243,1250,1257,1263,1270,1277,1283,1289,1296,1302,1308,1314,1319,1325,1331,1336,1341,1346,1351,1356,1361,1366,1370,1375,1379,1383,1387,1390,1394,1398,1401,1404,1407,1410,1413,1415,1417,1420,1422,1424,1425,1427,1428,1430,1431,1432,1432,1433,1433,1434,1434,1433,1433,1432,1431,1430,1429,1427,1425,1423,1421,1418,1415,1412,1408,1404,1400,1396,1392,1387,1382,1377,1372,1366,1360,1354,1348,1341,1335,1328,1321,1314,1306,1299,1291,1283,1275,1266,1258,1249,1241,1232,1223,1214,1204,1195,1186,1176,1166,1156,1147,1137,1127,1117,1106,1096,1086,1076,1065,1055,1045,1024,1024,1017,1009,1002,995,988,980,973,966,959,952,945,937,930,923,916,909,902,895,889,882,875,868,862,855,849,842,836,829,823,817,811,805,799,793,787,781,776,770,765,759,754,749,744,739,734,729,724,720,715,711,707,702,698,695,691,687,683,680,677,673,670,667,665,662,659,657,654,652,650,648,646,645,643,642,640,639,638,637,637,636,635,635,635,635,635,636,637,638,640,642,644,647,650,654,658,662,667,672,677,683,689,695,702,709,717,724,732,740,749,758,767,776,786,795,805,815,826,837,847,858,869,881,892,904,915,927,939,951,963,975,987,1000,1012,1024,1032,1040,1047,1055,1063,1071,1079,1086,1094,1102,1109,1117,1125,1132,1140,1147,1155,1162,1169,1177,1184,1191,1198,1205,1212,1219,1225,1232,1239,1245,1251,1258,1264,1270,1276,1282,1288,1294,1299,1305,1310,1315,1320,1325,1330,1335,1340,1344,1349,1353,1357,1361,1365,1369,1372,1376,1379,1382,1385,1388,1391,1393,1396,1398,1400,1402,1404,1405,1407,1408,1409,1410,1411,1412,1412,1413,1413,1413,1413,1413,1412,1411,1410,1409,1407,1405,1403,1401,1398,1395,1392,1389,1385,1382,1378,1373,1369,1364,1359,1354,1349,1343,1338,1332,1326,1319,1313,1306,1299,1292,1285,1277,1270,1262,1254,1246,1238,1230,1221,1213,1204,1195,1186,1177,1168,1159,1150,1140,1131,1122,1112,1102,1093,1083,1073,1063,1054,1044,1024,1024,1017,1011,1004,997,991,984,977,971,964,957,951,944,938,931,925,918,912,906,899,893,887,881,875,868,862,857,851,845,839,833,828,822,817,811,806,801,795,790,785,780,775,771,766,761,757,752,748,744,740,736,732,728,724,721,717,714,710,707,704,701,698,696,693,690,688,686,684,682,680,678,676,675,673,672,671,670,669,668,667,667,666,666,666,666,666,666,667,668,670,672,674,677,680,683,687,691,695,700,705,710,716,721,728,734,741,748,755,763,771,779,787,796,804,813,823,832,842,851,861,871,882,892,903,913,924,935,946,957,968,979,990,1001,1013,1024,1035,1046,1057,1068,1079,1090,1101,1112,1123,1134,1144,1155,1166,1176,1187,1197,1208,1218,1229,1239,1249,1259,1269,1279,1288,1298,1307,1317,1326,1335,1344,1353,1362,1370,1379,1387,1395,1404,1411,1419,1427,1434,1441,1448,1455,1462,1469,1475,1481,1487,1493,1498,1504,1509,1514,1519,1524,1528,1532,1536,1540,1544,1547,1550,1553,1556,1558,1561,1563,1565,1566,1568,1569,1570,1571,1571,1572,1572,1572,1571,1570,1569,1567,1566,1563,1561,1558,1554,1551,1547,1542,1538,1533,1527,1522,1516,1510,1503,1496,1489,1481,1474,1466,1457,1449,1440,1431,1421,1411,1401,1391,1381,1370,1359,1348,1337,1325,1314,1302,1290,1278,1265,1253,1240,1227,1214,1201,1188,1175,1161,1148,1134,1121,1107,1093,1079,1066,1052,1024,1024,1016,1008,1000,991,983,975,967,959,951,943,935,927,919,911,904,896,888,880,873,865,857,850,843,835,828,821,813,806,799,792,786,779,772,766,759,753,746,740,734,728,722,716,711,705,699,694,689,684,679,674,669,664,660,656,651,647,643,639,635,632,628,625,622,619,616,613,611,608,606,604,602,600,598,596,595,594,593,592,591,590,589,589,589,589,589,590,591,592,594,597,599,602,606,610,615,619,625,630,636,643,649,657,664,672,680,689,698,707,716,726,736,747,757,768,779,791,802,814,826,839,851,864,877,890,903,916,929,942,956,969,983,997,1010,1024,1033,1043,1052,1061,1070,1080,1089,1098,1107,1116,1125,1134,1143,1152,1161,1170,1179,1187,1196,1205,1213,1222,1230,1238,1246,1254,1262,1270,1278,1286,1293,1301,1308,1315,1323,1330,1336,1343,1350,1356,1363,1369,1375,1381,1387,1392,1398,1403,1408,1413,1418,1423,1428,1432,1436,1440,1444,1448,1451,1455,1458,1461,1464,1467,1469,1471,1474,1475,1477,1479,1480,1481,1482,1483,1484,1484,1485,1485,1485,1484,1483,1482,1481,1479,1478,1475,1473,1470,1467,1464,1460,1456,1452,1447,1443,1438,1432,1427,1421,1415,1409,1402,1395,1388,1381,1374,1366,1358,1350,1341,1333,1324,1315,1306,1297,1287,1278,1268,1258,1248,1237,1227,1216,1206,1195,1184,1173,1162,1151,1140,1128,1117,1105,1094,1082,1071,1059,1047,1024,1024,1018,1012,1006,1000,994,988,982,976,970,964,958,952,946,941,935,929,923,917,912,906,901,895,890,884,879,873,868,863,858,852,847,842,837,832,828,823,818,814,809,805,800,796,792,788,783,780,776,772,768,764,761,757,754,751,748,745,742,739,736,733,731,728,726,724,722,720,718,716,714,712,711,710,708,707,706,705,704,703,703,702,702,702,701,701,702,702,703,704,705,707,709,712,714,717,721,724,728,732,737,741,746,752,757,763,769,775,782,789,796,803,811,818,826,834,843,851,860,869,878,887,896,905,915,924,934,944,954,964,974,984,994,1004,1014

lead:III
count:1096
points:1024,1028,1032,1036,1040,1044,1047,1051,1055,1059,1063,1067,1071,1074,1078,1082,1086,1089,1093,1097,1100,1104,1107,1111,1114,1118,1121,1125,1128,1131,1135,1138,1141,1144,1147,1150,1153,1156,1159,1162,1164,1167,1170,1172,1175,1177,1180,1182,1184,1186,1188,1191,1192,1194,1196,1198,1200,1201,1203,1204,1206,1207,1209,1210,1211,1212,1213,1214,1215,1215,1216,1217,1217,1218,1218,1218,1218,1219,1219,1218,1218,1218,1218,1217,1216,1216,1215,1214,1212,1211,1210,1208,1206,1205,1203,1201,1199,1196,1194,1192,1189,1186,1184,1181,1178,1175,1172,1168,1165,1162,1158,1154,1151,1147,1143,1139,1135,1131,1127,1123,1118,1114,1110,1105,1101,1096,1092,1087,1082,1078,1073,1068,1063,1058,1053,1049,1044,1039,1034,1024,1024,1022,1019,1017,1015,1013,1010,1008,1006,1003,1001,999,997,994,992,990,988,986,983,981,979,977,975,973,971,969,967,965,963,961,959,957,955,953,951,949,947,946,944,942,940,939,937,936,934,932,931,929,928,927,925,924,922,921,920,919,918,916,915,914,913,912,911,910,910,909,908,907,907,906,905,905,904,904,903,903,902,902,902,902,901,901,901,901,901,901,901,902,902,903,903,904,905,906,907,908,910,911,913,915,916,918,920,922,925,927,929,932,934,937,940,943,946,949,952,955,958,961,965,968,972,975,979,982,986,990,993,997,1001,1005,1009,1012,1016,1020,1024,1028,1032,1037,1041,1045,1049,1053,1058,1062,1066,1070,1074,1078,1082,1086,1090,1094,1098,1102,1106,1110,1114,1118,1122,1125,1129,1133,1136,1140,1143,1147,1150,1153,1157,1160,1163,1166,1169,1172,1175,1178,1181,1184,1187,1189,1192,1194,1197,1199,1201,1204,1206,1208,1210,1212,1214,1215,1217,1219,1220,1222,1223,1224,1226,1227,1228,1229,1230,1230,1231,1232,1232,1233,1233,1234,1234,1234,1234,1234,1234,1233,1233,1232,1231,1231,1230,1228,1227,1226,1224,1223,1221,1219,1217,1215,1212,1210,1208,1205,1202,1199,1196,1193,1190,1187,1183,1180,1176,1172,1169,1165,1161,1157,1152,1148,1144,1140,1135,1130,1126,1121,1116,1112,1107,1102,1097,1092,1087,1082,1077,1071,1066,1061,1056,1051,1045,1040,1035,1024,1024,1022,1019,1017,1015,1013,1010,1008,1006,1003,1001,999,997,994,992,990,988,986,983,981,979,977,975,973,971,969,967,965,963,961,959,957,955,953,951,949,947,946,944,942,940,939,937,936,934,932,931,929,928,927,925,924,922,921,920,919,918,916,915,914,913,912,911,910,910,909,908,907,907,906,905,905,904,904,903,903,902,902,902,902,901,901,901,901,901,901,901,902,902,903,903,904,905,906,907,908,910,911,913,915,916,918,920,922,925,927,929,932,934,937,940,943,946,949,952,955,958,961,965,968,972,975,979,982,986,990,993,997,1001,1005,1009,1012,1016,1020,1024,1028,1032,1036,1040,1044,1048,1052,1056,1060,1064,1068,1072,1076,1080,1083,1087,1091,1095,1099,1102,1106,1110,1113,1117,1120,1124,1127,1131,1134,1137,1141,1144,1147,1150,1153,1156,1159,1162,1165,1168,1171,1173,1176,1179,1181,1184,1186,1188,1191,1193,1195,1197,1199,1201,1203,1204,1206,1208,1209,1211,1212,1213,1215,1216,1217,1218,1219,1220,1220,1221,1222,1222,1223,1223,1223,1224,1224,1224,1224,1223,1223,1223,1222,1221,1221,1220,1219,1217,1216,1215,1213,1211,1209,1207,1205,1203,1201,1199,1196,1193,1191,1188,1185,1182,1179,1176,1172,1169,1165,1162,1158,1154,1150,1146,1142,1138,1134,1130,1125,1121,1116,1112,1107,1103,1098,1093,1089,1084,1079,1074,1069,1064,1059,1054,1049,1044,1039,1034,1024,1024,1020,1016,1012,1008,1003,999,995,991,987,983,979,975,971,967,963,959,955,951,947,944,940,936,932,928,925,921,918,914,910,907,903,900,897,893,890,887,884,880,877,874,871,868,865,863,860,857,854,852,849,847,844,842,840,838,835,833,831,829,827,826,824,822,821,819,818,816,815,814,812,811,810,809,808,808,807,806,806,805,805,804,804,804,804,804,804,804,805,806,807,808,809,811,813,815,817,819,822,825,828,831,834,838,842,846,850,854,859,864,868,873,878,884,889,895,900,906,912,918,924,930,937,943,949,956,963,969,976,983,990,996,1003,1010,1017,1024,1028,1033,1037,1041,1046,1050,1054,1058,1063,1067,1071,1075,1080,1084,1088,1092,1096,1100,1104,1108,1112,1116,1120,1124,1128,1132,1135,1139,1143,1146,1150,1153,1157,1160,1163,1167,1170,1173,1176,1179,1182,1185,1188,1191,1193,1196,1198,1201,1203,1206,1208,1210,1212,1214,1216,1218,1220,1222,1223,1225,1227,1228,1229,1231,1232,1233,1234,1235,1236,1236,1237,1237,1238,1238,1239,1239,1239,1239,1239,1239,1238,1238,1237,1237,1236,1235,1233,1232,1231,1229,1227,1226,1224,1222,1219,1217,1215,1212,1209,1206,1204,1200,1197,1194,1191,1187,1184,1180,1176,1172,1168,1164,1160,1156,1151,1147,1142,1138,1133,1128,1124,1119,1114,1109,1104,1099,1094,1088,1083,1078,1073,1067,1062,1057,1051,1046,1040,1035,1024,1024,1023,1021,1020,1018,1017,1015,1014,1013,1011,1010,1008,1007,1006,1004,1003,1001,1000,999,997,996,995,993,992,991,989,988,987,986,984,983,982,981,980,978,977,976,975,974,973,972,971,970,969,968,967,966,965,964,963,962,961,961,960,959,958,957,957,956,955,955,954,954,953,953,952,952,951,951,950,950,949,949,949,949,948,948,948,948,948,947,947,947,947,947,947,947,948,948,948,949,949,950,950,951,952,953,954,955,956,957,958,959,960,962,963,965,966,968,970,971,973,975,977,979,981,983,985,987,989,991,993,996,998,1000,1003,1005,1007,1010,1012,1014,1017,1019,1022

lead:aVR
count:1096
points:1024,1017,1009,1002,995,988,981,973,966,959,952,945,938,931,924,917,910,903,896,889,883,876,869,863,856,850,844,837,831,825,819,813,807,802,796,790,785,779,774,769,764,759,754,749,745,740,736,731,727,723,719,715,712,708,705,701,698,695,692,689,687,684,682,680,678,676,674,672,671,669,668,667,666,665,665,664,664,663,663,663,664,664,665,666,668,669,671,673,675,677,680,683,686,689,693,696,700,704,709,713,718,723,728,733,739,745,750,756,763,769,776,782,789,796,803,811,818,826,833,841,849,857,865,873,882,890,899,907,916,925,934,942,951,960,969,978,988,997,1006,1024,1024,1031,1038,1045,1052,1059,1066,1073,1080,1087,1094,1101,1108,1115,1122,1129,1136,1142,1149,1156,1162,1169,1175,1182,1188,1195,1201,1207,1213,1219,1225,1231,1237,1243,1249,1254,1260,1265,1271,1276,1281,1287,1292,1297,1301,1306,1311,1315,1320,1324,1328,1333,1337,1341,1344,1348,1352,1355,1359,1362,1365,1368,1371,1374,1376,1379,1381,1383,1386,1388,1389,1391,1393,1394,1396,1397,1398,1399,1400,1401,1401,1402,1402,1402,1402,1402,1402,1401,1399,1398,1396,1393,1390,1387,1384,1380,1376,1371,1366,1361,1356,1350,1343,1337,1330,1323,1316,1308,1300,1292,1283,1274,1265,1256,1246,1237,1227,1217,1206,1196,1185,1174,1163,1152,1141,1130,1118,1107,1095,1083,1071,1060,1048,1036,1024,1016,1008,1001,993,985,977,970,962,954,947,939,931,924,916,909,901,894,887,879,872,865,858,851,844,837,830,824,817,810,804,798,791,785,779,773,767,761,756,750,745,739,734,729,724,719,714,710,705,701,697,693,689,685,681,678,674,671,668,665,662,659,657,654,652,650,648,646,645,643,642,641,640,639,638,637,637,637,637,637,637,638,639,640,641,643,645,647,649,652,655,658,661,664,668,672,676,681,685,690,695,701,706,712,718,724,730,737,743,750,757,764,772,779,787,795,803,811,819,828,836,845,853,862,871,880,890,899,908,917,927,936,946,956,965,975,985,995,1004,1024,1024,1030,1037,1043,1050,1056,1062,1069,1075,1081,1088,1094,1100,1107,1113,1119,1125,1131,1137,1143,1149,1155,1161,1167,1173,1179,1184,1190,1195,1201,1206,1212,1217,1222,1228,1233,1238,1243,1248,1252,1257,1262,1266,1271,1275,1280,1284,1288,1292,1296,1300,1304,1307,1311,1314,1318,1321,1324,1327,1330,1333,1336,1338,1341,1343,1345,1348,1350,1352,1353,1355,1357,1358,1360,1361,1362,1363,1364,1365,1365,1366,1366,1367,1367,1367,1367,1366,1365,1364,1363,1361,1359,1356,1353,1350,1347,1343,1339,1334,1330,1324,1319,1314,1308,1301,1295,1288,1281,1274,1266,1259,1251,1243,1234,1226,1217,1208,1199,1189,1180,1170,1160,1150,1140,1130,1120,1109,1099,1088,1078,1067,1056,1046,1035,1024,1014,1003,993,982,972,962,951,941,931,921,910,900,890,880,870,860,850,841,831,821,812,802,793,784,774,765,756,748,739,730,722,713,705,697,689,681,673,666,658,651,644,637,630,623,617,610,604,598,592,587,581,576,571,566,561,557,552,548,544,540,537,533,530,527,524,522,519,517,515,513,512,510,509,508,508,507,507,507,507,507,508,509,511,513,515,517,520,523,527,530,534,539,544,549,554,560,565,572,578,585,592,599,607,615,623,631,640,649,658,668,677,687,697,707,718,728,739,750,762,773,784,796,808,820,832,844,857,869,882,894,907,920,933,946,959,972,985,998,1024,1024,1031,1038,1045,1052,1059,1066,1073,1080,1087,1094,1101,1108,1114,1121,1128,1135,1141,1148,1155,1161,1168,1174,1181,1187,1193,1199,1206,1212,1218,1224,1230,1235,1241,1247,1253,1258,1264,1269,1274,1279,1284,1289,1294,1299,1304,1309,1313,1318,1322,1326,1330,1334,1338,1342,1346,1349,1353,1356,1359,1362,1365,1368,1371,1373,1376,1378,1381,1383,1385,1387,1388,1390,1392,1393,1394,1395,1396,1397,1398,1398,1399,1399,1399,1399,1399,1399,1398,1396,1395,1393,1390,1388,1385,1381,1377,1373,1369,1364,1358,1353,1347,1341,1334,1328,1321,1313,1306,1298,1289,1281,1272,1263,1254,1245,1235,1225,1215,1205,1194,1184,1173,1162,1151,1140,1129,1117,1106,1094,1083,1071,1059,1048,1036,1024,1016,1008,999,991,983,975,967,959,950,942,934,926,918,911,903,895,887,879,872,864,857,849,842,834,827,820,813,806,799,792,786,779,772,766,760,753,747,741,736,730,724,719,713,708,703,698,693,688,684,679,675,671,667,663,659,655,652,649,646,643,640,637,635,632,630,628,626,624,623,621,620,619,618,617,617,616,616,616,616,617,617,618,619,621,622,624,627,629,632,635,638,641,645,649,653,658,662,667,672,678,683,689,695,701,708,714,721,728,736,743,751,758,766,774,783,791,800,808,817,826,835,844,854,863,873,882,892,902,912,922,932,942,952,962,972,983,993,1003,1024,1024,1030,1036,1042,1049,1055,1061,1067,1073,1079,1085,1091,1097,1103,1109,1115,1121,1127,1132,1138,1144,1150,1155,1161,1166,1172,1177,1183,1188,1193,1199,1204,1209,1214,1219,1224,1229,1233,1238,1243,1247,1252,1256,1260,1265,1269,1273,1277,1281,1284,1288,1292,1295,1299,1302,1305,1308,1311,1314,1317,1320,1322,1325,1327,1329,1332,1334,1336,1338,1339,1341,1342,1344,1345,1346,1347,1348,1349,1350,1351,1351,1352,1352,1352,1352,1352,1351,1351,1350,1348,1346,1344,1342,1339,1336,1333,1329,1325,1321,1316,1312,1306,1301,1295,1289,1283,1277,1270,1263,1256,1249,1241,1233,1225,1217,1208,1200,1191,1182,1173,1164,1154,1145,1135,1125,1116,1106,1096,1085,1075,1065,1055,1045,1034

lead:aVL
count:1096
points:1024,1026,1029,1031,1033,1035,1038,1040,1042,1045,1047,1049,1051,1054,1056,1058,1060,1062,1065,1067,1069,1071,1073,1075,1077,1079,1081,1083,1085,1087,1089,1091,1093,1094,1096,1098,1100,1101,1103,1105,1106,1108,1109,1111,1112,1114,1115,1117,1118,1119,1121,1122,1123,1124,1125,1126,1127,1128,1129,1130,1131,1132,1132,1133,1134,1134,1135,1135,1136,1136,1137,1137,1137,1138,1138,1138,1138,1138,1138,1138,1138,1138,1138,1137,1137,1136,1136,1135,1135,1134,1133,1132,1131,1130,1129,1128,1127,1125,1124,1122,1121,1119,1118,1116,1114,1113,1111,1109,1107,1105,1103,1101,1098,1096,1094,1092,1089,1087,1084,1082,1079,1077,1074,1072,1069,1066,1064,1061,1058,1055,1053,1050,1047,1044,1041,1038,1036,1033,1030,1024,1024,1022,1021,1019,1018,1016,1015,1013,1012,1010,1009,1007,1006,1004,1003,1001,1000,998,997,995,994,992,991,989,988,987,985,984,983,981,980,979,977,976,975,974,972,971,970,969,968,967,965,964,963,962,961,960,959,958,957,956,956,955,954,953,952,952,951,950,949,949,948,948,947,946,946,945,945,944,944,944,943,943,943,942,942,942,942,942,941,941,941,941,941,941,941,942,942,942,943,943,944,945,945,946,947,948,949,950,951,953,954,956,957,959,960,962,964,965,967,969,971,973,975,977,980,982,984,986,989,991,994,996,998,1001,1003,1006,1008,1011,1014,1016,1019,1021,1024,1026,1028,1030,1032,1034,1036,1038,1040,1042,1044,1046,1048,1050,1052,1054,1056,1058,1060,1062,1063,1065,1067,1069,1071,1072,1074,1076,1078,1079,1081,1083,1084,1086,1088,1089,1091,1092,1094,1095,1096,1098,1099,1101,1102,1103,1104,1106,1107,1108,1109,1110,1111,1112,1113,1114,1115,1116,1116,1117,1118,1119,1119,1120,1121,1121,1122,1122,1122,1123,1123,1124,1124,1124,1124,1124,1124,1124,1125,1124,1124,1124,1124,1124,1123,1123,1122,1122,1121,1121,1120,1119,1118,1117,1116,1115,1114,1113,1112,1111,1109,1108,1106,1105,1103,1102,1100,1099,1097,1095,1093,1091,1089,1088,1086,1083,1081,1079,1077,1075,1073,1071,1068,1066,1064,1061,1059,1057,1054,1052,1049,1047,1044,1042,1039,1037,1034,1032,1029,1024,1024,1023,1022,1020,1019,1018,1017,1016,1014,1013,1012,1011,1010,1008,1007,1006,1005,1004,1003,1001,1000,999,998,997,996,995,994,993,991,990,989,988,987,986,985,984,983,983,982,981,980,979,978,977,976,976,975,974,973,972,972,971,970,970,969,968,968,967,967,966,965,965,964,964,963,963,963,962,962,962,961,961,961,960,960,960,960,960,959,959,959,959,959,959,959,959,959,959,959,960,960,961,961,962,962,963,964,964,965,966,967,968,969,970,971,973,974,975,977,978,979,981,983,984,986,987,989,991,993,994,996,998,1000,1002,1004,1006,1008,1010,1012,1014,1016,1018,1020,1022,1024,1026,1027,1029,1031,1033,1034,1036,1038,1039,1041,1043,1045,1046,1048,1050,1051,1053,1054,1056,1058,1059,1061,1062,1064,1065,1067,1068,1070,1071,1073,1074,1075,1077,1078,1080,1081,1082,1083,1085,1086,1087,1088,1089,1090,1091,1093,1094,1095,1096,1096,1097,1098,1099,1100,1101,1101,1102,1103,1104,1104,1105,1105,1106,1106,1107,1107,1108,1108,1108,1109,1109,1109,1109,1109,1110,1110,1110,1110,1110,1110,1109,1109,1109,1109,1108,1108,1108,1107,1106,1106,1105,1104,1104,1103,1102,1101,1100,1099,1098,1097,1096,1094,1093,1092,1090,1089,1088,1086,1085,1083,1081,1080,1078,1076,1075,1073,1071,1069,1067,1066,1064,1062,1060,1058,1056,1054,1052,1050,1048,1045,1043,1041,1039,1037,1035,1033,1031,1028,1024,1024,1021,1019,1016,1014,1011,1009,1006,1004,1001,999,996,994,991,989,987,984,982,979,977,975,972,970,968,965,963,961,959,956,954,952,950,948,946,944,942,940,938,936,934,932,930,928,927,925,923,921,920,918,917,915,914,912,911,909,908,907,906,904,903,902,901,900,899,898,897,896,895,895,894,893,893,892,892,891,891,890,890,890,889,889,889,889,889,889,889,889,889,890,890,891,892,893,894,895,897,898,900,902,903,905,908,910,912,915,917,920,923,925,928,931,935,938,941,944,948,952,955,959,963,966,970,974,978,982,986,990,994,999,1003,1007,1011,1016,1020,1024,1027,1029,1032,1034,1037,1039,1042,1044,1047,1049,1052,1054,1056,1059,1061,1064,1066,1068,1071,1073,1075,1078,1080,1082,1084,1087,1089,1091,1093,1095,1097,1099,1101,1103,1105,1107,1109,1111,1113,1114,1116,1118,1119,1121,1123,1124,1126,1127,1128,1130,1131,1132,1134,1135,1136,1137,1138,1139,1140,1141,1142,1143,1144,1144,1145,1146,1146,1147,1147,1148,1148,1148,1149,1149,1149,1149,1149,1149,1149,1149,1149,1149,1148,1148,1147,1147,1146,1145,1144,1144,1143,1141,1140,1139,1138,1136,1135,1134,1132,1130,1129,1127,1125,1123,1121,1119,1117,1115,1113,1110,1108,1106,1103,1101,1098,1096,1093,1090,1088,1085,1082,1079,1076,1073,1070,1068,1065,1061,1058,1055,1052,1049,1046,1043,1040,1037,1034,1030,1024,1024,1022,1020,1019,1017,1015,1013,1011,1009,1008,1006,1004,1002,1001,999,997,995,994,992,990,988,987,985,983,982,980,978,977,975,974,972,971,969,968,966,965,963,962,960,959,958,956,955,954,952,951,950,949,948,947,946,944,943,942,941,940,940,939,938,937,936,935,935,934,933,933,932,931,931,930,930,929,929,929,928,928,928,927,927,927,927,927,927,926,926,926,927,927,927,928,928,929,930,930,931,932,933,934,936,937,939,940,942,943,945,947,949,951,953,955,957,959,962,964,967,969,972,974,977,980,982,985,988,991,994,997,1000,1003,1006,1009,1012,1015,1018,1021

lead:aVF
count:1096
points:1024,1031,1038,1045,1052,1059,1066,1073,1080,1087,1094,1101,1107,1114,1121,1128,1134,1141,1148,1154,1161,1167,1174,1180,1186,1192,1198,1204,1210,1216,1222,1228,1234,1239,1245,1250,1255,1261,1266,1271,1276,1280,1285,1290,1294,1299,1303,1307,1311,1315,1319,1323,1326,1330,1333,1336,1339,1342,1345,1348,1350,1353,1355,1357,1359,1361,1363,1364,1366,1367,1368,1369,1370,1371,1372,1372,1373,1373,1373,1373,1372,1372,1371,1370,1369,1367,1366,1364,1362,1359,1357,1354,1351,1348,1345,1341,1337,1333,1329,1325,1320,1315,1310,1305,1300,1294,1289,1283,1277,1271,1264,1258,1251,1244,1238,1230,1223,1216,1209,1201,1193,1185,1178,1170,1162,1153,1145,1137,1128,1120,1111,1103,1094,1086,1077,1068,1059,1050,1042,1024,1024,1018,1013,1007,1002,996,991,985,980,974,969,964,958,953,947,942,937,932,926,921,916,911,906,901,896,891,886,881,876,871,867,862,857,853,848,844,840,835,831,827,823,819,815,811,807,804,800,796,793,789,786,783,780,777,774,771,768,765,763,760,758,755,753,751,749,747,745,743,742,740,738,737,736,735,734,733,732,731,730,730,729,729,729,728,728,729,729,730,731,732,734,736,738,740,743,746,749,753,757,761,765,770,774,780,785,790,796,802,809,815,822,829,836,843,850,858,866,874,882,890,898,907,915,924,933,942,950,960,969,978,987,996,1005,1015,1024,1030,1036,1041,1047,1053,1059,1064,1070,1076,1081,1087,1093,1098,1104,1109,1115,1120,1126,1131,1136,1142,1147,1152,1157,1162,1167,1172,1177,1182,1187,1192,1196,1201,1205,1210,1214,1218,1223,1227,1231,1235,1239,1242,1246,1250,1253,1257,1260,1263,1266,1269,1272,1275,1278,1281,1283,1285,1288,1290,1292,1294,1296,1298,1299,1301,1302,1304,1305,1306,1307,1308,1309,1309,1310,1310,1311,1311,1311,1311,1310,1310,1309,1308,1307,1306,1305,1303,1302,1300,1298,1295,1293,1290,1287,1285,1281,1278,1275,1271,1267,1263,1259,1255,1251,1246,1242,1237,1232,1227,1222,1216,1211,1205,1200,1194,1188,1182,1176,1169,1163,1157,1150,1144,1137,1130,1124,1117,1110,1103,1096,1089,1082,1075,1067,1060,1053,1046,1039,1024,1024,1019,1014,1008,1003,998,993,988,983,977,972,967,962,957,952,947,942,937,932,927,922,918,913,908,903,899,894,890,885,881,876,872,867,863,859,855,851,847,843,839,835,831,828,824,820,817,813,810,807,804,800,797,794,792,789,786,783,781,778,776,774,771,769,767,765,763,762,760,758,757,756,754,753,752,751,750,749,749,748,747,747,747,746,746,746,746,747,747,748,750,751,753,755,757,760,763,766,769,773,776,781,785,789,794,799,804,810,816,821,828,834,840,847,854,861,868,875,883,890,898,906,914,922,930,938,946,955,963,972,981,989,998,1007,1015,1024,1033,1041,1050,1059,1067,1076,1085,1093,1102,1110,1119,1127,1136,1144,1152,1161,1169,1177,1185,1193,1201,1209,1217,1225,1232,1240,1247,1255,1262,1269,1276,1283,1290,1297,1304,1310,1317,1323,1329,1335,1341,1347,1353,1358,1364,1369,1374,1379,1384,1389,1393,1398,1402,1406,1410,1414,1418,1421,1424,1428,1431,1433,1436,1439,1441,1443,1445,1447,1449,1450,1451,1452,1453,1454,1455,1455,1455,1456,1455,1455,1454,1453,1452,1451,1449,1447,1444,1442,1439,1436,1432,1429,1425,1421,1416,1411,1407,1401,1396,1390,1384,1378,1372,1365,1358,1351,1344,1337,1329,1321,1313,1305,1297,1288,1279,1271,1261,1252,1243,1233,1224,1214,1204,1194,1184,1174,1164,1153,1143,1132,1122,1111,1100,1089,1079,1068,1057,1046,1024,1024,1017,1010,1003,996,989,982,975,968,961,954,947,940,933,926,919,912,906,899,892,886,879,873,866,860,853,847,841,835,829,823,817,811,805,799,794,788,783,777,772,767,762,756,751,747,742,737,733,728,724,720,715,711,707,704,700,696,693,689,686,683,680,677,674,672,669,667,665,662,660,659,657,655,654,652,651,650,649,648,647,647,646,646,646,646,646,646,647,649,650,652,655,658,661,664,668,672,677,682,687,692,698,705,711,718,725,732,740,748,756,765,774,783,792,802,811,821,831,842,852,863,874,885,896,907,918,930,941,953,965,977,988,1000,1012,1024,1032,1040,1048,1055,1063,1071,1079,1087,1094,1102,1110,1117,1125,1133,1140,1148,1155,1162,1170,1177,1184,1191,1198,1205,1212,1219,1226,1233,1239,1246,1252,1258,1265,1271,1277,1283,1289,1294,1300,1305,1311,1316,1321,1326,1331,1336,1341,1345,1350,1354,1358,1362,1366,1370,1373,1377,1380,1383,1386,1389,1392,1394,1397,1399,1401,1403,1405,1406,1408,1409,1410,1411,1412,1413,1413,1414,1414,1414,1414,1414,1413,1412,1411,1410,1408,1406,1404,1402,1399,1396,1393,1390,1386,1383,1379,1374,1370,1365,1360,1355,1350,1344,1339,1333,1326,1320,1314,1307,1300,1293,1286,1278,1271,1263,1255,1247,1239,1230,1222,1213,1205,1196,1187,1178,1169,1160,1150,1141,1131,1122,1112,1103,1093,1083,1073,1063,1054,1044,1024,1024,1020,1015,1011,1007,1002,998,994,990,985,981,977,973,968,964,960,956,952,948,944,940,936,932,928,924,920,916,912,909,905,901,898,894,891,887,884,880,877,874,870,867,864,861,858,855,852,849,846,844,841,838,836,833,831,829,827,824,822,820,818,816,814,813,811,809,808,806,805,804,802,801,800,799,798,797,797,796,795,795,794,794,794,794,793,793,794,794,794,795,796,798,799,801,803,805,807,810,812,815,819,822,826,829,833,837,842,846,851,856,861,866,872,877,883,888,894,900,907,913,919,926,932,939,946,953,960,967,974,981,988,995,1002,1010,1017

lead:V1
count:1096
points:1024,1022,1020,1017,1015,1013,1011,1008,1006,1004,1002,1000,998,995,993,991,989,987,985,983,981,979,977,975,973,971,969,967,965,963,961,959,958,956,954,952,951,949,947,946,944,943,941,940,938,937,936,934,933,932,931,929,928,927,926,925,924,923,922,921,921,920,919,918,918,917,917,916,916,915,915,915,914,914,914,914,914,913,913,914,914,914,914,914,915,915,916,916,917,918,919,919,920,921,922,924,925,926,927,929,930,932,933,935,937,938,940,942,944,946,948,950,952,954,956,959,961,963,966,968,970,973,975,978,980,983,986,988,991,994,996,999,1002,1005,1007,1010,1013,1016,1018,1024,1024,1027,1030,1032,1035,1038,1041,1043,1046,1049,1052,1054,1057,1060,1063,1065,1068,1071,1073,1076,1078,1081,1084,1086,1089,1091,1094,1096,1099,1101,1103,1106,1108,1110,1113,1115,1117,1119,1121,1123,1125,1127,1129,1131,1133,1135,1137,1139,1141,1142,1144,1146,1147,1149,1150,1152,1153,1155,1156,1157,1158,1160,1161,1162,1163,1164,1165,1166,1166,1167,1168,1169,1169,1170,1171,1171,1171,1172,1172,1172,1173,1173,1173,1173,1173,1173,1173,1172,1172,1171,1170,1170,1168,1167,1166,1164,1163,1161,1159,1157,1155,1152,1150,1147,1145,1142,1139,1136,1133,1129,1126,1123,1119,1115,1112,1108,1104,1100,1096,1092,1087,1083,1079,1075,1070,1066,1061,1057,1052,1047,1043,1038,1033,1029,1024,1021,1018,1015,1012,1010,1007,1004,1001,998,995,993,990,987,984,981,979,976,973,971,968,965,963,960,957,955,952,950,947,945,943,940,938,936,933,931,929,927,925,923,921,919,917,915,913,911,910,908,906,905,903,901,900,899,897,896,895,893,892,891,890,889,888,887,886,886,885,884,884,883,883,882,882,882,881,881,881,881,881,881,881,881,882,882,882,883,884,885,885,886,887,889,890,891,892,894,895,897,899,901,902,904,906,909,911,913,915,918,920,923,925,928,931,934,936,939,942,945,948,951,955,958,961,964,968,971,974,978,981,985,988,992,995,999,1002,1006,1010,1013,1017,1024,1024,1028,1032,1036,1040,1044,1048,1052,1056,1060,1064,1068,1072,1076,1080,1084,1087,1091,1095,1099,1103,1106,1110,1114,1117,1121,1125,1128,1132,1135,1138,1142,1145,1148,1152,1155,1158,1161,1164,1167,1170,1173,1176,1179,1182,1184,1187,1190,1192,1195,1197,1199,1202,1204,1206,1208,1210,1212,1214,1216,1218,1220,1221,1223,1224,1226,1227,1228,1230,1231,1232,1233,1234,1235,1235,1236,1237,1237,1238,1238,1238,1239,1239,1239,1239,1239,1239,1238,1237,1236,1235,1234,1232,1231,1229,1226,1224,1221,1219,1216,1212,1209,1206,1202,1198,1194,1190,1185,1181,1176,1171,1166,1161,1156,1150,1145,1139,1133,1128,1122,1116,1109,1103,1097,1090,1084,1077,1071,1064,1058,1051,1044,1038,1031,1024,1021,1018,1015,1012,1009,1006,1003,1000,997,995,992,989,986,983,980,977,975,972,969,966,964,961,958,956,953,950,948,945,943,940,938,936,933,931,929,926,924,922,920,918,916,914,912,910,908,906,905,903,901,900,898,896,895,894,892,891,890,889,887,886,885,884,883,883,882,881,880,880,879,879,878,878,878,877,877,877,877,877,877,877,877,878,878,878,879,880,881,881,882,884,885,886,887,889,890,892,893,895,897,899,901,903,905,908,910,912,915,917,920,923,925,928,931,934,937,940,943,946,949,953,956,959,963,966,969,973,976,980,983,987,991,994,998,1002,1005,1009,1013,1017,1024,1024,1026,1028,1029,1031,1033,1035,1036,1038,1040,1042,1043,1045,1047,1049,1050,1052,1054,1055,1057,1059,1060,1062,1064,1065,1067,1068,1070,1072,1073,1075,1076,1078,1079,1081,1082,1083,1085,1086,1087,1089,1090,1091,1093,1094,1095,1096,1097,1098,1099,1101,1102,1103,1104,1105,1106,1106,1107,1108,1109,1110,1110,1111,1112,1113,1113,1114,1114,1115,1115,1116,1116,1117,1117,1118,1118,1118,1118,1119,1119,1119,1119,1119,1119,1119,1119,1119,1119,1118,1118,1117,1117,1116,1115,1115,1114,1112,1111,1110,1109,1107,1106,1104,1103,1101,1099,1097,1095,1093,1091,1089,1087,1085,1082,1080,1077,1075,1072,1070,1067,1065,1062,1059,1056,1053,1051,1048,1045,1042,1039,1036,1033,1030,1027,1024,1021,1018,1015,1012,1009,1006,1004,1001,998,995,992,989,986,984,981,978,975,972,970,967,964,962,959,956,954,951,949,946,944,941,939,937,934,932,930,928,925,923,921,919,917,915,913,911,910,908,906,904,903,901,900,898,897,895,894,893,891,890,889,888,887,886,885,884,884,883,882,882,881,881,880,880,879,879,879,879,879,879,879,879,879,879,880,880,881,882,882,883,884,885,886,888,889,890,892,893,895,897,899,901,903,905,907,909,911,914,916,919,921,924,927,929,932,935,938,941,944,947,950,953,957,960,963,967,970,974,977,980,984,988,991,995,998,1002,1006,1009,1013,1017,1024,1024,1027,1030,1034,1037,1040,1043,1047,1050,1053,1056,1059,1063,1066,1069,1072,1075,1078,1081,1084,1087,1090,1093,1096,1099,1102,1105,1108,1111,1113,1116,1119,1122,1124,1127,1129,1132,1134,1137,1139,1142,1144,1146,1149,1151,1153,1155,1157,1159,1161,1163,1165,1167,1169,1171,1172,1174,1176,1177,1179,1180,1181,1183,1184,1185,1186,1187,1188,1189,1190,1191,1192,1193,1193,1194,1195,1195,1196,1196,1196,1197,1197,1197,1197,1197,1197,1197,1196,1196,1195,1194,1193,1192,1190,1189,1187,1185,1183,1181,1178,1176,1173,1170,1167,1164,1161,1157,1154,1150,1146,1143,1138,1134,1130,1126,1121,1117,1112,1107,1103,1098,1093,1088,1083,1078,1072,1067,1062,1056,1051,1046,1040,1035,1029

lead:V2
count:1096
points:1024,1018,1012,1006,1000,994,988,982,976,970,964,958,952,947,941,935,929,924,918,912,907,901,896,890,885,880,874,869,864,859,854,849,844,839,835,830,826,821,817,812,808,804,800,796,792,788,785,781,778,774,771,768,765,762,759,756,754,751,749,746,744,742,740,738,737,735,733,732,731,730,729,728,727,726,726,725,725,725,725,725,725,726,726,727,728,729,731,733,734,736,739,741,743,746,749,752,755,759,762,766,770,774,778,783,787,792,797,802,807,812,818,823,829,835,841,847,853,859,866,872,879,885,892,899,906,913,920,927,934,942,949,956,964,971,979,986,994,1001,1009,1024,1024,1030,1036,1042,1048,1055,1061,1067,1073,1079,1085,1091,1097,1103,1109,1115,1120,1126,1132,1138,1144,1149,1155,1160,1166,1171,1177,1182,1188,1193,1198,1203,1208,1213,1218,1223,1228,1233,1237,1242,1247,1251,1255,1260,1264,1268,1272,1276,1280,1284,1287,1291,1294,1298,1301,1304,1307,1310,1313,1316,1319,1321,1324,1326,1329,1331,1333,1335,1337,1338,1340,1342,1343,1344,1345,1347,1348,1348,1349,1350,1350,1351,1351,1351,1351,1351,1351,1350,1349,1347,1345,1343,1341,1338,1335,1332,1328,1324,1320,1316,1311,1306,1300,1295,1289,1283,1276,1269,1262,1255,1248,1240,1233,1225,1216,1208,1199,1191,1182,1173,1163,1154,1144,1135,1125,1115,1105,1095,1085,1075,1065,1055,1045,1034,1024,1017,1010,1003,995,988,981,974,967,960,953,946,939,932,925,918,911,905,898,891,885,878,872,865,859,852,846,840,834,828,822,816,810,805,799,794,788,783,778,773,768,763,758,753,749,744,740,736,731,727,724,720,716,713,709,706,703,700,697,694,692,689,687,685,683,681,679,677,676,674,673,672,671,670,670,669,669,669,668,669,669,670,670,671,673,674,676,678,680,682,685,688,691,694,697,701,705,709,713,718,722,727,732,737,743,748,754,760,766,773,779,786,792,799,806,814,821,828,836,844,851,859,867,876,884,892,901,909,918,926,935,944,952,961,970,979,988,997,1006,1024,1024,1031,1038,1045,1052,1059,1066,1073,1080,1087,1093,1100,1107,1114,1121,1127,1134,1141,1147,1154,1160,1167,1173,1180,1186,1192,1198,1205,1211,1217,1223,1228,1234,1240,1246,1251,1257,1262,1267,1273,1278,1283,1288,1293,1298,1302,1307,1311,1316,1320,1324,1328,1332,1336,1340,1344,1347,1351,1354,1357,1360,1363,1366,1369,1371,1374,1376,1379,1381,1383,1385,1386,1388,1389,1391,1392,1393,1394,1395,1396,1396,1397,1397,1397,1397,1397,1397,1396,1394,1393,1391,1388,1386,1382,1379,1375,1371,1367,1362,1357,1351,1345,1339,1333,1326,1319,1312,1304,1296,1288,1280,1271,1262,1253,1243,1234,1224,1214,1204,1193,1183,1172,1161,1150,1139,1128,1117,1105,1094,1082,1071,1059,1047,1036,1024,1018,1012,1005,999,993,987,981,974,968,962,956,950,944,938,932,926,920,914,908,903,897,891,886,880,875,869,864,859,853,848,843,838,833,828,824,819,814,810,805,801,797,792,788,784,780,777,773,769,766,762,759,756,753,750,747,744,742,739,737,735,733,730,729,727,725,724,722,721,720,719,718,717,716,716,715,715,715,715,715,715,715,716,717,718,719,721,723,724,727,729,731,734,737,740,743,746,750,753,757,761,766,770,775,779,784,789,794,800,805,811,817,822,828,835,841,847,854,860,867,874,881,888,895,902,909,917,924,931,939,946,954,962,969,977,985,993,1001,1008,1024,1024,1030,1035,1041,1047,1053,1058,1064,1070,1075,1081,1087,1092,1098,1103,1109,1114,1120,1125,1131,1136,1141,1147,1152,1157,1162,1167,1172,1177,1182,1187,1192,1197,1201,1206,1211,1215,1220,1224,1228,1233,1237,1241,1245,1249,1253,1256,1260,1264,1267,1271,1274,1277,1281,1284,1287,1290,1292,1295,1298,1300,1303,1305,1307,1309,1312,1313,1315,1317,1319,1320,1322,1323,1324,1325,1326,1327,1328,1329,1329,1330,1330,1330,1331,1331,1331,1330,1329,1328,1327,1325,1323,1321,1319,1316,1313,1309,1305,1302,1297,1293,1288,1283,1278,1272,1266,1260,1254,1248,1241,1234,1227,1219,1212,1204,1196,1188,1180,1172,1163,1155,1146,1137,1128,1119,1110,1100,1091,1081,1072,1062,1053,1043,1034,1024,1017,1010,1003,996,989,982,975,969,962,955,948,941,935,928,921,915,908,902,895,889,882,876,870,864,857,851,845,839,834,828,822,817,811,806,800,795,790,785,780,775,770,766,761,757,752,748,744,740,736,732,729,725,722,718,715,712,709,706,704,701,699,696,694,692,690,689,687,686,684,683,682,681,680,680,679,679,679,679,679,679,680,680,681,683,684,686,688,690,692,695,697,700,703,707,710,714,718,722,726,731,736,741,746,751,756,762,768,774,780,786,793,799,806,813,820,827,834,841,849,856,864,872,880,888,896,904,912,921,929,937,946,954,963,972,980,989,998,1007,1024,1024,1031,1038,1045,1052,1059,1066,1073,1080,1087,1094,1101,1108,1115,1122,1129,1136,1142,1149,1156,1162,1169,1175,1182,1188,1195,1201,1207,1213,1219,1225,1231,1237,1243,1249,1254,1260,1265,1271,1276,1281,1287,1292,1297,1301,1306,1311,1315,1320,1324,1328,1333,1337,1341,1344,1348,1352,1355,1359,1362,1365,1368,1371,1374,1376,1379,1381,1383,1386,1388,1389,1391,1393,1394,1396,1397,1398,1399,1400,1401,1401,1402,1402,1402,1402,1402,1402,1401,1399,1398,1396,1393,1390,1387,1384,1380,1376,1371,1366,1361,1356,1350,1343,1337,1330,1323,1316,1308,1300,1292,1283,1274,1265,1256,1246,1237,1227,1217,1206,1196,1185,1174,1163,1152,1141,1130,1118,1107,1095,1083,1071,1060,1048,1036

lead:V3
count:1096
points:1024,1015,1006,997,988,979,971,962,953,944,935,927,918,909,901,892,884,875,867,859,850,842,834,826,818,810,803,795,787,780,772,765,758,751,744,737,730,724,717,711,705,698,692,687,681,675,670,665,659,654,650,645,640,636,632,628,624,620,616,613,610,607,604,601,599,596,594,592,590,588,587,585,584,583,582,582,581,581,581,581,582,582,583,585,586,588,590,592,595,598,601,605,609,613,617,621,626,631,637,642,648,654,660,667,674,681,688,695,703,711,719,727,735,744,753,762,771,780,790,799,809,819,829,839,849,860,870,881,891,902,913,924,935,946,957,968,979,990,1002,1024,1024,1033,1041,1050,1058,1067,1075,1084,1092,1100,1109,1117,1126,1134,1142,1150,1158,1167,1175,1183,1191,1199,1206,1214,1222,1230,1237,1245,1252,1259,1267,1274,1281,1288,1295,1302,1308,1315,1322,1328,1334,1340,1347,1353,1358,1364,1370,1375,1381,1386,1391,1396,1401,1406,1410,1415,1419,1423,1427,1431,1435,1439,1442,1445,1449,1452,1455,1457,1460,1462,1465,1467,1469,1471,1472,1474,1475,1476,1477,1478,1479,1479,1480,1480,1480,1480,1479,1478,1477,1475,1472,1469,1466,1462,1458,1453,1448,1443,1437,1430,1424,1417,1409,1401,1393,1384,1375,1366,1357,1347,1336,1326,1315,1304,1292,1280,1268,1256,1244,1231,1218,1205,1192,1179,1165,1151,1137,1124,1109,1095,1081,1067,1053,1038,1024,1014,1003,993,983,972,962,952,941,931,921,911,901,891,881,871,861,851,842,832,822,813,803,794,785,776,767,758,749,740,732,723,715,707,699,691,683,675,668,660,653,646,639,632,625,619,613,607,601,595,589,584,578,573,568,564,559,555,551,547,543,539,536,533,530,527,524,522,520,518,516,515,513,512,511,510,510,510,509,510,510,511,512,514,515,518,520,523,526,529,533,537,541,546,551,556,562,568,574,581,587,594,602,609,617,625,634,642,651,660,670,679,689,699,709,719,730,741,752,763,774,786,797,809,821,833,845,858,870,882,895,908,920,933,946,959,972,985,998,1024,1024,1033,1042,1051,1060,1068,1077,1086,1095,1104,1112,1121,1130,1138,1147,1156,1164,1173,1181,1189,1198,1206,1214,1222,1230,1238,1246,1254,1262,1269,1277,1284,1292,1299,1306,1313,1320,1327,1334,1341,1347,1354,1360,1366,1373,1378,1384,1390,1396,1401,1407,1412,1417,1422,1427,1431,1436,1440,1444,1448,1452,1456,1460,1463,1467,1470,1473,1476,1478,1481,1483,1485,1488,1489,1491,1493,1494,1495,1496,1497,1498,1499,1499,1499,1499,1499,1498,1497,1496,1494,1491,1488,1484,1481,1476,1471,1466,1460,1454,1448,1441,1433,1425,1417,1409,1400,1390,1381,1371,1360,1349,1338,1327,1315,1303,1291,1279,1266,1253,1240,1226,1213,1199,1185,1171,1157,1142,1128,1113,1098,1084,1069,1054,1039,1024,1015,1007,998,990,981,973,964,956,947,939,931,922,914,906,897,889,881,873,865,857,849,842,834,826,819,811,804,797,790,782,775,769,762,755,748,742,736,729,723,717,711,706,700,695,689,684,679,674,669,665,660,656,652,647,644,640,636,633,630,626,623,621,618,616,613,611,609,607,606,604,603,602,601,600,600,599,599,599,599,599,600,601,602,604,605,607,610,612,615,618,622,625,629,633,638,642,647,652,658,663,669,675,681,688,694,701,708,716,723,731,739,747,755,764,772,781,790,799,808,818,827,837,846,856,866,876,886,897,907,917,928,938,949,960,970,981,992,1002,1024,1024,1033,1042,1050,1059,1068,1077,1086,1094,1103,1112,1120,1129,1138,1146,1155,1163,1172,1180,1188,1197,1205,1213,1221,1229,1237,1245,1252,1260,1268,1275,1283,1290,1297,1304,1311,1318,1325,1332,1339,1345,1352,1358,1364,1370,1376,1382,1388,1393,1399,1404,1409,1414,1419,1424,1428,1433,1437,1441,1446,1449,1453,1457,1460,1464,1467,1470,1473,1475,1478,1480,1482,1484,1486,1488,1490,1491,1492,1493,1494,1495,1495,1496,1496,1496,1496,1495,1494,1492,1490,1488,1485,1481,1477,1473,1468,1463,1457,1451,1445,1438,1430,1423,1415,1406,1397,1388,1378,1368,1358,1347,1336,1325,1313,1302,1289,1277,1264,1251,1238,1225,1212,1198,1184,1170,1156,1141,1127,1112,1098,1083,1068,1054,1039,1024,1014,1004,994,984,974,965,955,945,935,925,916,906,896,887,877,868,858,849,840,831,822,812,804,795,786,777,769,760,752,744,736,728,720,712,704,697,689,682,675,668,661,655,648,642,636,630,624,618,612,607,602,597,592,587,583,578,574,570,566,563,559,556,553,550,547,545,543,541,539,537,536,534,533,532,532,531,531,531,531,531,532,533,535,536,538,541,543,546,550,553,557,561,566,571,576,581,587,593,599,605,612,619,626,634,642,650,658,666,675,684,693,703,712,722,732,742,752,763,774,785,796,807,818,829,841,853,864,876,888,900,912,925,937,949,962,974,987,999,1024,1024,1034,1044,1054,1063,1073,1083,1093,1103,1112,1122,1132,1141,1151,1160,1170,1179,1189,1198,1207,1216,1226,1235,1244,1253,1261,1270,1279,1287,1296,1304,1313,1321,1329,1337,1345,1352,1360,1368,1375,1382,1390,1397,1403,1410,1417,1423,1430,1436,1442,1448,1454,1459,1465,1470,1475,1480,1485,1490,1494,1499,1503,1507,1511,1514,1518,1521,1524,1527,1530,1533,1535,1538,1540,1542,1543,1545,1546,1548,1549,1549,1550,1550,1551,1551,1551,1550,1549,1547,1544,1542,1538,1534,1530,1525,1520,1514,1508,1501,1493,1486,1477,1469,1460,1450,1440,1430,1419,1408,1397,1385,1372,1360,1347,1334,1320,1306,1292,1278,1263,1248,1233,1218,1202,1187,1171,1155,1139,1123,1106,1090,1074,1057,1041

lead:V4
count:1096
points:1024,1014,1003,993,982,972,961,951,940,930,920,909,899,889,879,869,859,849,839,829,820,810,801,791,782,773,763,754,745,737,728,719,711,703,694,686,678,671,663,655,648,641,634,627,620,614,607,601,595,589,583,578,573,567,562,558,553,549,544,540,537,533,530,526,523,521,518,516,513,511,510,508,507,505,504,504,503,503,503,503,503,504,505,507,509,511,513,516,519,523,527,531,535,540,545,550,556,562,568,575,582,589,596,604,612,620,629,637,646,655,665,675,684,695,705,716,726,737,748,760,771,783,794,806,818,831,843,855,868,881,893,906,919,932,945,958,971,984,998,1024,1024,1034,1043,1053,1063,1072,1082,1092,1101,1111,1120,1130,1139,1148,1158,1167,1176,1186,1195,1204,1213,1222,1231,1240,1248,1257,1266,1274,1283,1291,1299,1307,1315,1323,1331,1339,1346,1354,1361,1369,1376,1383,1390,1396,1403,1410,1416,1422,1428,1434,1440,1446,1451,1457,1462,1467,1472,1477,1481,1486,1490,1494,1498,1502,1505,1509,1512,1515,1518,1521,1524,1526,1528,1530,1532,1534,1535,1537,1538,1539,1540,1540,1541,1541,1541,1541,1540,1539,1537,1535,1532,1529,1525,1521,1516,1511,1505,1499,1492,1485,1477,1469,1461,1452,1442,1433,1422,1412,1401,1390,1378,1366,1354,1341,1328,1315,1301,1287,1273,1259,1244,1229,1214,1199,1184,1168,1153,1137,1121,1105,1089,1073,1056,1040,1024,1012,1000,988,976,964,952,940,928,916,905,893,881,869,858,846,835,824,812,801,790,779,768,757,746,736,725,715,705,695,685,675,665,656,646,637,628,619,610,602,593,585,577,569,561,554,547,539,533,526,519,513,507,501,495,490,484,479,475,470,466,461,458,454,450,447,444,441,439,437,435,433,431,430,429,428,427,427,427,427,428,429,430,432,434,436,439,442,446,450,454,459,464,469,475,481,488,495,502,509,517,525,534,543,552,561,571,581,591,602,613,624,635,647,658,671,683,695,708,721,734,747,761,775,788,802,817,831,845,860,874,889,904,919,934,949,964,979,994,1024,1024,1033,1043,1052,1062,1071,1081,1090,1099,1109,1118,1127,1137,1146,1155,1164,1173,1182,1191,1200,1209,1218,1226,1235,1244,1252,1260,1269,1277,1285,1293,1301,1309,1317,1324,1332,1339,1347,1354,1361,1368,1375,1382,1388,1395,1401,1408,1414,1420,1425,1431,1437,1442,1447,1452,1457,1462,1467,1471,1476,1480,1484,1488,1491,1495,1498,1502,1505,1507,1510,1513,1515,1517,1519,1521,1523,1524,1526,1527,1528,1529,1529,1530,1530,1530,1530,1529,1528,1526,1524,1521,1518,1514,1510,1505,1500,1494,1488,1482,1475,1467,1460,1451,1442,1433,1424,1414,1404,1393,1382,1370,1359,1347,1334,1321,1308,1295,1282,1268,1254,1239,1225,1210,1195,1180,1165,1150,1134,1119,1103,1087,1072,1056,1040,1024,1014,1005,995,986,976,966,957,947,938,928,919,910,900,891,882,873,864,855,846,837,828,819,811,802,794,785,777,769,761,753,745,737,729,722,715,707,700,693,686,680,673,667,660,654,648,642,637,631,626,620,615,610,606,601,597,593,589,585,581,578,574,571,568,565,563,560,558,556,554,553,551,550,549,548,547,547,547,546,547,547,548,549,550,552,554,556,559,562,565,568,572,576,581,585,590,595,601,606,612,619,625,632,639,646,654,662,670,678,686,695,704,713,722,732,741,751,761,771,782,792,803,814,825,836,847,858,870,881,893,904,916,928,940,952,964,976,988,1000,1024,1024,1035,1045,1056,1066,1077,1088,1098,1109,1119,1130,1140,1150,1161,1171,1181,1191,1202,1212,1222,1232,1241,1251,1261,1271,1280,1289,1299,1308,1317,1326,1335,1344,1353,1361,1370,1378,1386,1395,1403,1410,1418,1426,1433,1440,1448,1455,1462,1468,1475,1481,1487,1493,1499,1505,1511,1516,1521,1526,1531,1536,1540,1545,1549,1553,1557,1560,1564,1567,1570,1573,1575,1578,1580,1582,1584,1586,1587,1589,1590,1591,1591,1592,1592,1592,1592,1591,1590,1588,1585,1582,1578,1574,1570,1564,1559,1552,1545,1538,1530,1522,1513,1504,1494,1484,1473,1462,1450,1438,1426,1413,1400,1386,1372,1358,1343,1328,1313,1298,1282,1266,1250,1233,1216,1200,1183,1165,1148,1130,1113,1095,1077,1060,1042,1024,1013,1001,990,978,967,956,944,933,922,910,899,888,877,866,855,844,833,823,812,801,791,780,770,760,750,740,730,720,711,701,692,683,674,665,656,647,639,630,622,614,606,599,591,584,577,570,563,556,550,544,538,532,526,521,516,511,506,501,497,493,489,485,482,478,475,472,470,467,465,463,461,460,459,458,457,456,456,456,456,457,457,459,460,462,465,467,471,474,478,482,486,491,496,502,508,514,520,527,534,542,550,558,566,575,584,593,602,612,622,633,643,654,665,676,688,699,711,723,736,748,761,774,787,800,813,827,840,854,868,882,896,910,924,938,952,967,981,995,1024,1024,1035,1046,1057,1069,1080,1091,1102,1113,1124,1135,1146,1157,1168,1178,1189,1200,1211,1221,1232,1242,1252,1263,1273,1283,1293,1303,1313,1322,1332,1342,1351,1360,1369,1378,1387,1396,1405,1413,1422,1430,1438,1446,1454,1461,1469,1476,1484,1491,1497,1504,1511,1517,1523,1529,1535,1541,1546,1552,1557,1562,1566,1571,1575,1580,1584,1587,1591,1594,1597,1600,1603,1606,1608,1610,1612,1614,1616,1617,1618,1619,1620,1620,1621,1621,1621,1620,1618,1616,1613,1610,1606,1602,1597,1592,1586,1579,1572,1564,1556,1547,1538,1528,1518,1507,1496,1484,1472,1459,1446,1433,1419,1404,1390,1375,1359,1344,1328,1312,1295,1278,1261,1244,1226,1208,1191,1172,1154,1136,1117,1099,1080,1061,1043

lead:V5
count:1096
points:1024,1014,1003,993,982,972,961,951,941,931,920,910,900,890,880,870,860,850,840,830,821,811,802,792,783,774,765,756,747,738,729,721,712,704,696,688,680,672,665,657,650,643,636,629,622,616,609,603,597,591,586,580,575,570,565,560,555,551,547,543,539,535,532,529,526,523,520,518,516,514,512,511,509,508,507,506,506,505,505,506,506,507,508,510,511,514,516,519,522,525,529,533,538,542,547,553,558,564,571,577,584,591,598,606,614,622,630,639,648,657,667,676,686,696,707,717,728,739,750,761,772,784,796,807,819,832,844,856,869,881,894,907,920,933,945,958,972,985,998,1024,1024,1033,1043,1052,1061,1071,1080,1089,1098,1107,1117,1126,1135,1144,1153,1162,1171,1180,1189,1197,1206,1215,1223,1232,1240,1249,1257,1265,1273,1281,1289,1297,1305,1312,1320,1327,1335,1342,1349,1356,1363,1370,1376,1383,1389,1396,1402,1408,1414,1419,1425,1430,1436,1441,1446,1451,1456,1460,1465,1469,1473,1477,1481,1484,1488,1491,1494,1497,1500,1503,1505,1508,1510,1512,1514,1515,1517,1518,1519,1520,1521,1522,1522,1522,1522,1522,1521,1520,1518,1516,1514,1510,1507,1503,1498,1493,1487,1481,1475,1468,1461,1453,1445,1436,1427,1418,1408,1398,1387,1376,1365,1354,1342,1329,1317,1304,1291,1278,1264,1250,1236,1222,1207,1193,1178,1163,1148,1133,1117,1102,1086,1071,1055,1040,1024,1012,1000,989,977,965,953,941,930,918,906,895,883,872,861,849,838,827,816,805,794,783,772,762,751,741,730,720,710,700,690,681,671,662,652,643,634,626,617,609,600,592,584,577,569,562,554,547,541,534,528,521,515,509,504,498,493,488,484,479,475,471,467,463,460,457,454,451,448,446,444,442,441,440,438,438,437,437,437,437,437,438,440,441,443,446,449,452,455,459,464,468,473,478,484,490,497,503,510,518,525,534,542,551,559,569,578,588,598,609,619,630,641,653,664,676,688,701,713,726,739,752,765,779,792,806,820,834,848,862,877,891,906,920,935,950,965,979,994,1024,1024,1033,1041,1050,1058,1067,1075,1084,1092,1101,1109,1118,1126,1134,1143,1151,1159,1167,1176,1184,1192,1200,1208,1215,1223,1231,1239,1246,1254,1261,1268,1275,1283,1290,1297,1303,1310,1317,1323,1330,1336,1342,1349,1355,1361,1366,1372,1377,1383,1388,1393,1398,1403,1408,1413,1417,1422,1426,1430,1434,1438,1441,1445,1448,1451,1454,1457,1460,1463,1465,1467,1470,1472,1473,1475,1477,1478,1479,1480,1481,1482,1482,1483,1483,1483,1483,1482,1481,1479,1477,1475,1472,1469,1465,1461,1456,1451,1445,1439,1433,1426,1419,1412,1404,1395,1387,1378,1368,1359,1349,1338,1328,1317,1305,1294,1282,1270,1258,1245,1232,1219,1206,1193,1179,1166,1152,1138,1124,1110,1096,1082,1067,1053,1038,1024,1015,1006,996,987,978,969,960,951,942,933,924,915,906,897,888,880,871,862,854,845,837,828,820,812,804,796,788,780,772,765,757,750,743,735,728,721,715,708,701,695,689,683,676,671,665,659,654,649,643,638,634,629,624,620,616,612,608,604,601,597,594,591,588,586,583,581,579,577,575,574,572,571,570,569,569,568,568,568,568,568,569,570,571,573,575,577,580,582,585,589,592,596,600,605,609,614,620,625,631,637,643,650,656,663,670,678,685,693,701,710,718,727,736,745,754,763,773,783,793,803,813,823,834,844,855,866,876,887,898,910,921,932,944,955,966,978,989,1001,1024,1024,1035,1046,1056,1067,1078,1088,1099,1110,1120,1131,1142,1152,1163,1173,1183,1194,1204,1214,1224,1234,1244,1254,1264,1274,1283,1293,1303,1312,1321,1330,1339,1348,1357,1366,1375,1383,1391,1400,1408,1416,1423,1431,1439,1446,1453,1460,1467,1474,1481,1487,1494,1500,1506,1512,1517,1523,1528,1533,1538,1543,1547,1552,1556,1560,1564,1567,1571,1574,1577,1580,1583,1585,1588,1590,1592,1593,1595,1596,1597,1598,1599,1599,1600,1600,1599,1599,1597,1595,1593,1590,1586,1582,1577,1572,1566,1559,1552,1545,1537,1529,1520,1510,1500,1490,1479,1468,1456,1444,1431,1418,1405,1391,1377,1362,1348,1333,1317,1301,1285,1269,1253,1236,1219,1202,1185,1167,1150,1132,1114,1096,1078,1060,1042,1024,1013,1002,990,979,968,957,946,935,924,913,902,891,880,870,859,848,838,827,817,806,796,786,776,766,756,746,737,727,718,709,700,691,682,673,664,656,648,639,631,624,616,608,601,594,587,580,574,567,561,555,549,543,538,532,527,522,518,513,509,505,501,497,494,491,488,485,482,480,478,476,474,473,472,471,470,469,469,469,469,470,470,472,473,475,478,480,483,487,490,494,499,503,508,514,520,526,532,539,546,553,560,568,577,585,594,603,612,622,631,642,652,662,673,684,695,707,719,730,742,755,767,780,792,805,818,831,844,858,871,885,899,912,926,940,954,968,982,996,1024,1024,1035,1045,1056,1067,1078,1088,1099,1110,1120,1131,1141,1152,1162,1173,1183,1193,1204,1214,1224,1234,1244,1254,1264,1273,1283,1293,1302,1311,1321,1330,1339,1348,1357,1365,1374,1382,1391,1399,1407,1415,1423,1430,1438,1445,1452,1460,1467,1473,1480,1486,1493,1499,1505,1511,1516,1522,1527,1532,1537,1542,1546,1551,1555,1559,1563,1566,1570,1573,1576,1579,1582,1584,1587,1589,1591,1592,1594,1595,1596,1597,1598,1598,1599,1599,1598,1598,1596,1594,1592,1588,1585,1581,1576,1571,1565,1558,1551,1544,1536,1528,1519,1509,1499,1489,1478,1467,1455,1443,1430,1417,1404,1390,1376,1362,1347,1332,1317,1301,1285,1269,1252,1236,1219,1202,1184,1167,1149,1132,1114,1096,1078,1060,1042

lead:V6
count:1096
points:1024,1015,1006,998,989,980,971,963,954,945,937,928,919,911,902,894,885,877,869,861,853,844,836,829,821,813,805,798,790,783,776,768,761,754,747,741,734,727,721,715,709,702,697,691,685,680,674,669,664,659,654,650,645,641,637,633,629,625,622,618,615,612,609,606,604,601,599,597,595,594,592,591,590,589,588,587,587,587,587,587,587,588,589,590,592,593,596,598,601,603,607,610,614,618,622,627,631,636,642,647,653,659,665,671,678,685,692,699,707,715,723,731,739,748,756,765,774,783,793,802,812,821,831,841,851,862,872,883,893,904,914,925,936,947,958,969,980,991,1002,1024,1024,1032,1039,1047,1054,1062,1069,1077,1084,1092,1099,1107,1114,1121,1129,1136,1143,1150,1157,1165,1172,1179,1186,1192,1199,1206,1213,1219,1226,1232,1239,1245,1252,1258,1264,1270,1276,1282,1288,1293,1299,1304,1310,1315,1320,1325,1330,1335,1340,1344,1349,1353,1358,1362,1366,1370,1374,1378,1381,1385,1388,1391,1394,1397,1400,1403,1405,1408,1410,1412,1414,1416,1418,1419,1421,1422,1423,1425,1425,1426,1427,1427,1428,1428,1428,1428,1427,1426,1425,1423,1421,1418,1415,1412,1408,1404,1400,1395,1390,1384,1378,1372,1365,1358,1351,1343,1335,1327,1318,1310,1301,1291,1282,1272,1261,1251,1240,1230,1219,1207,1196,1184,1173,1161,1149,1137,1124,1112,1100,1087,1075,1062,1049,1037,1024,1014,1004,994,985,975,965,955,946,936,926,917,907,898,888,879,869,860,851,842,832,823,815,806,797,788,780,771,763,755,746,738,730,723,715,707,700,693,686,678,672,665,658,652,646,639,633,628,622,616,611,606,601,596,591,587,583,578,574,571,567,564,561,557,555,552,550,547,545,543,542,540,539,538,537,536,536,535,535,536,536,537,538,539,541,543,545,548,551,554,558,562,566,570,575,580,585,591,597,603,609,616,623,630,638,645,653,661,670,678,687,696,706,715,725,735,745,755,766,776,787,798,809,820,831,843,854,866,878,890,902,914,926,938,950,962,975,987,999,1024,1024,1030,1037,1043,1050,1056,1062,1069,1075,1081,1088,1094,1100,1106,1113,1119,1125,1131,1137,1143,1149,1155,1161,1167,1173,1178,1184,1190,1195,1201,1206,1212,1217,1222,1227,1233,1238,1243,1247,1252,1257,1262,1266,1271,1275,1279,1284,1288,1292,1296,1300,1303,1307,1311,1314,1317,1321,1324,1327,1330,1333,1335,1338,1340,1343,1345,1347,1349,1351,1353,1355,1356,1358,1359,1361,1362,1363,1364,1364,1365,1366,1366,1366,1367,1367,1366,1366,1365,1364,1362,1360,1358,1356,1353,1350,1346,1342,1338,1334,1329,1324,1319,1313,1307,1301,1295,1288,1281,1274,1266,1258,1251,1242,1234,1225,1217,1208,1198,1189,1180,1170,1160,1150,1140,1130,1120,1109,1099,1088,1078,1067,1056,1046,1035,1024,1017,1009,1002,995,987,980,973,965,958,951,944,936,929,922,915,908,901,894,887,881,874,867,861,854,848,841,835,829,822,816,810,804,798,793,787,781,776,771,765,760,755,750,745,741,736,732,727,723,719,715,711,707,704,700,697,694,690,688,685,682,679,677,675,673,671,669,667,666,664,663,662,661,660,659,659,659,658,658,658,659,659,660,661,662,664,666,668,670,672,675,678,681,684,688,692,696,700,704,709,714,719,724,729,735,741,746,753,759,765,772,779,786,793,800,808,815,823,831,838,846,855,863,871,880,888,897,906,915,923,932,941,950,959,969,978,987,996,1005,1024,1024,1033,1043,1052,1061,1070,1080,1089,1098,1107,1116,1125,1134,1143,1152,1161,1170,1179,1188,1197,1205,1214,1222,1231,1239,1248,1256,1264,1272,1280,1288,1296,1303,1311,1319,1326,1333,1341,1348,1355,1361,1368,1375,1381,1388,1394,1400,1406,1412,1418,1423,1429,1434,1439,1444,1449,1454,1458,1463,1467,1471,1475,1479,1482,1486,1489,1492,1495,1498,1501,1503,1506,1508,1510,1511,1513,1515,1516,1517,1518,1519,1519,1520,1520,1520,1520,1519,1518,1516,1514,1511,1508,1505,1500,1496,1491,1485,1479,1473,1466,1459,1451,1443,1434,1425,1416,1406,1396,1386,1375,1364,1352,1340,1328,1316,1303,1290,1277,1263,1249,1235,1221,1207,1192,1177,1162,1147,1132,1117,1102,1086,1071,1055,1040,1024,1015,1006,996,987,978,969,960,951,941,932,923,914,905,897,888,879,870,862,853,845,836,828,819,811,803,795,787,779,772,764,756,749,742,734,727,720,714,707,700,694,687,681,675,669,664,658,652,647,642,637,632,627,623,619,614,610,606,603,599,596,593,590,587,584,582,579,577,575,574,572,571,569,568,568,567,566,566,566,566,567,567,568,570,571,573,575,578,581,584,587,591,595,599,603,608,613,618,624,629,635,642,648,655,662,669,677,684,692,700,709,717,726,735,744,753,762,772,782,792,802,812,822,833,843,854,865,876,887,898,909,920,932,943,955,966,978,989,1001,1024,1024,1033,1041,1050,1059,1067,1076,1085,1093,1102,1111,1119,1128,1136,1144,1153,1161,1169,1178,1186,1194,1202,1210,1218,1226,1234,1241,1249,1257,1264,1272,1279,1286,1293,1300,1307,1314,1321,1328,1334,1341,1347,1353,1359,1365,1371,1377,1382,1388,1393,1398,1404,1409,1413,1418,1423,1427,1431,1435,1439,1443,1447,1451,1454,1457,1460,1463,1466,1469,1471,1474,1476,1478,1480,1481,1483,1484,1485,1486,1487,1488,1489,1489,1489,1489,1489,1488,1487,1486,1484,1481,1478,1475,1471,1467,1462,1457,1451,1445,1439,1432,1425,1417,1409,1401,1392,1383,1373,1363,1353,1343,1332,1321,1309,1298,1286,1273,1261,1248,1235,1222,1209,1195,1182,1168,1154,1140,1126,1111,1097,1082,1068,1053,1039

