pathology:wellens
group:ischemia
title:Wellens' syndrome
name:Синдром Велленса
leads:12

lead:I
count:520
points:1024,1024,1024,1025,1025,1026,1026,1027,1028,1029,1030,1032,1033,1034,1036,1038,1039,1041,1043,1045,1047,1049,1051,1053,1055,1057,1059,1061,1064,1066,1068,1070,1071,1073,1075,1077,1078,1080,1082,1083,1084,1085,1086,1087,1088,1089,1090,1090,1090,1090,1091,1090,1090,1090,1090,1089,1088,1087,1086,1085,1084,1083,1082,1080,1078,1077,1075,1073,1071,1070,1068,1066,1064,1061,1059,1057,1055,1053,1051,1049,1047,1045,1043,1041,1039,1038,1036,1034,1033,1032,1030,1029,1028,1027,1026,1026,1025,1025,1024,1024,1024,1024,1024,1024,1024,1024,1024,1024,1024,1024,1024,1024,1024,1024,1024,1024,1024,1024,1024,1024,1024,1024,1024,1024,1024,1024,1024,1024,1024,1024,1024,1024,1023,1023,1023,1023,1022,1022,1022,1021,1021,1020,1020,1019,1018,1017,1016,1015,1014,1012,1011,1009,1008,1004,1004,1001,999,997,995,993,991,989,987,985,983,999,1015,1031,1048,1064,1080,1096,1112,1128,1145,1161,1177,1193,1209,1225,1241,1258,1274,1290,1306,1322,1338,1354,1371,1403,1403,1383,1363,1343,1324,1304,1285,1265,1246,1227,1209,1191,1173,1155,1138,1121,1105,1089,1074,1059,1044,1031,1017,1005,993,981,971,961,951,943,935,927,921,915,910,906,902,900,898,896,896,922,943,962,977,990,1000,1008,1014,1018,1021,1023,1024,1024,1024,1024,1024,1024,1024,1024,1024,1024,1024,1024,1024,1024,1024,1024,1024,1024,1024,1024,1024,1024,1024,1024,1024,1024,1024,1024,1024,1024,1024,1024,1024,1024,1024,1024,1024,1024,1024,1024,1024,1024,1024,1024,1024,1024,1024,1024,1024,1024,1024,1024,1024,1024,1024,1024,1024,1024,1024,1024,1024,1024,1024,1024,1024,1024,1024,1024,1024,1024,1024,1024,1024,1024,1024,1024,1024,1024,1024,1024,1024,1024,1024,1024,1024,1024,1024,1024,1024,1023,1023,1023,1022,1022,1022,1021,1020,1020,1019,1019,1018,1017,1016,1015,1014,1013,1012,1011,1010,1009,1008,1007,1006,1004,1003,1002,1000,999,997,996,994,993,991,990,988,987,985,983,981,980,978,976,974,973,971,969,967,965,964,962,960,958,956,952,952,951,949,947,945,944,942,940,939,937,935,934,932,930,929,927,926,924,923,921,920,919,917,916,915,914,913,912,910,910,909,908,907,906,905,905,904,904,903,903,902,902,902,901,901,901,901,901,901,902,902,903,903,904,905,906,908,909,910,912,914,915,917,919,921,923,926,928,930,933,935,938,940,943,946,948,951,954,957,960,963,965,968,971,974,977,979,982,985,987,990,992,995,997,1000,1002,1004,1006,1008,1010,1012,1013,1015,1016,1018,1019,1020,1021,1022,1022,1023,1023,1024,1024,1024,1024,1024,1024,1024,1024,1024,1024,1024,1024,1024,1024,1024,1024,1024,1024,1024,1024,1024,1024

lead:II
count:520
points:1024,1024,1024,1025,1026,1027,1028,1029,1030,1032,1034,1036,1038,1040,1043,1045,1048,1051,1053,1056,1059,1062,1066,1069,1072,1075,1078,1082,1085,1088,1091,1094,1097,1100,1103,1105,1108,1110,1113,1115,1117,1118,1120,1122,1123,1124,1125,1125,1126,1126,1126,1126,1126,1125,1125,1124,1123,1122,1120,1118,1117,1115,1113,1110,1108,1105,1103,1100,1097,1094,1091,1088,1085,1082,1078,1075,1072,1069,1066,1062,1059,1056,1053,1051,1048,1045,1043,1040,1038,1036,1034,1032,1030,1029,1028,1027,1026,1025,1024,1024,1024,1024,1024,1024,1024,1024,1024,1024,1024,1024,1024,1024,1024,1024,1024,1024,1024,1024,1024,1024,1024,1024,1024,1024,1024,1024,1024,1024,1024,1024,1023,1023,1023,1023,1022,1022,1021,1021,1020,1019,1018,1017,1016,1015,1013,1012,1010,1008,1006,1004,1001,998,995,988,988,983,977,971,966,960,954,949,943,937,932,958,983,1009,1035,1061,1087,1112,1138,1164,1190,1216,1241,1267,1293,1319,1345,1370,1396,1422,1448,1474,1499,1525,1551,1603,1603,1575,1548,1521,1494,1468,1441,1415,1389,1363,1338,1313,1289,1265,1241,1219,1196,1175,1154,1133,1114,1095,1077,1060,1043,1028,1013,999,987,975,964,954,945,937,930,925,920,916,913,911,911,934,953,969,983,994,1003,1010,1015,1019,1021,1023,1024,1024,1024,1024,1024,1024,1024,1024,1024,1024,1024,1024,1024,1024,1024,1024,1024,1024,1024,1024,1024,1024,1024,1024,1024,1024,1024,1024,1024,1024,1024,1024,1024,1024,1024,1024,1024,1024,1024,1024,1024,1024,1024,1024,1024,1024,1024,1024,1024,1024,1024,1024,1024,1024,1024,1024,1024,1024,1024,1024,1024,1024,1024,1024,1024,1024,1024,1024,1024,1024,1024,1024,1024,1024,1024,1024,1024,1024,1024,1024,1024,1024,1024,1024,1024,1024,1024,1024,1023,1023,1023,1022,1022,1021,1021,1020,1019,1018,1018,1017,1016,1015,1013,1012,1011,1010,1008,1007,1005,1004,1002,1001,999,997,996,994,992,990,988,986,984,982,980,978,975,973,971,969,966,964,962,959,957,954,952,949,947,944,942,939,937,934,932,927,927,925,923,920,918,916,914,912,910,908,906,904,902,900,898,897,895,893,891,890,888,886,885,883,882,880,879,878,877,875,874,873,872,871,870,870,869,868,868,867,867,866,866,866,865,865,865,865,866,866,867,867,868,869,871,872,874,875,877,879,881,884,886,889,891,894,897,900,903,906,909,913,916,919,923,926,930,934,937,941,945,948,952,956,959,963,966,970,973,977,980,983,986,989,992,995,998,1001,1003,1006,1008,1010,1012,1014,1016,1017,1019,1020,1021,1022,1023,1023,1024,1024,1024,1024,1024,1024,1024,1024,1024,1024,1024,1024,1024,1024,1024,1024,1024,1024,1024,1024,1024,1024

lead:III
count:520
points:1024,1024,1024,1024,1025,1025,1025,1026,1026,1027,1027,1028,1029,1030,1030,1031,1032,1033,1034,1035,1036,1037,1039,1040,1041,1042,1043,1044,1045,1046,1047,1049,1050,1051,1052,1052,1053,1054,1055,1056,1056,1057,1058,1058,1059,1059,1059,1060,1060,1060,1060,1060,1060,1060,1059,1059,1059,1058,1058,1057,1056,1056,1055,1054,1053,1052,1052,1051,1050,1049,1047,1046,1045,1044,1043,1042,1041,1040,1039,1037,1036,1035,1034,1033,1032,1031,1030,1030,1029,1028,1027,1027,1026,1026,1025,1025,1025,1024,1024,1024,1024,1024,1024,1024,1024,1024,1024,1024,1024,1024,1024,1024,1024,1024,1024,1024,1024,1024,1024,1024,1024,1024,1024,1024,1024,1024,1024,1024,1024,1024,1024,1024,1024,1023,1023,1023,1023,1023,1022,1022,1022,1021,1021,1020,1019,1019,1018,1017,1016,1015,1014,1013,1012,1009,1009,1005,1001,998,994,991,987,984,980,976,973,982,992,1002,1011,1021,1031,1040,1050,1060,1069,1079,1089,1098,1108,1118,1127,1137,1146,1156,1166,1175,1185,1195,1204,1224,1224,1216,1209,1202,1195,1188,1181,1174,1167,1160,1153,1147,1140,1134,1127,1121,1115,1110,1104,1099,1093,1088,1084,1079,1075,1070,1067,1063,1059,1056,1053,1051,1048,1046,1044,1043,1042,1041,1040,1039,1039,1036,1034,1031,1030,1028,1027,1026,1025,1025,1024,1024,1024,1024,1024,1024,1024,1024,1024,1024,1024,1024,1024,1024,1024,1024,1024,1024,1024,1024,1024,1024,1024,1024,1024,1024,1024,1024,1024,1024,1024,1024,1024,1024,1024,1024,1024,1024,1024,1024,1024,1024,1024,1024,1024,1024,1024,1024,1024,1024,1024,1024,1024,1024,1024,1024,1024,1024,1024,1024,1024,1024,1024,1024,1024,1024,1024,1024,1024,1024,1024,1024,1024,1024,1024,1024,1024,1024,1024,1024,1024,1024,1024,1024,1024,1024,1024,1024,1024,1024,1024,1024,1024,1024,1023,1023,1023,1023,1023,1023,1022,1022,1022,1022,1021,1021,1021,1020,1020,1019,1019,1019,1018,1018,1017,1017,1017,1016,1016,1015,1015,1014,1013,1013,1012,1012,1011,1011,1010,1009,1009,1008,1008,1007,1006,1006,1005,1004,1004,1003,1002,1002,1001,1000,1000,998,998,998,998,997,997,997,996,996,996,995,995,995,994,994,994,993,993,993,992,992,992,992,991,991,991,991,990,990,990,990,990,989,989,989,989,989,989,989,989,988,988,988,988,988,988,988,988,988,988,988,988,989,989,989,989,990,990,990,991,991,992,992,993,993,994,995,995,996,997,997,998,999,1000,1000,1001,1002,1003,1004,1004,1005,1006,1007,1008,1009,1009,1010,1011,1012,1013,1013,1014,1015,1016,1016,1017,1018,1018,1019,1019,1020,1020,1021,1021,1022,1022,1022,1023,1023,1023,1024,1024,1024,1024,1024,1024,1024,1024,1024,1024,1024,1024,1024,1024,1024,1024,1024,1024,1024,1024,1024,1024,1024,1024,1024

lead:aVR
count:520
points:1024,1024,1024,1023,1022,1022,1021,1019,1018,1016,1015,1013,1011,1009,1006,1004,1001,999,996,993,990,987,984,981,978,975,972,969,966,963,960,957,954,952,949,947,944,942,940,938,936,934,932,931,930,929,928,927,927,927,926,927,927,927,928,929,930,931,932,934,936,938,940,942,944,947,949,952,954,957,960,963,966,969,972,975,978,981,984,987,990,993,996,999,1001,1004,1006,1009,1011,1013,1015,1016,1018,1019,1021,1022,1022,1023,1024,1024,1024,1024,1024,1024,1024,1024,1024,1024,1024,1024,1024,1024,1024,1024,1024,1024,1024,1024,1024,1024,1024,1024,1024,1024,1024,1024,1024,1024,1024,1024,1025,1025,1025,1025,1026,1026,1026,1027,1028,1028,1029,1030,1031,1032,1034,1035,1037,1038,1040,1042,1045,1047,1050,1057,1057,1061,1065,1070,1074,1079,1083,1088,1092,1096,1101,1077,1052,1028,1004,980,956,931,907,883,859,834,810,786,762,738,713,689,665,641,617,592,568,544,520,471,471,498,525,553,579,606,633,659,685,711,736,761,785,809,833,856,878,899,920,941,960,979,997,1014,1031,1046,1061,1075,1088,1099,1110,1120,1129,1137,1144,1150,1154,1158,1161,1163,1163,1135,1111,1091,1075,1061,1050,1041,1035,1030,1027,1025,1024,1024,1024,1024,1024,1024,1024,1024,1024,1024,1024,1024,1024,1024,1024,1024,1024,1024,1024,1024,1024,1024,1024,1024,1024,1024,1024,1024,1024,1024,1024,1024,1024,1024,1024,1024,1024,1024,1024,1024,1024,1024,1024,1024,1024,1024,1024,1024,1024,1024,1024,1024,1024,1024,1024,1024,1024,1024,1024,1024,1024,1024,1024,1024,1024,1024,1024,1024,1024,1024,1024,1024,1024,1024,1024,1024,1024,1024,1024,1024,1024,1024,1024,1024,1024,1024,1024,1024,1025,1025,1025,1026,1026,1027,1027,1028,1029,1030,1030,1031,1032,1034,1035,1036,1037,1038,1040,1041,1043,1044,1046,1047,1049,1051,1053,1054,1056,1058,1060,1062,1064,1066,1068,1071,1073,1075,1077,1080,1082,1084,1087,1089,1091,1094,1096,1099,1101,1104,1106,1109,1111,1114,1116,1122,1122,1124,1126,1128,1130,1133,1135,1137,1139,1141,1143,1145,1147,1149,1151,1153,1155,1157,1159,1161,1163,1164,1166,1168,1169,1171,1172,1173,1175,1176,1177,1178,1179,1180,1181,1182,1183,1184,1184,1185,1185,1186,1186,1186,1186,1187,1187,1186,1186,1186,1185,1184,1183,1182,1181,1180,1178,1176,1174,1172,1170,1168,1165,1163,1160,1157,1154,1151,1148,1145,1142,1138,1135,1131,1128,1124,1120,1117,1113,1109,1105,1102,1098,1094,1090,1087,1083,1079,1076,1072,1069,1066,1062,1059,1056,1053,1051,1048,1045,1043,1040,1038,1036,1034,1033,1031,1029,1028,1027,1026,1025,1025,1024,1024,1024,1024,1024,1024,1024,1024,1024,1024,1024,1024,1024,1024,1024,1024,1024,1024,1024,1024,1024,1024

lead:aVL
count:520
points:1024,1024,1024,1024,1024,1024,1025,1025,1025,1025,1026,1026,1026,1027,1027,1028,1028,1029,1029,1030,1030,1031,1031,1032,1032,1033,1033,1034,1035,1035,1036,1036,1037,1037,1038,1038,1039,1039,1039,1040,1040,1040,1041,1041,1041,1041,1041,1042,1042,1042,1042,1042,1042,1042,1041,1041,1041,1041,1041,1040,1040,1040,1039,1039,1039,1038,1038,1037,1037,1036,1036,1035,1035,1034,1033,1033,1032,1032,1031,1031,1030,1030,1029,1029,1028,1028,1027,1027,1026,1026,1026,1025,1025,1025,1025,1024,1024,1024,1024,1024,1024,1024,1024,1024,1024,1024,1024,1024,1024,1024,1024,1024,1024,1024,1024,1024,1024,1024,1024,1024,1024,1024,1024,1024,1024,1024,1024,1024,1024,1024,1024,1024,1024,1024,1024,1024,1024,1024,1024,1024,1024,1023,1023,1023,1023,1023,1023,1023,1023,1022,1022,1022,1022,1021,1021,1022,1023,1024,1025,1025,1026,1027,1028,1029,1030,1034,1037,1041,1045,1049,1052,1056,1060,1064,1067,1071,1075,1079,1082,1086,1090,1094,1097,1101,1105,1109,1112,1116,1120,1127,1127,1120,1113,1106,1098,1091,1084,1077,1070,1063,1056,1049,1043,1036,1030,1024,1018,1012,1007,1001,996,991,986,981,977,973,969,965,962,958,955,953,950,948,946,945,944,943,942,941,941,958,972,984,994,1002,1009,1014,1017,1020,1022,1023,1024,1024,1024,1024,1024,1024,1024,1024,1024,1024,1024,1024,1024,1024,1024,1024,1024,1024,1024,1024,1024,1024,1024,1024,1024,1024,1024,1024,1024,1024,1024,1024,1024,1024,1024,1024,1024,1024,1024,1024,1024,1024,1024,1024,1024,1024,1024,1024,1024,1024,1024,1024,1024,1024,1024,1024,1024,1024,1024,1024,1024,1024,1024,1024,1024,1024,1024,1024,1024,1024,1024,1024,1024,1024,1024,1024,1024,1024,1024,1024,1024,1024,1024,1024,1024,1024,1024,1024,1024,1024,1024,1024,1023,1023,1023,1023,1023,1022,1022,1022,1022,1021,1021,1021,1020,1020,1020,1019,1019,1019,1018,1018,1017,1017,1016,1016,1015,1015,1014,1014,1013,1012,1012,1011,1011,1010,1009,1009,1008,1008,1007,1006,1006,1005,1004,1004,1003,1002,1002,1001,1000,999,999,997,997,997,996,995,994,993,993,992,991,990,989,989,988,987,987,986,985,984,984,983,982,982,981,981,980,980,979,979,978,978,977,977,976,976,976,975,975,975,975,974,974,974,974,974,974,974,974,974,974,974,974,974,975,975,975,976,976,977,978,978,979,980,980,981,982,983,984,985,986,987,988,989,990,991,992,993,994,995,997,998,999,1000,1001,1002,1003,1005,1006,1007,1008,1009,1010,1011,1012,1013,1014,1015,1016,1017,1017,1018,1019,1020,1020,1021,1021,1022,1022,1023,1023,1023,1024,1024,1024,1024,1024,1024,1024,1024,1024,1024,1024,1024,1024,1024,1024,1024,1024,1024,1024,1024,1024,1024,1024,1024

lead:aVF
count:520
points:1024,1024,1024,1025,1025,1026,1027,1028,1029,1030,1032,1033,1035,1037,1038,1040,1043,1045,1047,1049,1052,1054,1056,1059,1061,1064,1066,1069,1071,1074,1076,1079,1081,1083,1085,1087,1089,1091,1093,1095,1096,1098,1099,1100,1101,1102,1103,1103,1103,1104,1104,1104,1103,1103,1103,1102,1101,1100,1099,1098,1096,1095,1093,1091,1089,1087,1085,1083,1081,1079,1076,1074,1071,1069,1066,1064,1061,1059,1056,1054,1052,1049,1047,1045,1043,1040,1038,1037,1035,1033,1032,1030,1029,1028,1027,1026,1025,1025,1024,1024,1024,1024,1024,1024,1024,1024,1024,1024,1024,1024,1024,1024,1024,1024,1024,1024,1024,1024,1024,1024,1024,1024,1024,1024,1024,1024,1024,1024,1024,1024,1023,1023,1023,1023,1023,1022,1022,1021,1021,1020,1019,1018,1018,1016,1015,1014,1013,1011,1009,1007,1005,1003,1000,994,994,989,984,978,973,968,963,957,952,947,941,962,982,1003,1023,1044,1064,1084,1105,1125,1146,1166,1187,1207,1228,1248,1269,1289,1310,1330,1351,1371,1391,1412,1432,1473,1473,1453,1434,1414,1394,1375,1355,1336,1317,1298,1280,1262,1244,1226,1209,1192,1176,1160,1145,1130,1116,1102,1089,1076,1064,1053,1042,1032,1023,1014,1006,999,993,987,982,978,974,971,969,968,968,979,989,997,1004,1009,1014,1017,1020,1021,1023,1023,1024,1024,1024,1024,1024,1024,1024,1024,1024,1024,1024,1024,1024,1024,1024,1024,1024,1024,1024,1024,1024,1024,1024,1024,1024,1024,1024,1024,1024,1024,1024,1024,1024,1024,1024,1024,1024,1024,1024,1024,1024,1024,1024,1024,1024,1024,1024,1024,1024,1024,1024,1024,1024,1024,1024,1024,1024,1024,1024,1024,1024,1024,1024,1024,1024,1024,1024,1024,1024,1024,1024,1024,1024,1024,1024,1024,1024,1024,1024,1024,1024,1024,1024,1024,1024,1024,1024,1024,1024,1023,1023,1023,1022,1022,1022,1021,1021,1020,1019,1019,1018,1017,1016,1015,1014,1014,1013,1012,1010,1009,1008,1007,1006,1005,1003,1002,1001,999,998,996,995,993,992,990,989,987,985,984,982,980,978,977,975,973,971,970,968,966,964,962,960,959,957,953,953,952,950,949,947,946,945,943,942,941,939,938,937,935,934,933,932,930,929,928,927,926,925,924,923,922,921,920,919,918,918,917,916,916,915,915,914,914,913,913,913,912,912,912,912,912,912,912,912,912,913,913,914,915,915,916,918,919,920,921,923,925,926,928,930,932,934,936,938,941,943,945,948,950,952,955,958,960,963,965,968,970,973,976,978,981,983,986,988,991,993,995,997,1000,1002,1004,1006,1008,1009,1011,1013,1014,1016,1017,1018,1019,1020,1021,1022,1023,1023,1023,1024,1024,1024,1024,1024,1024,1024,1024,1024,1024,1024,1024,1024,1024,1024,1024,1024,1024,1024,1024,1024,1024

lead:V1
count:520
points:1024,1024,1024,1024,1024,1025,1025,1025,1026,1026,1027,1027,1028,1028,1029,1030,1030,1031,1032,1033,1033,1034,1035,1036,1037,1038,1038,1039,1040,1041,1042,1043,1043,1044,1045,1045,1046,1047,1047,1048,1048,1049,1049,1050,1050,1050,1051,1051,1051,1051,1051,1051,1051,1051,1051,1050,1050,1050,1049,1049,1048,1048,1047,1047,1046,1045,1045,1044,1043,1043,1042,1041,1040,1039,1038,1038,1037,1036,1035,1034,1033,1033,1032,1031,1030,1030,1029,1028,1028,1027,1027,1026,1026,1025,1025,1025,1024,1024,1024,1024,1024,1024,1024,1024,1024,1024,1024,1024,1024,1024,1024,1024,1024,1024,1024,1024,1024,1024,1024,1024,1024,1024,1024,1024,1024,1024,1024,1024,1024,1024,1024,1024,1024,1024,1024,1024,1024,1024,1024,1024,1024,1024,1024,1024,1025,1025,1025,1025,1025,1025,1025,1025,1026,1026,1026,1029,1033,1036,1039,1043,1046,1050,1053,1056,1060,1055,1051,1046,1042,1037,1033,1028,1024,1019,1015,1010,1006,1001,997,992,988,983,979,974,970,965,961,956,952,943,943,930,917,904,892,879,867,854,842,830,818,806,795,784,773,762,751,741,731,722,712,704,695,687,679,672,665,659,652,647,642,637,633,629,626,623,621,619,618,617,617,698,768,827,876,916,948,973,992,1005,1015,1020,1023,1024,1024,1024,1024,1025,1025,1025,1025,1025,1026,1026,1026,1026,1026,1027,1027,1027,1027,1027,1027,1028,1028,1028,1028,1028,1029,1029,1029,1029,1029,1030,1030,1030,1030,1030,1031,1031,1031,1031,1031,1032,1032,1032,1032,1032,1033,1033,1033,1033,1033,1033,1034,1034,1034,1034,1034,1035,1035,1035,1035,1035,1036,1036,1036,1036,1036,1037,1037,1037,1037,1037,1038,1038,1038,1038,1038,1039,1039,1039,1039,1039,1040,1040,1040,1040,1040,1040,1040,1040,1041,1041,1041,1041,1042,1042,1043,1043,1044,1044,1045,1045,1046,1046,1047,1048,1048,1049,1050,1051,1051,1052,1053,1054,1054,1055,1056,1057,1057,1058,1059,1059,1060,1061,1061,1062,1063,1063,1064,1064,1065,1065,1066,1066,1067,1067,1067,1068,1068,1068,1068,1068,1069,1069,1069,1068,1067,1066,1063,1060,1057,1053,1048,1042,1037,1030,1023,1016,1008,1000,991,983,974,964,955,945,936,926,916,906,897,887,878,869,860,852,843,836,828,821,815,809,804,799,795,791,788,786,784,783,783,783,783,784,785,786,787,789,791,793,796,798,801,804,807,811,814,818,822,826,831,835,840,845,850,855,860,865,870,876,881,887,892,898,903,909,915,920,926,931,936,942,947,952,957,962,967,972,976,980,985,989,993,996,1000,1003,1006,1009,1011,1014,1016,1018,1019,1021,1022,1023,1023,1024,1024,1024,1024,1024,1024,1024,1024,1024,1024,1024,1024,1024,1024,1024,1024,1024,1024,1024,1024,1024

lead:V2
count:520
points:1024,1024,1024,1024,1025,1025,1026,1026,1027,1028,1028,1029,1030,1031,1032,1033,1035,1036,1037,1039,1040,1041,1043,1044,1046,1047,1048,1050,1051,1053,1054,1056,1057,1058,1059,1061,1062,1063,1064,1065,1066,1066,1067,1068,1068,1069,1069,1070,1070,1070,1070,1070,1070,1070,1069,1069,1068,1068,1067,1066,1066,1065,1064,1063,1062,1061,1059,1058,1057,1056,1054,1053,1051,1050,1048,1047,1046,1044,1043,1041,1040,1039,1037,1036,1035,1033,1032,1031,1030,1029,1028,1028,1027,1026,1026,1025,1025,1024,1024,1024,1024,1024,1024,1024,1024,1024,1024,1024,1024,1024,1024,1024,1024,1024,1024,1024,1024,1024,1024,1024,1024,1024,1024,1024,1024,1024,1024,1024,1024,1024,1024,1024,1024,1024,1024,1024,1024,1024,1024,1024,1024,1024,1024,1024,1024,1024,1024,1024,1024,1024,1024,1024,1024,1024,1024,1026,1027,1029,1030,1032,1033,1035,1036,1038,1039,1043,1046,1049,1052,1055,1058,1061,1065,1068,1071,1074,1077,1080,1083,1087,1090,1093,1096,1099,1102,1106,1109,1112,1115,1121,1121,1100,1078,1057,1036,1014,993,973,952,932,912,892,873,854,835,817,799,782,765,749,734,719,705,691,678,666,654,643,633,624,615,607,600,594,589,584,580,577,575,573,573,663,740,805,860,904,940,968,989,1003,1013,1020,1023,1024,1024,1024,1025,1025,1025,1026,1026,1026,1026,1027,1027,1027,1028,1028,1028,1029,1029,1029,1030,1030,1030,1031,1031,1031,1031,1032,1032,1032,1033,1033,1033,1034,1034,1034,1035,1035,1035,1036,1036,1036,1036,1037,1037,1037,1038,1038,1038,1039,1039,1039,1040,1040,1040,1041,1041,1041,1041,1042,1042,1042,1043,1043,1043,1044,1044,1044,1045,1045,1045,1046,1046,1046,1046,1047,1047,1047,1048,1048,1048,1049,1049,1050,1050,1050,1050,1050,1050,1051,1051,1051,1052,1053,1053,1054,1055,1056,1057,1058,1059,1060,1061,1062,1064,1065,1066,1068,1069,1070,1072,1073,1075,1076,1078,1079,1081,1082,1084,1085,1086,1088,1089,1091,1092,1093,1094,1095,1097,1098,1099,1100,1101,1101,1102,1103,1103,1104,1105,1105,1105,1106,1106,1106,1106,1106,1105,1103,1101,1098,1094,1090,1085,1080,1074,1068,1061,1054,1046,1038,1030,1021,1012,1003,994,984,975,965,956,946,936,927,918,909,900,892,884,876,869,862,856,850,845,840,836,832,830,827,826,824,824,824,825,825,826,827,828,829,831,833,835,837,839,842,844,847,850,854,857,860,864,868,872,876,880,884,888,892,897,901,906,910,915,920,924,929,933,938,943,947,951,956,960,964,969,973,977,981,984,988,991,995,998,1001,1004,1007,1009,1011,1014,1015,1017,1019,1020,1021,1022,1023,1024,1024,1024,1024,1024,1024,1024,1024,1024,1024,1024,1024,1024,1024,1024,1024,1024,1024,1024,1024,1024,1024

lead:V3
count:520
points:1024,1024,1024,1025,1025,1025,1026,1027,1028,1029,1030,1031,1032,1033,1035,1036,1038,1039,1041,1042,1044,1046,1048,1049,1051,1053,1055,1057,1059,1060,1062,1064,1065,1067,1069,1070,1072,1073,1074,1076,1077,1078,1079,1079,1080,1081,1081,1082,1082,1082,1082,1082,1082,1082,1081,1081,1080,1079,1079,1078,1077,1076,1074,1073,1072,1070,1069,1067,1065,1064,1062,1060,1059,1057,1055,1053,1051,1049,1048,1046,1044,1042,1041,1039,1038,1036,1035,1033,1032,1031,1030,1029,1028,1027,1026,1025,1025,1025,1024,1024,1024,1024,1024,1024,1024,1024,1024,1024,1024,1024,1024,1024,1024,1024,1024,1024,1024,1024,1024,1024,1024,1024,1024,1024,1024,1024,1024,1024,1024,1024,1024,1024,1024,1024,1024,1024,1024,1024,1024,1024,1024,1024,1024,1024,1023,1023,1023,1023,1023,1023,1023,1023,1022,1022,1022,1022,1021,1020,1020,1019,1019,1018,1018,1017,1017,1027,1037,1048,1058,1068,1079,1089,1099,1110,1120,1130,1141,1151,1161,1172,1182,1192,1203,1213,1223,1234,1244,1254,1265,1285,1285,1258,1231,1204,1178,1151,1125,1099,1073,1047,1022,997,973,949,926,903,881,859,839,818,799,780,762,745,729,713,699,685,672,661,650,640,631,623,617,611,606,602,600,598,598,683,755,817,869,911,944,971,990,1005,1014,1020,1023,1024,1024,1024,1025,1025,1026,1026,1026,1027,1027,1027,1028,1028,1029,1029,1029,1030,1030,1031,1031,1031,1032,1032,1032,1033,1033,1034,1034,1034,1035,1035,1036,1036,1036,1037,1037,1037,1038,1038,1039,1039,1039,1040,1040,1040,1041,1041,1042,1042,1042,1043,1043,1044,1044,1044,1045,1045,1045,1046,1046,1047,1047,1047,1048,1048,1049,1049,1049,1050,1050,1050,1051,1051,1052,1052,1052,1053,1053,1054,1054,1054,1055,1055,1055,1056,1056,1056,1056,1057,1057,1058,1059,1060,1061,1062,1063,1064,1065,1067,1068,1069,1071,1073,1074,1076,1078,1080,1082,1083,1085,1087,1089,1091,1093,1095,1097,1099,1101,1103,1105,1107,1109,1110,1112,1114,1115,1117,1118,1120,1121,1122,1124,1125,1126,1127,1128,1128,1129,1130,1130,1130,1131,1131,1131,1131,1130,1128,1127,1124,1121,1118,1114,1109,1105,1099,1094,1088,1081,1074,1067,1060,1053,1045,1037,1029,1021,1013,1005,997,989,982,974,966,959,952,945,939,933,927,922,917,913,909,905,903,900,898,897,896,896,896,896,896,897,897,898,899,900,901,902,904,905,907,909,911,912,915,917,919,921,924,926,929,931,934,937,939,942,945,948,951,954,957,960,963,966,969,972,975,977,980,983,986,988,991,994,996,999,1001,1003,1005,1007,1009,1011,1013,1014,1016,1017,1019,1020,1021,1022,1022,1023,1023,1024,1024,1024,1024,1024,1024,1024,1024,1024,1024,1024,1024,1024,1024,1024,1024,1024,1024,1024,1024,1024,1024

lead:V4
count:520
points:1024,1024,1024,1025,1025,1026,1026,1027,1028,1029,1030,1031,1032,1034,1035,1037,1038,1040,1042,1043,1045,1047,1049,1051,1053,1055,1057,1059,1061,1062,1064,1066,1068,1070,1071,1073,1074,1076,1077,1078,1080,1081,1082,1083,1083,1084,1085,1085,1085,1085,1086,1085,1085,1085,1085,1084,1083,1083,1082,1081,1080,1078,1077,1076,1074,1073,1071,1070,1068,1066,1064,1062,1061,1059,1057,1055,1053,1051,1049,1047,1045,1043,1042,1040,1038,1037,1035,1034,1032,1031,1030,1029,1028,1027,1026,1026,1025,1025,1024,1024,1024,1024,1024,1024,1024,1024,1024,1024,1024,1024,1024,1024,1024,1024,1024,1024,1024,1024,1024,1024,1024,1024,1024,1024,1024,1024,1024,1024,1024,1024,1024,1024,1024,1024,1024,1024,1024,1024,1024,1024,1023,1023,1023,1023,1023,1023,1023,1022,1022,1022,1022,1021,1021,1020,1020,1018,1015,1013,1010,1008,1005,1002,1000,997,995,1011,1027,1043,1059,1075,1091,1107,1123,1139,1155,1171,1188,1204,1220,1236,1252,1268,1284,1300,1316,1332,1348,1364,1380,1412,1412,1384,1356,1327,1299,1271,1243,1216,1189,1162,1135,1109,1084,1059,1034,1010,987,964,942,921,901,881,862,844,827,811,795,781,768,755,744,733,724,716,709,703,698,694,691,689,689,755,813,861,902,935,961,982,998,1009,1016,1021,1023,1024,1024,1024,1025,1025,1026,1026,1026,1027,1027,1028,1028,1028,1029,1029,1030,1030,1030,1031,1031,1032,1032,1032,1033,1033,1034,1034,1034,1035,1035,1036,1036,1036,1037,1037,1038,1038,1038,1039,1039,1039,1040,1040,1041,1041,1041,1042,1042,1043,1043,1043,1044,1044,1045,1045,1045,1046,1046,1047,1047,1047,1048,1048,1049,1049,1049,1050,1050,1051,1051,1051,1052,1052,1053,1053,1053,1054,1054,1055,1055,1055,1056,1057,1057,1057,1057,1057,1057,1058,1059,1059,1060,1061,1062,1063,1065,1066,1067,1069,1070,1072,1074,1076,1077,1079,1081,1083,1085,1087,1090,1092,1094,1096,1098,1100,1103,1105,1107,1109,1111,1113,1115,1117,1119,1121,1123,1124,1126,1128,1129,1131,1132,1133,1134,1135,1136,1137,1138,1138,1139,1139,1140,1140,1140,1140,1139,1138,1137,1135,1134,1131,1129,1126,1123,1120,1116,1112,1108,1104,1099,1094,1090,1085,1080,1075,1069,1064,1059,1054,1049,1044,1039,1034,1030,1025,1021,1017,1013,1009,1006,1003,1000,997,995,993,992,990,990,989,989,989,989,989,989,989,990,990,990,990,991,991,991,992,992,993,993,994,995,995,996,996,997,998,999,999,1000,1001,1002,1002,1003,1004,1005,1006,1006,1007,1008,1009,1010,1010,1011,1012,1013,1014,1014,1015,1016,1016,1017,1018,1018,1019,1019,1020,1020,1021,1021,1022,1022,1023,1023,1023,1023,1024,1024,1024,1024,1024,1024,1024,1024,1024,1024,1024,1024,1024,1024,1024,1024,1024,1024,1024,1024,1024,1024,1024,1024,1024

lead:V5
count:520
points:1024,1024,1024,1024,1025,1025,1026,1027,1027,1028,1029,1030,1032,1033,1034,1035,1037,1038,1040,1042,1043,1045,1047,1048,1050,1052,1053,1055,1057,1059,1060,1062,1064,1065,1067,1068,1069,1071,1072,1073,1074,1075,1076,1077,1077,1078,1079,1079,1079,1079,1079,1079,1079,1079,1079,1078,1077,1077,1076,1075,1074,1073,1072,1071,1069,1068,1067,1065,1064,1062,1060,1059,1057,1055,1053,1052,1050,1048,1047,1045,1043,1042,1040,1038,1037,1035,1034,1033,1032,1030,1029,1028,1027,1027,1026,1025,1025,1024,1024,1024,1024,1024,1024,1024,1024,1024,1024,1024,1024,1024,1024,1024,1024,1024,1024,1024,1024,1024,1024,1024,1024,1024,1024,1024,1024,1024,1024,1024,1024,1024,1024,1024,1024,1024,1024,1024,1024,1024,1023,1023,1023,1023,1023,1023,1023,1022,1022,1022,1022,1021,1021,1021,1020,1019,1019,1015,1011,1007,1003,999,994,990,986,982,978,997,1016,1035,1055,1074,1093,1112,1132,1151,1170,1189,1209,1228,1247,1266,1285,1305,1324,1343,1362,1382,1401,1420,1439,1478,1478,1452,1427,1402,1376,1351,1326,1302,1277,1253,1229,1206,1183,1161,1139,1117,1096,1076,1056,1037,1019,1001,984,968,953,938,924,911,899,888,878,869,860,853,847,841,837,833,831,829,829,868,901,929,953,972,988,1000,1009,1015,1019,1022,1023,1024,1024,1024,1025,1025,1025,1026,1026,1026,1027,1027,1027,1028,1028,1029,1029,1029,1030,1030,1030,1031,1031,1031,1032,1032,1032,1033,1033,1033,1034,1034,1034,1035,1035,1036,1036,1036,1037,1037,1037,1038,1038,1038,1039,1039,1039,1040,1040,1040,1041,1041,1041,1042,1042,1043,1043,1043,1044,1044,1044,1045,1045,1045,1046,1046,1046,1047,1047,1047,1048,1048,1048,1049,1049,1050,1050,1050,1051,1051,1051,1052,1052,1053,1053,1053,1053,1053,1054,1054,1055,1055,1056,1057,1058,1059,1060,1061,1063,1064,1066,1067,1069,1071,1072,1074,1076,1078,1080,1082,1084,1086,1088,1090,1092,1094,1096,1098,1100,1102,1104,1106,1108,1110,1111,1113,1115,1116,1118,1120,1121,1122,1124,1125,1126,1127,1128,1128,1129,1130,1130,1131,1131,1131,1131,1131,1131,1131,1131,1130,1130,1130,1129,1129,1128,1128,1127,1127,1126,1125,1124,1123,1123,1122,1121,1120,1119,1118,1116,1115,1114,1113,1112,1110,1109,1108,1106,1105,1103,1102,1101,1099,1098,1096,1095,1093,1091,1090,1088,1085,1085,1084,1082,1081,1080,1078,1077,1075,1074,1073,1071,1070,1068,1067,1066,1064,1063,1062,1061,1059,1058,1057,1055,1054,1053,1052,1051,1049,1048,1047,1046,1045,1044,1043,1042,1041,1040,1039,1038,1037,1036,1036,1035,1034,1033,1032,1032,1031,1030,1030,1029,1029,1028,1028,1027,1027,1026,1026,1026,1025,1025,1025,1025,1024,1024,1024,1024,1024,1024,1024,1024,1024,1024,1024,1024,1024,1024,1024,1024,1024,1024,1024,1024,1024,1024,1024,1024,1024

lead:V6
count:520
points:1024,1024,1024,1024,1025,1025,1025,1026,1027,1027,1028,1029,1030,1030,1031,1032,1034,1035,1036,1037,1038,1039,1041,1042,1043,1044,1046,1047,1048,1050,1051,1052,1053,1054,1055,1057,1058,1058,1059,1060,1061,1062,1062,1063,1064,1064,1064,1065,1065,1065,1065,1065,1065,1065,1064,1064,1064,1063,1062,1062,1061,1060,1059,1058,1058,1057,1055,1054,1053,1052,1051,1050,1048,1047,1046,1044,1043,1042,1041,1039,1038,1037,1036,1035,1034,1032,1031,1030,1030,1029,1028,1027,1027,1026,1025,1025,1025,1024,1024,1024,1024,1024,1024,1024,1024,1024,1024,1024,1024,1024,1024,1024,1024,1024,1024,1024,1024,1024,1024,1024,1024,1024,1024,1024,1024,1024,1024,1024,1024,1024,1024,1024,1024,1024,1024,1024,1024,1024,1023,1023,1023,1023,1023,1023,1022,1022,1022,1022,1021,1021,1021,1020,1020,1019,1019,1014,1009,1004,998,993,988,983,978,973,968,987,1007,1026,1046,1065,1085,1104,1124,1143,1163,1182,1202,1221,1241,1260,1280,1299,1319,1338,1358,1377,1397,1416,1436,1475,1475,1456,1437,1419,1400,1382,1363,1345,1327,1310,1292,1275,1258,1242,1226,1210,1195,1180,1165,1151,1138,1125,1112,1101,1089,1079,1069,1059,1050,1042,1035,1028,1022,1016,1012,1008,1004,1002,1000,998,998,1004,1008,1012,1015,1017,1019,1021,1022,1023,1023,1024,1024,1024,1024,1024,1024,1025,1025,1025,1025,1026,1026,1026,1026,1027,1027,1027,1027,1028,1028,1028,1028,1029,1029,1029,1029,1030,1030,1030,1030,1031,1031,1031,1031,1032,1032,1032,1032,1033,1033,1033,1033,1034,1034,1034,1034,1035,1035,1035,1035,1036,1036,1036,1036,1037,1037,1037,1037,1038,1038,1038,1038,1039,1039,1039,1039,1040,1040,1040,1040,1041,1041,1041,1041,1042,1042,1042,1042,1043,1043,1043,1043,1044,1044,1044,1044,1045,1045,1045,1045,1045,1045,1046,1046,1046,1047,1047,1047,1048,1049,1049,1050,1050,1051,1052,1053,1054,1054,1055,1056,1057,1058,1059,1060,1061,1062,1064,1065,1066,1067,1069,1070,1071,1072,1074,1075,1077,1078,1079,1081,1082,1084,1085,1087,1088,1090,1092,1093,1095,1096,1098,1099,1101,1103,1106,1106,1108,1110,1113,1115,1117,1119,1122,1124,1126,1128,1130,1132,1135,1137,1139,1141,1142,1144,1146,1148,1150,1151,1153,1155,1156,1158,1159,1160,1162,1163,1164,1165,1166,1167,1168,1169,1169,1170,1171,1171,1172,1172,1172,1172,1172,1172,1172,1172,1172,1171,1171,1170,1169,1167,1166,1165,1163,1161,1159,1157,1155,1153,1151,1148,1146,1143,1140,1137,1134,1131,1128,1125,1122,1119,1115,1112,1108,1105,1102,1098,1095,1091,1088,1085,1081,1078,1075,1071,1068,1065,1062,1059,1056,1054,1051,1048,1046,1043,1041,1039,1037,1035,1033,1032,1030,1029,1028,1027,1026,1025,1025,1024,1024,1024,1024,1024,1024,1024,1024,1024,1024,1024,1024,1024,1024,1024,1024,1024,1024,1024,1024,1024,1024

