pathology:wpwrightlat
group:syndromes
title:WPW syndrome right lateral
name:Синусовый ритм при синдроме Вольфа-Паркинсона-Уайта (правый боковой)
leads:12

lead:I
count:520
points:1024,1024,1024,1024,1025,1025,1025,1026,1026,1027,1028,1029,1029,1030,1031,1032,1033,1034,1036,1037,1038,1039,1041,1042,1043,1045,1046,1048,1049,1051,1052,1054,1055,1057,1058,1059,1061,1062,1064,1065,1066,1067,1069,1070,1071,1072,1073,1074,1075,1076,1077,1077,1078,1078,1079,1079,1080,1080,1080,1080,1080,1080,1080,1080,1080,1079,1079,1078,1077,1076,1075,1074,1073,1072,1071,1070,1068,1067,1066,1064,1063,1061,1060,1058,1056,1055,1053,1052,1050,1048,1047,1045,1044,1042,1041,1040,1038,1037,1036,1035,1034,1033,1032,1032,1031,1030,1030,1030,1029,1029,1029,1031,1034,1036,1038,1041,1043,1045,1048,1050,1052,1055,1057,1059,1062,1064,1066,1069,1071,1073,1076,1078,1080,1083,1085,1087,1090,1092,1094,1097,1099,1101,1104,1106,1108,1111,1113,1115,1118,1120,1122,1125,1127,1132,1132,1138,1144,1150,1156,1162,1168,1175,1181,1187,1193,1208,1224,1239,1254,1270,1285,1300,1316,1331,1347,1362,1377,1393,1408,1423,1439,1454,1469,1485,1500,1516,1531,1546,1562,1592,1592,1566,1539,1512,1486,1459,1432,1406,1379,1352,1326,1299,1272,1246,1219,1192,1166,1139,1112,1086,1059,1032,1006,952,952,955,958,961,963,965,967,969,971,973,974,975,976,977,978,979,980,981,981,982,982,982,982,983,983,983,983,983,983,983,983,983,982,982,981,981,980,980,979,979,978,978,977,977,976,976,975,975,974,974,973,973,972,972,971,971,970,970,969,969,968,968,967,967,966,966,965,965,964,964,963,963,962,962,961,961,960,960,959,959,958,958,957,957,956,956,955,955,954,954,953,953,952,952,951,951,950,950,949,949,948,948,947,947,946,946,945,945,944,944,943,942,942,942,942,942,943,943,944,944,945,946,947,947,948,950,951,952,953,955,956,958,960,961,963,965,967,969,971,973,975,978,980,982,985,987,990,992,995,998,1000,1003,1006,1009,1012,1015,1017,1020,1023,1026,1029,1032,1035,1038,1041,1044,1048,1051,1054,1057,1060,1063,1066,1069,1071,1074,1077,1080,1083,1086,1089,1091,1094,1097,1099,1102,1104,1107,1109,1111,1114,1116,1118,1120,1122,1124,1126,1128,1129,1131,1133,1134,1136,1137,1138,1139,1140,1141,1142,1143,1144,1145,1145,1146,1146,1146,1147,1147,1147,1147,1147,1146,1146,1145,1145,1144,1143,1142,1140,1139,1138,1136,1134,1133,1131,1129,1127,1125,1122,1120,1118,1115,1113,1110,1108,1105,1102,1100,1097,1094,1091,1088,1085,1083,1080,1077,1074,1071,1069,1066,1063,1061,1058,1056,1053,1051,1048,1046,1044,1042,1040,1038,1036,1035,1033,1032,1030,1029,1028,1027,1026,1026,1025,1025,1024,1024,1024,1024,1024,1024,1024,1024,1024,1024,1024,1024,1024,1024,1024,1024,1024,1024,1024,1024,1024,1024

lead:II
count:520
points:1024,1024,1024,1025,1025,1026,1027,1027,1028,1030,1031,1032,1034,1035,1037,1039,1041,1043,1045,1047,1050,1052,1054,1057,1059,1062,1065,1067,1070,1073,1075,1078,1081,1083,1086,1088,1091,1094,1096,1098,1101,1103,1105,1107,1109,1111,1113,1115,1117,1118,1120,1121,1122,1123,1124,1125,1125,1126,1126,1126,1126,1126,1126,1125,1125,1124,1123,1122,1120,1118,1117,1115,1113,1110,1108,1105,1103,1100,1097,1094,1091,1088,1085,1082,1078,1075,1072,1069,1066,1062,1059,1056,1053,1051,1048,1045,1043,1040,1038,1036,1034,1032,1030,1029,1028,1027,1026,1025,1024,1024,1024,1024,1024,1024,1025,1025,1026,1026,1027,1027,1028,1029,1030,1031,1032,1034,1035,1036,1038,1039,1041,1043,1044,1046,1048,1050,1053,1055,1057,1060,1062,1065,1067,1070,1073,1076,1079,1082,1085,1088,1092,1095,1099,1106,1106,1112,1118,1124,1130,1137,1143,1149,1155,1161,1167,1174,1180,1187,1193,1200,1206,1213,1219,1226,1232,1239,1245,1252,1258,1265,1271,1278,1284,1291,1297,1304,1310,1317,1323,1336,1336,1316,1295,1274,1254,1233,1212,1191,1171,1150,1129,1109,1088,1067,1047,1026,1005,985,964,943,922,902,881,840,840,856,870,884,897,909,920,930,939,947,955,962,968,974,979,983,987,990,993,995,997,999,1000,1001,1002,1003,1003,1003,1003,1004,1004,1004,1004,1004,1004,1004,1004,1004,1004,1004,1004,1004,1004,1004,1004,1004,1004,1004,1004,1004,1004,1004,1004,1004,1004,1004,1004,1004,1004,1004,1004,1004,1004,1004,1004,1004,1004,1004,1004,1004,1004,1004,1004,1004,1004,1004,1004,1004,1004,1004,1004,1004,1004,1004,1004,1004,1004,1004,1004,1004,1004,1004,1004,1004,1004,1004,1004,1004,1004,1004,1004,1004,1004,1004,1004,1004,1004,1004,1004,1004,1004,1004,1004,1004,1004,1004,1004,1005,1005,1006,1006,1007,1008,1009,1009,1010,1012,1013,1014,1015,1017,1018,1020,1021,1023,1025,1026,1028,1030,1032,1034,1036,1039,1041,1043,1045,1048,1050,1053,1055,1058,1060,1063,1065,1068,1071,1073,1076,1079,1081,1084,1087,1090,1093,1095,1098,1101,1104,1107,1109,1112,1115,1118,1120,1123,1126,1129,1131,1134,1136,1139,1141,1144,1146,1149,1151,1153,1156,1158,1160,1162,1164,1166,1168,1170,1172,1174,1175,1177,1178,1180,1181,1183,1184,1185,1186,1187,1188,1189,1190,1190,1191,1191,1192,1192,1193,1193,1193,1193,1193,1193,1192,1192,1191,1190,1189,1187,1186,1184,1182,1180,1178,1176,1173,1171,1168,1165,1162,1159,1156,1153,1150,1146,1143,1139,1135,1132,1128,1124,1120,1116,1112,1108,1105,1101,1097,1093,1089,1085,1082,1078,1074,1071,1067,1064,1061,1058,1055,1052,1049,1046,1043,1041,1039,1037,1035,1033,1031,1030,1028,1027,1026,1025,1025,1024,1024,1024,1024,1024,1024,1024,1024,1024,1024,1024,1024,1024,1024,1024,1024,1024,1024,1024,1024,1024,1024

lead:III
count:520
points:1024,1024,1024,1024,1025,1025,1025,1026,1026,1027,1027,1028,1028,1029,1030,1031,1032,1033,1033,1034,1036,1037,1038,1039,1040,1041,1042,1043,1045,1046,1047,1048,1049,1051,1052,1053,1054,1055,1056,1058,1059,1060,1061,1062,1062,1063,1064,1065,1066,1066,1067,1068,1068,1069,1069,1069,1070,1070,1070,1070,1070,1070,1070,1070,1069,1069,1068,1068,1067,1066,1065,1064,1063,1062,1061,1060,1058,1057,1055,1054,1052,1051,1049,1048,1046,1044,1043,1041,1040,1038,1037,1035,1034,1032,1031,1029,1028,1027,1026,1025,1024,1023,1022,1021,1021,1020,1020,1019,1019,1019,1019,1018,1017,1017,1016,1015,1015,1014,1013,1012,1012,1011,1010,1010,1009,1008,1008,1007,1007,1006,1005,1005,1004,1004,1003,1003,1002,1002,1002,1001,1001,1001,1000,1000,1000,999,999,999,999,999,999,999,998,998,998,998,998,998,998,998,998,998,998,998,998,990,981,972,963,954,945,936,928,919,910,901,892,883,874,865,857,848,839,830,821,812,803,795,786,768,768,774,780,786,792,798,804,810,816,822,828,834,840,846,852,858,864,870,876,881,887,893,899,911,911,924,936,947,958,967,976,984,992,999,1005,1011,1016,1020,1024,1028,1031,1034,1036,1038,1040,1041,1042,1043,1043,1044,1044,1044,1044,1044,1044,1045,1045,1046,1046,1047,1047,1048,1048,1049,1049,1050,1050,1051,1051,1052,1052,1053,1053,1054,1054,1055,1055,1056,1056,1057,1057,1058,1058,1059,1059,1060,1060,1061,1061,1062,1062,1063,1063,1064,1064,1065,1065,1066,1066,1067,1067,1068,1068,1069,1069,1070,1070,1071,1071,1072,1072,1073,1073,1074,1074,1075,1075,1076,1076,1077,1077,1078,1078,1079,1079,1080,1080,1081,1081,1082,1082,1083,1083,1084,1084,1085,1085,1085,1085,1085,1085,1085,1085,1085,1085,1085,1085,1085,1085,1085,1085,1085,1085,1084,1084,1084,1084,1084,1084,1084,1084,1083,1083,1083,1083,1083,1083,1082,1082,1082,1082,1082,1081,1081,1081,1081,1081,1080,1080,1080,1080,1080,1079,1079,1079,1079,1078,1078,1078,1078,1078,1077,1077,1077,1077,1076,1076,1076,1076,1076,1075,1075,1075,1075,1074,1074,1074,1074,1074,1073,1073,1073,1073,1073,1073,1072,1072,1072,1072,1072,1072,1072,1071,1071,1071,1071,1071,1071,1071,1071,1071,1070,1070,1070,1070,1070,1070,1070,1070,1070,1070,1070,1070,1070,1070,1070,1070,1069,1069,1069,1069,1068,1068,1067,1067,1066,1065,1065,1064,1063,1063,1062,1061,1060,1059,1058,1057,1056,1055,1054,1053,1052,1051,1050,1049,1048,1047,1046,1045,1044,1043,1042,1041,1040,1039,1038,1037,1036,1035,1034,1033,1032,1032,1031,1030,1029,1029,1028,1027,1027,1026,1026,1026,1025,1025,1025,1024,1024,1024,1024,1024,1024,1024,1024,1024,1024,1024,1024,1024,1024,1024,1024,1024,1024,1024,1024,1024,1024,1024,1024

lead:aVR
count:520
points:1024,1024,1024,1023,1023,1022,1022,1021,1020,1019,1018,1017,1015,1014,1012,1011,1009,1007,1005,1003,1001,999,997,995,992,990,988,985,983,981,978,976,973,971,969,966,964,962,960,957,955,953,951,949,948,946,944,943,941,940,939,937,936,935,935,934,933,933,933,932,932,932,933,933,934,935,935,937,938,939,941,943,944,946,948,951,953,955,958,960,963,966,968,971,974,977,979,982,985,988,990,993,996,998,1000,1003,1005,1007,1009,1011,1013,1014,1016,1017,1018,1019,1020,1020,1021,1021,1021,1017,1013,1010,1006,1002,998,995,991,987,984,980,977,973,970,967,964,960,957,954,951,949,946,943,941,938,936,934,932,930,928,926,924,923,921,920,919,918,917,916,916,915,915,915,915,908,900,893,886,879,872,865,858,851,844,831,818,806,793,781,768,755,743,730,717,705,692,680,667,654,642,629,617,604,591,579,566,553,541,516,516,543,570,598,625,652,680,707,734,762,789,816,844,871,898,926,953,980,1008,1035,1062,1090,1117,1172,1172,1161,1151,1141,1133,1124,1117,1110,1104,1098,1093,1088,1084,1080,1077,1074,1071,1069,1067,1065,1064,1063,1062,1061,1060,1060,1060,1060,1060,1059,1059,1060,1060,1060,1061,1061,1061,1061,1062,1062,1062,1063,1063,1063,1064,1064,1064,1064,1065,1065,1065,1066,1066,1066,1066,1067,1067,1067,1068,1068,1068,1068,1069,1069,1069,1070,1070,1070,1070,1071,1071,1071,1072,1072,1072,1072,1073,1073,1073,1074,1074,1074,1074,1075,1075,1075,1076,1076,1076,1076,1077,1077,1077,1078,1078,1078,1079,1079,1079,1079,1080,1080,1080,1081,1081,1081,1081,1082,1082,1082,1083,1083,1083,1083,1083,1083,1082,1082,1081,1081,1080,1079,1078,1077,1076,1075,1073,1072,1071,1069,1067,1066,1064,1062,1060,1058,1056,1053,1051,1049,1046,1044,1041,1038,1036,1033,1030,1027,1024,1021,1018,1015,1012,1009,1006,1003,999,996,993,989,986,983,979,976,973,969,966,963,959,956,953,949,946,943,939,936,933,930,927,923,920,917,914,911,909,906,903,900,898,895,892,890,888,885,883,881,879,877,875,873,871,870,868,867,865,864,863,862,860,860,859,858,857,857,856,856,856,856,856,856,856,856,857,858,859,860,861,863,864,866,868,870,873,875,877,880,883,886,889,892,895,899,902,906,909,913,917,920,924,928,932,936,940,944,948,951,955,959,963,967,970,974,977,981,984,987,991,994,997,999,1002,1005,1007,1009,1011,1013,1015,1017,1018,1020,1021,1022,1023,1023,1024,1024,1024,1024,1024,1024,1024,1024,1024,1024,1024,1024,1024,1024,1024,1024,1024,1024,1024,1024,1024,1024

lead:aVL
count:520
points:1024,1024,1024,1024,1024,1024,1024,1024,1024,1024,1024,1024,1025,1025,1025,1025,1025,1025,1025,1025,1025,1026,1026,1026,1026,1026,1026,1026,1027,1027,1027,1027,1027,1027,1028,1028,1028,1028,1028,1028,1028,1029,1029,1029,1029,1029,1029,1029,1029,1029,1030,1030,1030,1030,1030,1030,1030,1030,1030,1030,1030,1030,1030,1030,1030,1030,1030,1030,1030,1030,1030,1030,1030,1030,1030,1030,1030,1030,1030,1030,1030,1030,1030,1030,1030,1030,1030,1030,1030,1030,1030,1030,1030,1030,1030,1030,1030,1030,1030,1030,1030,1030,1030,1030,1030,1030,1030,1030,1030,1030,1030,1032,1035,1037,1040,1043,1045,1047,1050,1052,1055,1057,1059,1062,1064,1066,1068,1070,1072,1074,1076,1078,1080,1082,1084,1085,1087,1088,1090,1091,1092,1093,1094,1095,1096,1097,1098,1099,1099,1100,1100,1100,1101,1101,1101,1104,1108,1111,1115,1119,1122,1126,1129,1133,1136,1150,1164,1178,1192,1206,1220,1234,1248,1262,1276,1290,1304,1318,1332,1346,1360,1374,1388,1402,1416,1430,1444,1458,1472,1500,1500,1481,1462,1443,1425,1406,1387,1368,1349,1330,1311,1293,1274,1255,1236,1217,1198,1180,1161,1142,1123,1104,1085,1048,1048,1042,1037,1032,1027,1023,1019,1015,1012,1009,1006,1004,1001,999,997,996,995,993,992,991,991,990,990,989,989,989,989,989,989,989,989,988,987,987,986,986,985,984,984,983,983,982,982,981,980,980,979,979,978,978,977,976,976,975,975,974,974,973,972,972,971,971,970,969,969,968,968,967,967,966,965,965,964,964,963,963,962,961,961,960,960,959,959,958,957,957,956,956,955,954,954,953,953,952,952,951,950,950,949,949,948,948,947,946,946,945,945,944,944,943,942,941,941,941,941,941,942,942,942,943,943,943,944,945,945,946,947,947,948,949,950,951,952,953,954,955,957,958,959,961,962,963,965,966,968,969,971,972,974,976,977,979,981,983,984,986,988,990,992,994,995,997,999,1001,1003,1005,1007,1009,1010,1012,1014,1016,1018,1020,1022,1023,1025,1027,1029,1030,1032,1034,1035,1037,1039,1040,1042,1043,1045,1046,1048,1049,1050,1052,1053,1054,1055,1056,1057,1059,1060,1060,1061,1062,1063,1064,1064,1065,1066,1066,1067,1067,1067,1068,1068,1068,1068,1068,1068,1068,1068,1068,1068,1068,1067,1067,1067,1066,1066,1066,1065,1064,1064,1063,1063,1062,1061,1060,1060,1059,1058,1057,1056,1055,1054,1053,1052,1051,1050,1049,1048,1047,1046,1045,1044,1043,1042,1041,1040,1039,1038,1037,1036,1035,1034,1034,1033,1032,1031,1030,1030,1029,1028,1028,1027,1027,1026,1026,1025,1025,1025,1025,1024,1024,1024,1024,1024,1024,1024,1024,1024,1024,1024,1024,1024,1024,1024,1024,1024,1024,1024,1024,1024,1024,1024,1024

lead:aVF
count:520
points:1024,1024,1024,1025,1025,1025,1026,1027,1028,1029,1030,1031,1032,1034,1035,1037,1038,1040,1042,1044,1045,1047,1049,1052,1054,1056,1058,1060,1062,1065,1067,1069,1071,1074,1076,1078,1080,1082,1084,1086,1088,1090,1092,1094,1096,1097,1099,1100,1102,1103,1104,1105,1106,1107,1108,1108,1109,1109,1109,1110,1110,1110,1109,1109,1108,1108,1107,1106,1104,1103,1101,1100,1098,1096,1094,1091,1089,1087,1084,1082,1079,1076,1074,1071,1068,1065,1063,1060,1057,1054,1052,1049,1047,1044,1042,1039,1037,1035,1033,1031,1030,1028,1027,1025,1024,1023,1022,1022,1021,1021,1021,1022,1024,1025,1026,1027,1029,1030,1031,1032,1033,1035,1036,1037,1038,1039,1040,1041,1042,1043,1044,1045,1046,1047,1048,1049,1049,1050,1051,1052,1052,1053,1053,1054,1054,1055,1055,1055,1056,1056,1056,1056,1056,1057,1057,1060,1064,1067,1071,1074,1078,1081,1085,1088,1092,1091,1089,1088,1087,1085,1084,1082,1081,1080,1078,1077,1076,1074,1073,1072,1070,1069,1067,1066,1065,1063,1062,1061,1059,1057,1057,1048,1040,1031,1023,1014,1006,997,989,980,972,963,955,946,938,929,921,912,904,895,887,878,870,853,853,869,885,899,912,925,936,947,956,965,973,980,987,993,998,1003,1007,1010,1013,1016,1018,1019,1021,1022,1023,1023,1024,1024,1024,1024,1024,1024,1025,1025,1025,1025,1026,1026,1026,1027,1027,1027,1027,1028,1028,1028,1029,1029,1029,1029,1030,1030,1030,1031,1031,1031,1031,1032,1032,1032,1033,1033,1033,1034,1034,1034,1034,1035,1035,1035,1036,1036,1036,1036,1037,1037,1037,1038,1038,1038,1038,1039,1039,1039,1040,1040,1040,1040,1041,1041,1041,1042,1042,1042,1042,1043,1043,1043,1044,1044,1044,1044,1045,1045,1045,1046,1046,1046,1046,1047,1047,1048,1048,1048,1048,1048,1048,1048,1048,1049,1049,1049,1050,1050,1051,1051,1052,1053,1053,1054,1055,1055,1056,1057,1058,1059,1060,1061,1062,1063,1064,1065,1066,1067,1069,1070,1071,1072,1074,1075,1076,1078,1079,1080,1082,1083,1085,1086,1088,1089,1090,1092,1093,1095,1096,1098,1099,1101,1102,1104,1105,1107,1108,1110,1111,1113,1114,1115,1117,1118,1120,1121,1122,1123,1125,1126,1127,1128,1130,1131,1132,1133,1134,1135,1136,1137,1138,1139,1140,1140,1141,1142,1143,1143,1144,1144,1145,1146,1146,1146,1147,1147,1147,1148,1148,1148,1148,1148,1148,1148,1148,1148,1147,1147,1146,1145,1144,1143,1142,1140,1139,1137,1136,1134,1132,1130,1128,1126,1123,1121,1119,1116,1114,1111,1109,1106,1103,1100,1097,1095,1092,1089,1086,1083,1080,1078,1075,1072,1069,1066,1064,1061,1058,1056,1053,1051,1049,1046,1044,1042,1040,1038,1037,1035,1033,1032,1031,1029,1028,1027,1026,1026,1025,1025,1024,1024,1024,1024,1024,1024,1024,1024,1024,1024,1024,1024,1024,1024,1024,1024,1024,1024,1024,1024,1024,1024

lead:V1
count:520
points:1024,1024,1024,1024,1025,1025,1026,1027,1028,1028,1029,1031,1032,1033,1034,1036,1037,1039,1041,1042,1044,1046,1048,1050,1052,1054,1056,1058,1060,1062,1065,1067,1069,1071,1073,1075,1077,1079,1081,1083,1085,1087,1088,1090,1092,1093,1095,1096,1097,1099,1100,1101,1102,1102,1103,1104,1104,1105,1105,1105,1105,1105,1105,1104,1104,1103,1102,1101,1100,1099,1097,1096,1094,1092,1090,1088,1086,1084,1081,1079,1076,1074,1071,1069,1066,1064,1061,1058,1056,1053,1051,1048,1046,1044,1041,1039,1037,1035,1033,1032,1030,1029,1027,1026,1025,1024,1023,1023,1022,1022,1022,1022,1022,1022,1022,1022,1022,1022,1022,1022,1022,1022,1022,1022,1022,1022,1022,1022,1022,1022,1022,1022,1021,1021,1021,1021,1021,1021,1020,1020,1020,1020,1019,1019,1018,1018,1017,1017,1016,1016,1015,1014,1014,1012,1012,1015,1018,1020,1023,1026,1029,1032,1035,1037,1040,1035,1029,1023,1017,1011,1006,1000,994,988,982,977,971,965,959,953,948,942,936,930,924,919,913,907,901,890,890,877,865,852,840,827,815,802,790,778,765,753,740,728,715,703,690,678,665,653,640,628,615,590,590,601,612,623,634,645,656,667,678,689,700,711,722,733,744,755,766,777,788,799,810,821,832,843,854,865,876,887,898,920,920,923,926,929,932,935,938,940,943,946,949,952,955,958,961,964,966,969,972,975,978,980,983,986,988,991,994,996,999,1001,1004,1006,1009,1011,1013,1016,1018,1020,1022,1025,1027,1029,1031,1033,1035,1037,1039,1041,1043,1044,1046,1048,1049,1051,1052,1054,1055,1057,1058,1059,1061,1062,1063,1064,1065,1066,1067,1068,1069,1069,1070,1071,1071,1072,1072,1073,1073,1073,1074,1074,1074,1074,1074,1074,1074,1074,1075,1075,1075,1075,1076,1076,1077,1077,1078,1078,1079,1080,1080,1081,1082,1083,1084,1085,1086,1087,1088,1089,1090,1091,1092,1094,1095,1096,1097,1099,1100,1102,1103,1104,1106,1107,1109,1111,1112,1114,1115,1117,1118,1120,1122,1123,1125,1127,1128,1130,1132,1133,1135,1137,1138,1140,1141,1143,1145,1146,1148,1149,1151,1152,1154,1155,1157,1158,1160,1161,1162,1164,1165,1166,1168,1169,1170,1171,1172,1173,1174,1175,1176,1177,1178,1179,1180,1180,1181,1182,1182,1183,1183,1184,1184,1184,1185,1185,1185,1185,1186,1186,1186,1186,1185,1185,1184,1184,1183,1181,1180,1179,1177,1175,1174,1172,1169,1167,1165,1162,1159,1156,1154,1151,1147,1144,1141,1137,1134,1131,1127,1123,1120,1116,1112,1109,1105,1101,1097,1094,1090,1086,1083,1079,1076,1072,1069,1066,1062,1059,1056,1053,1050,1048,1045,1043,1040,1038,1036,1034,1032,1031,1029,1028,1027,1026,1025,1025,1024,1024,1024,1024,1024,1024,1024,1024,1024,1024,1024,1024,1024,1024,1024,1024,1024,1024,1024,1024,1024,1024

lead:V2
count:520
points:1024,1024,1024,1025,1025,1026,1027,1027,1028,1030,1031,1032,1034,1035,1037,1039,1041,1043,1045,1047,1050,1052,1054,1057,1059,1062,1065,1067,1070,1073,1075,1078,1081,1083,1086,1088,1091,1094,1096,1098,1101,1103,1105,1107,1109,1111,1113,1115,1117,1118,1120,1121,1122,1123,1124,1125,1125,1126,1126,1126,1126,1126,1126,1125,1125,1124,1123,1122,1120,1118,1117,1115,1113,1110,1108,1105,1103,1100,1097,1094,1091,1088,1085,1082,1078,1075,1072,1069,1066,1062,1059,1056,1053,1051,1048,1045,1043,1040,1038,1036,1034,1032,1030,1029,1028,1027,1026,1025,1024,1024,1024,1024,1024,1024,1024,1024,1024,1024,1024,1024,1024,1024,1024,1024,1024,1024,1024,1024,1025,1025,1025,1025,1025,1026,1026,1026,1026,1027,1027,1028,1028,1029,1030,1030,1031,1032,1033,1034,1035,1037,1038,1039,1041,1044,1044,1051,1058,1064,1071,1078,1084,1091,1098,1104,1111,1108,1104,1101,1098,1094,1091,1088,1084,1081,1078,1074,1071,1068,1064,1061,1057,1054,1051,1047,1044,1041,1037,1034,1031,1024,1024,1002,981,959,938,916,895,873,852,830,809,787,765,744,722,701,679,658,636,615,593,572,550,507,507,520,534,547,561,574,588,601,615,628,642,655,669,682,696,709,723,736,750,763,777,790,803,817,830,844,857,871,884,911,911,915,918,921,924,928,931,934,937,940,944,947,950,953,956,959,962,965,968,972,975,978,980,983,986,989,992,995,998,1000,1003,1006,1009,1011,1014,1016,1019,1021,1024,1026,1029,1031,1033,1035,1037,1040,1042,1044,1046,1048,1050,1051,1053,1055,1057,1058,1060,1061,1063,1064,1066,1067,1068,1069,1070,1071,1072,1073,1074,1075,1076,1077,1077,1078,1078,1079,1079,1080,1080,1080,1080,1080,1080,1080,1080,1081,1081,1081,1082,1082,1083,1083,1084,1085,1086,1087,1087,1089,1090,1091,1092,1093,1095,1096,1098,1099,1101,1102,1104,1106,1108,1110,1112,1114,1116,1118,1120,1122,1124,1126,1128,1131,1133,1135,1138,1140,1143,1145,1147,1150,1152,1155,1157,1160,1162,1165,1167,1170,1172,1175,1177,1180,1182,1185,1187,1189,1192,1194,1197,1199,1201,1203,1206,1208,1210,1212,1214,1216,1218,1220,1222,1224,1225,1227,1229,1230,1232,1233,1235,1236,1238,1239,1240,1241,1242,1243,1244,1245,1246,1246,1247,1247,1248,1248,1249,1249,1249,1249,1249,1249,1249,1248,1247,1246,1245,1243,1242,1240,1237,1235,1232,1230,1227,1223,1220,1216,1213,1209,1205,1200,1196,1191,1187,1182,1177,1172,1167,1162,1157,1152,1147,1142,1137,1131,1126,1121,1116,1111,1106,1101,1096,1091,1086,1082,1077,1073,1069,1065,1061,1057,1053,1050,1047,1044,1041,1038,1036,1034,1032,1030,1028,1027,1026,1025,1024,1024,1024,1024,1024,1024,1024,1024,1024,1024,1024,1024,1024,1024,1024,1024,1024,1024,1024,1024,1024,1024

lead:V3
count:520
points:1024,1024,1024,1025,1025,1026,1027,1028,1029,1030,1031,1033,1034,1036,1038,1040,1042,1044,1046,1049,1051,1054,1056,1059,1061,1064,1067,1070,1073,1075,1078,1081,1084,1087,1089,1092,1095,1098,1100,1103,1105,1108,1110,1112,1114,1116,1118,1120,1122,1124,1125,1126,1128,1129,1130,1130,1131,1132,1132,1132,1132,1132,1132,1131,1131,1130,1129,1127,1126,1124,1122,1120,1118,1116,1113,1110,1108,1105,1102,1099,1096,1092,1089,1086,1082,1079,1076,1072,1069,1066,1063,1060,1056,1054,1051,1048,1045,1043,1040,1038,1036,1034,1033,1031,1030,1029,1028,1027,1026,1026,1026,1026,1026,1026,1026,1026,1026,1026,1026,1026,1026,1026,1026,1026,1026,1027,1027,1027,1027,1028,1028,1028,1029,1030,1030,1031,1032,1033,1034,1035,1036,1038,1039,1041,1043,1045,1048,1050,1053,1056,1059,1062,1066,1074,1074,1084,1093,1102,1112,1121,1131,1140,1150,1159,1169,1168,1168,1168,1167,1167,1166,1166,1165,1165,1165,1164,1164,1163,1163,1163,1162,1162,1161,1161,1161,1160,1160,1159,1159,1158,1158,1131,1103,1076,1049,1021,994,967,939,912,884,857,830,802,775,747,720,693,665,638,610,583,556,501,501,515,529,543,557,571,585,599,613,627,641,655,668,682,696,710,724,738,752,766,780,794,808,822,836,850,864,878,892,920,920,923,926,929,932,935,938,941,944,947,950,953,956,959,962,965,968,970,973,976,979,982,985,987,990,993,995,998,1001,1003,1006,1008,1011,1013,1016,1018,1020,1023,1025,1027,1030,1032,1034,1036,1038,1040,1042,1044,1046,1047,1049,1051,1053,1054,1056,1057,1059,1060,1062,1063,1064,1065,1067,1068,1069,1070,1071,1072,1072,1073,1074,1075,1075,1076,1076,1077,1077,1077,1078,1078,1078,1078,1078,1078,1078,1078,1079,1079,1080,1080,1081,1082,1082,1083,1084,1085,1087,1088,1089,1091,1092,1094,1095,1097,1099,1101,1102,1104,1106,1109,1111,1113,1115,1118,1120,1122,1125,1127,1130,1133,1135,1138,1141,1144,1146,1149,1152,1155,1158,1161,1164,1167,1170,1173,1176,1179,1182,1185,1187,1190,1193,1196,1199,1202,1205,1208,1211,1214,1216,1219,1222,1224,1227,1230,1232,1235,1237,1240,1242,1244,1246,1249,1251,1253,1255,1257,1258,1260,1262,1264,1265,1267,1268,1269,1271,1272,1273,1274,1275,1276,1276,1277,1277,1278,1278,1279,1279,1279,1279,1279,1279,1278,1277,1276,1274,1272,1270,1268,1266,1263,1260,1257,1253,1250,1246,1242,1237,1233,1228,1224,1219,1214,1208,1203,1198,1192,1186,1181,1175,1169,1163,1157,1152,1146,1140,1134,1128,1122,1117,1111,1105,1100,1095,1089,1084,1079,1075,1070,1066,1061,1057,1053,1050,1046,1043,1040,1037,1035,1033,1031,1029,1027,1026,1025,1025,1024,1024,1024,1024,1024,1024,1024,1024,1024,1024,1024,1024,1024,1024,1024,1024,1024,1024,1024,1024,1024

lead:V4
count:520
points:1024,1024,1024,1025,1025,1026,1026,1027,1028,1029,1031,1032,1033,1035,1037,1038,1040,1042,1044,1046,1048,1051,1053,1055,1058,1060,1063,1065,1068,1070,1073,1075,1078,1080,1083,1085,1088,1090,1093,1095,1097,1099,1101,1103,1105,1107,1109,1111,1112,1114,1115,1116,1117,1118,1119,1120,1120,1121,1121,1121,1122,1121,1121,1121,1120,1119,1118,1117,1116,1114,1113,1111,1109,1107,1105,1102,1100,1097,1095,1092,1089,1086,1083,1080,1078,1075,1072,1069,1066,1063,1060,1057,1055,1052,1049,1047,1045,1042,1040,1038,1037,1035,1033,1032,1031,1030,1029,1028,1028,1028,1028,1028,1028,1028,1028,1028,1028,1028,1028,1028,1028,1028,1028,1028,1028,1029,1029,1029,1030,1030,1031,1031,1032,1033,1034,1035,1036,1037,1039,1041,1043,1045,1047,1049,1052,1055,1059,1062,1066,1070,1075,1080,1085,1097,1097,1107,1118,1129,1140,1151,1162,1173,1184,1194,1205,1208,1211,1213,1216,1219,1221,1224,1227,1229,1232,1235,1237,1240,1243,1245,1248,1251,1253,1256,1259,1261,1264,1267,1269,1275,1275,1246,1217,1188,1158,1129,1100,1071,1042,1013,984,955,926,896,867,838,809,780,751,722,693,664,635,576,576,589,601,613,625,638,650,662,675,687,699,711,724,736,748,761,773,785,797,810,822,834,846,859,871,883,896,908,920,945,945,947,949,952,954,956,959,961,963,966,968,970,973,975,977,979,982,984,986,988,991,993,995,997,999,1001,1003,1005,1007,1009,1011,1013,1015,1017,1019,1021,1023,1024,1026,1028,1030,1031,1033,1035,1036,1038,1039,1041,1042,1044,1045,1046,1048,1049,1050,1051,1052,1053,1055,1056,1057,1057,1058,1059,1060,1061,1062,1062,1063,1064,1064,1065,1065,1065,1066,1066,1066,1067,1067,1067,1067,1067,1067,1067,1067,1068,1068,1068,1069,1069,1070,1071,1072,1073,1074,1075,1076,1077,1078,1080,1081,1083,1085,1086,1088,1090,1092,1094,1096,1098,1100,1102,1105,1107,1110,1112,1114,1117,1120,1122,1125,1128,1130,1133,1136,1139,1142,1145,1148,1151,1154,1157,1160,1163,1166,1169,1172,1175,1178,1181,1184,1186,1189,1192,1195,1198,1201,1204,1207,1209,1212,1215,1217,1220,1223,1225,1228,1230,1232,1235,1237,1239,1241,1243,1245,1247,1249,1251,1253,1254,1256,1257,1259,1260,1261,1262,1264,1265,1265,1266,1267,1268,1268,1269,1269,1269,1270,1270,1270,1270,1269,1269,1268,1267,1265,1263,1262,1259,1257,1254,1251,1248,1245,1241,1238,1234,1230,1225,1221,1216,1212,1207,1202,1197,1191,1186,1181,1175,1170,1164,1158,1153,1147,1141,1136,1130,1124,1119,1113,1108,1103,1097,1092,1087,1082,1077,1073,1068,1064,1060,1056,1052,1049,1046,1042,1040,1037,1034,1032,1030,1029,1027,1026,1025,1025,1024,1024,1024,1024,1024,1024,1024,1024,1024,1024,1024,1024,1024,1024,1024,1024,1024,1024,1024,1024,1024

lead:V5
count:520
points:1024,1024,1024,1024,1025,1025,1026,1026,1027,1028,1029,1030,1031,1032,1033,1035,1036,1037,1039,1040,1042,1044,1045,1047,1049,1051,1053,1054,1056,1058,1060,1062,1064,1066,1068,1069,1071,1073,1075,1076,1078,1080,1081,1083,1084,1086,1087,1088,1089,1090,1091,1092,1093,1094,1094,1095,1095,1096,1096,1096,1096,1096,1096,1096,1095,1095,1094,1093,1092,1091,1090,1088,1087,1086,1084,1082,1081,1079,1077,1075,1073,1071,1069,1067,1065,1062,1060,1058,1056,1054,1052,1050,1048,1046,1044,1043,1041,1039,1038,1036,1035,1034,1033,1032,1031,1030,1030,1029,1029,1029,1029,1029,1029,1029,1029,1029,1029,1029,1029,1029,1029,1029,1029,1029,1030,1030,1030,1030,1031,1031,1032,1033,1034,1035,1036,1037,1038,1040,1042,1044,1046,1048,1051,1054,1057,1060,1064,1068,1073,1077,1083,1088,1094,1108,1108,1118,1129,1139,1150,1161,1171,1182,1192,1203,1213,1219,1224,1229,1235,1240,1245,1250,1256,1261,1266,1272,1277,1282,1287,1293,1298,1303,1309,1314,1319,1324,1330,1335,1340,1351,1351,1324,1298,1272,1245,1219,1193,1166,1140,1114,1087,1061,1034,1008,982,955,929,903,876,850,824,797,771,718,718,727,736,744,753,762,771,779,788,797,806,814,823,832,841,850,858,867,876,885,893,902,911,920,928,937,946,955,964,981,981,982,984,985,986,988,989,990,992,993,994,996,997,998,999,1001,1002,1003,1004,1006,1007,1008,1009,1011,1012,1013,1014,1015,1016,1018,1019,1020,1021,1022,1023,1024,1025,1026,1027,1028,1029,1030,1031,1032,1033,1034,1034,1035,1036,1037,1038,1038,1039,1040,1040,1041,1042,1042,1043,1044,1044,1045,1045,1046,1046,1047,1047,1047,1048,1048,1048,1049,1049,1049,1049,1050,1050,1050,1050,1050,1050,1050,1050,1050,1050,1051,1051,1051,1052,1052,1053,1053,1054,1055,1056,1057,1058,1059,1060,1061,1062,1064,1065,1066,1068,1070,1071,1073,1075,1076,1078,1080,1082,1084,1086,1088,1091,1093,1095,1097,1100,1102,1104,1107,1109,1112,1114,1116,1119,1122,1124,1127,1129,1132,1134,1137,1139,1142,1145,1147,1150,1152,1155,1157,1160,1162,1165,1167,1169,1172,1174,1176,1179,1181,1183,1185,1187,1189,1191,1193,1195,1197,1199,1201,1202,1204,1206,1207,1209,1210,1211,1213,1214,1215,1216,1217,1218,1219,1220,1220,1221,1222,1222,1223,1223,1223,1223,1223,1223,1223,1223,1223,1222,1221,1220,1218,1217,1215,1213,1211,1209,1206,1203,1200,1197,1194,1191,1187,1184,1180,1176,1172,1168,1164,1160,1155,1151,1147,1142,1138,1133,1128,1124,1119,1115,1110,1105,1101,1096,1092,1088,1083,1079,1075,1071,1067,1064,1060,1057,1053,1050,1047,1044,1041,1039,1037,1034,1032,1031,1029,1028,1027,1026,1025,1024,1024,1024,1024,1024,1024,1024,1024,1024,1024,1024,1024,1024,1024,1024,1024,1024,1024,1024,1024,1024,1024

lead:V6
count:520
points:1024,1024,1024,1024,1024,1025,1025,1025,1026,1026,1026,1027,1027,1028,1029,1029,1030,1031,1031,1032,1033,1034,1035,1035,1036,1037,1038,1039,1040,1041,1042,1043,1044,1045,1046,1047,1047,1048,1049,1050,1051,1052,1052,1053,1054,1055,1055,1056,1056,1057,1057,1058,1058,1059,1059,1059,1059,1060,1060,1060,1060,1060,1060,1060,1059,1059,1059,1058,1058,1057,1057,1056,1056,1055,1054,1054,1053,1052,1051,1050,1049,1048,1047,1046,1045,1044,1044,1043,1042,1041,1040,1039,1038,1037,1036,1035,1035,1034,1033,1033,1032,1032,1031,1031,1030,1030,1030,1029,1029,1029,1029,1032,1035,1037,1040,1043,1045,1048,1051,1053,1056,1059,1061,1063,1066,1068,1071,1073,1075,1077,1079,1081,1083,1085,1087,1089,1091,1092,1094,1095,1097,1098,1099,1100,1101,1102,1103,1104,1104,1105,1105,1105,1106,1106,1106,1110,1114,1118,1122,1126,1130,1134,1138,1142,1145,1149,1153,1157,1161,1165,1169,1173,1177,1181,1185,1189,1193,1206,1219,1232,1246,1259,1272,1285,1298,1311,1325,1338,1351,1377,1377,1358,1338,1318,1299,1279,1260,1240,1220,1201,1181,1161,1142,1122,1103,1083,1063,1044,1024,1004,985,965,945,906,906,918,928,938,947,956,964,971,978,984,989,994,999,1003,1006,1009,1012,1014,1016,1018,1020,1021,1022,1023,1023,1023,1024,1024,1024,1024,1024,1024,1024,1024,1024,1024,1024,1024,1024,1025,1025,1025,1025,1025,1025,1025,1025,1025,1025,1025,1025,1025,1025,1025,1025,1026,1026,1026,1026,1026,1026,1026,1026,1026,1026,1026,1026,1026,1026,1026,1026,1027,1027,1027,1027,1027,1027,1027,1027,1027,1027,1027,1027,1027,1027,1027,1027,1028,1028,1028,1028,1028,1028,1028,1028,1028,1028,1028,1028,1028,1028,1028,1028,1029,1029,1029,1029,1029,1029,1029,1029,1029,1029,1029,1029,1029,1030,1030,1030,1030,1031,1031,1032,1032,1033,1033,1034,1035,1036,1036,1037,1038,1039,1040,1041,1042,1043,1045,1046,1047,1048,1050,1051,1052,1054,1055,1057,1058,1060,1061,1063,1064,1066,1067,1069,1071,1072,1074,1076,1078,1079,1081,1083,1085,1086,1088,1090,1091,1093,1095,1097,1098,1100,1102,1104,1105,1107,1109,1110,1112,1113,1115,1116,1118,1119,1121,1122,1124,1125,1126,1128,1129,1130,1131,1133,1134,1135,1136,1137,1138,1139,1140,1140,1141,1142,1143,1143,1144,1144,1145,1145,1146,1146,1146,1146,1147,1147,1147,1147,1147,1147,1146,1146,1145,1145,1144,1143,1142,1140,1139,1138,1136,1134,1133,1131,1129,1127,1125,1122,1120,1118,1115,1113,1110,1108,1105,1102,1100,1097,1094,1091,1088,1085,1083,1080,1077,1074,1071,1069,1066,1063,1061,1058,1056,1053,1051,1048,1046,1044,1042,1040,1038,1036,1035,1033,1032,1030,1029,1028,1027,1026,1026,1025,1025,1024,1024,1024,1024,1024,1024,1024,1024,1024,1024,1024,1024,1024,1024,1024,1024,1024,1024,1024,1024,1024,1024

